276 106 206
206 106 276
106 206 276
270 186 218
218 186 270
186 218 270
70 23 146
146 23 70
23 70 146
209 159 214
214 159 209
159 209 214
78 72 252
252 72 78
72 78 252
79 247 257
247 79 257
257 79 247
229 149 166
166 149 229
149 166 229
191 103 152
103 152 191
152 103 191
151 150 224
224 150 151
150 151 224
104 128 231
128 104 231
231 104 128
29 36 168
168 29 36
36 29 168
232 155 171
155 171 232
171 155 232
238 11 86
86 11 238
11 86 238
9 33 88
33 9 88
88 9 33
271 215 244
244 215 271
215 244 271
4 143 216
216 4 143
143 4 216
297 219 265
219 265 297
265 219 297
80 60 69
60 69 80
69 60 80
82 27 259
259 27 82
27 82 259
30 144 179
144 30 179
179 30 144
141 108 207
207 108 141
108 141 207
198 14 295
295 14 198
14 198 295
81 136 274
136 81 274
274 81 136
52 8 237
8 52 237
237 8 52
217 46 93
93 46 217
46 93 217
35 188 294
188 35 294
294 35 188
212 163 241
163 212 241
241 163 212
120 170 182
182 120 170
170 120 182
162 89 298
298 89 162
89 162 298
121 100 112
100 112 121
112 100 121
197 90 190
190 90 197
90 190 197
137 37 38
38 37 137
37 38 137
236 48 256
48 236 256
256 48 236
196 240 246
246 196 240
240 196 246
24 49 176
49 24 176
176 24 49
115 116 142
142 115 116
116 115 142
268 221 263
263 221 268
221 263 268
83 6 26
6 26 83
26 6 83
67 62 117
62 67 117
117 62 67
85 18 73
73 18 85
18 73 85
245 165 225
225 165 245
165 225 245
32 158 189
158 32 189
189 32 158
254 192 296
192 254 296
296 192 254
279 132 280
132 279 280
280 132 279
249 130 210
210 130 249
130 210 249
200 50 178
178 50 200
50 178 200
194 193 242
193 194 242
242 193 194
28 56 63
56 28 63
63 28 56
251 71 293
293 71 251
71 251 293
68 54 248
248 54 68
54 68 248
230 15 98
15 98 230
98 15 230
187 154 234
234 154 187
154 187 234
41 74 223
223 41 74
74 41 223
147 17 175
17 147 175
175 17 147
253 134 283
283 134 253
134 253 283
97 58 127
58 97 127
127 58 97
101 205 235
235 101 205
205 101 235
156 258 269
258 156 269
269 156 258
114 31 289
31 114 289
289 31 114
5 161 264
264 5 161
161 5 264
22 65 102
65 22 102
102 22 65
277 53 75
53 75 277
75 53 277
233 222 261
261 222 233
222 233 261
125 124 272
272 124 125
124 125 272
42 10 77
77 10 42
10 42 77
180 243 267
243 180 267
267 180 243
140 172 282
172 140 282
282 140 172
262 12 47
47 12 262
12 47 262
109 278 286
278 109 286
286 109 278
160 34 177
177 34 160
34 160 177
300 174 208
174 208 300
208 174 300
287 220 227
220 227 287
227 220 287
131 55 61
55 61 131
61 55 131
281 99 239
239 99 281
99 239 281
250 7 226
226 7 250
7 226 250
291 110 111
110 111 291
111 110 291
118 66 183
66 118 183
183 66 118
1 96 273
96 1 273
273 1 96
153 145 288
145 153 288
288 145 153
20 92 195
195 20 92
92 20 195
43 57 203
57 43 203
203 43 57
84 2 13
2 13 84
13 2 84
129 113 228
113 129 228
228 113 129
199 184 204
204 184 199
184 199 204
213 139 164
164 139 213
139 164 213
169 173 299
299 169 173
173 169 299
211 91 123
91 123 211
123 91 211
167 76 138
76 138 167
138 76 167
39 40 255
255 39 40
40 39 255
266 45 107
107 45 266
45 107 266
260 16 202
202 16 260
16 202 260
64 119 185
185 64 119
119 64 185
292 133 284
133 284 292
284 133 292
285 25 126
126 25 285
25 126 285
59 148 157
148 59 157
157 59 148
135 3 44
44 3 135
3 44 135
87 94 122
94 87 122
122 87 94
181 51 201
51 181 201
201 51 181
19 105 290
290 19 105
105 19 290
275 21 95
95 21 275
21 95 275
