2640 1119 2348
1119 2348 2640
2348 1119 2640
2605 369 1820
369 1820 2605
1820 369 2605
675 1084 1725
1725 675 1084
1084 675 1725
200 628 2356
2356 200 628
628 200 2356
2458 1899 2634
2634 1899 2458
1899 2458 2634
2022 1909 2712
1909 2022 2712
2712 1909 2022
2279 673 1804
673 1804 2279
1804 673 2279
2387 932 2231
932 2231 2387
2231 932 2387
1332 342 1792
342 1332 1792
1792 342 1332
1873 1628 2864
2864 1628 1873
1628 1873 2864
1710 734 1736
734 1710 1736
1736 734 1710
2562 1200 1532
1532 1200 2562
1200 1532 2562
2234 176 1258
1258 176 2234
176 1258 2234
1961 100 899
100 899 1961
899 100 1961
1031 1032 2642
2642 1031 1032
1032 1031 2642
961 161 1738
161 961 1738
1738 161 961
1686 237 1179
237 1179 1686
1179 237 1686
2537 607 2930
607 2537 2930
2930 607 2537
2428 1779 2593
1779 2428 2593
2593 1779 2428
93 112 2736
112 93 2736
2736 93 112
870 804 1005
1005 804 870
804 870 1005
532 2542 2667
2667 532 2542
2542 532 2667
2272 152 764
152 764 2272
764 152 2272
173 26 87
26 87 173
87 26 173
2743 1587 2339
2339 1587 2743
1587 2339 2743
2176 426 2706
426 2176 2706
2706 426 2176
1321 1863 2058
2058 1321 1863
1863 1321 2058
1209 94 235
94 235 1209
235 94 1209
1621 573 2535
573 1621 2535
2535 573 1621
1896 78 2747
2747 78 1896
78 1896 2747
686 806 912
806 686 912
912 686 806
1882 1108 1929
1108 1882 1929
1929 1108 1882
486 438 2574
438 486 2574
2574 438 486
2444 2405 2881
2405 2444 2881
2881 2405 2444
1506 1164 1462
1462 1164 1506
1164 1462 1506
2852 423 1775
423 1775 2852
1775 423 2852
442 1790 1967
1967 442 1790
1790 442 1967
1132 151 2516
2516 151 1132
151 1132 2516
640 1305 1553
1305 640 1553
1553 640 1305
699 476 1728
1728 476 699
476 699 1728
1066 480 1149
1149 480 1066
480 1066 1149
1810 814 890
890 814 1810
814 890 1810
2043 1376 2027
1376 2027 2043
2027 1376 2043
2603 1196 1248
1196 1248 2603
1248 1196 2603
399 316 733
733 316 399
316 399 733
2585 2092 2161
2161 2092 2585
2092 2161 2585
770 1618 2163
1618 770 2163
2163 770 1618
2075 1527 2544
2544 1527 2075
1527 2075 2544
223 535 881
881 223 535
535 223 881
95 1306 2012
2012 95 1306
1306 95 2012
224 1555 2644
1555 224 2644
2644 224 1555
1181 167 980
980 167 1181
167 980 1181
2610 1421 1747
1421 1747 2610
1747 1421 2610
546 2 1758
1758 2 546
2 546 1758
98 739 2548
739 98 2548
2548 98 739
1864 507 741
507 741 1864
741 507 1864
2149 501 1217
1217 501 2149
501 1217 2149
878 60 1395
1395 60 878
60 878 1395
1956 1680 2263
1680 1956 2263
2263 1680 1956
560 909 1964
909 560 1964
1964 560 909
511 1283 2085
2085 511 1283
1283 511 2085
2956 707 1145
1145 707 2956
707 1145 2956
2019 1360 2760
2760 1360 2019
1360 2019 2760
328 425 2904
2904 328 425
425 328 2904
1194 125 863
125 863 1194
863 125 1194
2757 145 1134
1134 145 2757
145 1134 2757
1021 1030 1849
1030 1021 1849
1849 1021 1030
2164 1719 2609
1719 2164 2609
2609 1719 2164
638 1803 2729
1803 638 2729
2729 638 1803
1271 1660 1898
1660 1271 1898
1898 1271 1660
2961 291 1270
1270 291 2961
291 1270 2961
2047 303 2503
2503 303 2047
303 2047 2503
1287 2323 2449
2449 1287 2323
2323 1287 2449
1979 1400 2216
1400 1979 2216
2216 1400 1979
1586 929 2573
2573 929 1586
929 1586 2573
2194 1602 2208
1602 2194 2208
2208 1602 2194
926 2402 2558
2402 926 2558
2558 926 2402
2728 1 2491
1 2491 2728
2491 1 2728
1583 225 1737
225 1583 1737
1737 225 1583
2771 944 2091
2091 944 2771
944 2091 2771
1026 119 1491
119 1026 1491
1491 119 1026
2951 2021 2762
2762 2021 2951
2021 2762 2951
598 805 1494
1494 598 805
805 598 1494
2522 1045 1401
1045 1401 2522
1401 1045 2522
1235 244 1023
244 1023 1235
1023 244 1235
206 651 2787
2787 206 651
651 206 2787
2064 1812 2485
2485 1812 2064
1812 2064 2485
1314 783 1808
1808 783 1314
783 1314 1808
54 1980 2049
2049 54 1980
1980 54 2049
2003 10 1894
10 1894 2003
1894 10 2003
1943 1037 1904
1037 1904 1943
1904 1037 1943
1580 51 1242
51 1242 1580
1242 51 1580
199 1240 1382
1382 199 1240
1240 199 1382
2576 2097 2143
2097 2143 2576
2143 2097 2576
2591 32 1622
1622 32 2591
32 1622 2591
2185 1733 2673
1733 2185 2673
2673 1733 2185
589 2065 3000
2065 589 3000
3000 589 2065
459 1260 2618
1260 459 2618
2618 459 1260
2354 2826 2939
2826 2354 2939
2939 2354 2826
1298 2195 2359
2195 1298 2359
2359 1298 2195
1367 1443 2436
2436 1367 1443
1443 1367 2436
586 531 1661
1661 531 586
531 586 1661
2937 629 1869
1869 629 2937
629 1869 2937
436 605 2385
605 436 2385
2385 436 605
2577 547 1356
1356 547 2577
547 1356 2577
1983 680 1550
680 1550 1983
1550 680 1983
2037 802 1905
802 1905 2037
1905 802 2037
1926 1541 2701
2701 1541 1926
1541 1926 2701
8 956 965
965 8 956
956 8 965
276 520 2181
520 276 2181
2181 276 520
2964 785 1343
785 1343 2964
1343 785 2964
14 232 644
644 14 232
232 14 644
791 575 581
575 581 791
581 575 791
1518 1552 1755
1755 1518 1552
1552 1518 1755
2767 1744 1777
1777 1744 2767
1744 1777 2767
1887 88 633
88 633 1887
633 88 1887
722 212 2419
2419 212 722
212 722 2419
2978 842 2023
842 2023 2978
2023 842 2978
970 2276 2312
2276 970 2312
2312 970 2276
1304 997 1551
1551 997 1304
997 1304 1551
2278 229 2579
229 2278 2579
2579 229 2278
1638 1012 2017
2017 1012 1638
1012 1638 2017
1910 1880 2334
2334 1880 1910
1880 1910 2334
228 1334 2483
1334 228 2483
2483 228 1334
1485 1236 2878
1236 1485 2878
2878 1236 1485
821 1789 2205
2205 821 1789
1789 821 2205
2030 1358 1626
1626 1358 2030
1358 1626 2030
2504 2394 2406
2406 2394 2504
2394 2406 2504
2473 648 1219
648 1219 2473
1219 648 2473
2209 121 1442
1442 121 2209
121 1442 2209
510 612 2018
2018 510 612
612 510 2018
1528 1398 2643
1398 1528 2643
2643 1398 1528
776 1734 2066
1734 776 2066
2066 776 1734
1414 304 1000
1000 304 1414
304 1000 1414
171 1970 2836
1970 171 2836
2836 171 1970
1103 260 2919
2919 260 1103
260 1103 2919
811 1172 2508
2508 811 1172
1172 811 2508
266 1612 2979
2979 266 1612
1612 266 2979
2584 233 2600
233 2584 2600
2600 233 2584
419 1867 2931
2931 419 1867
1867 419 2931
1786 526 2297
526 1786 2297
2297 526 1786
2800 1184 1468
1184 1468 2800
1468 1184 2800
2506 502 914
502 914 2506
914 502 2506
1897 2333 2920
2333 1897 2920
2920 1897 2333
311 83 2480
83 311 2480
2480 83 311
2067 4 2530
4 2067 2530
2530 4 2067
872 146 2704
2704 146 872
146 872 2704
1312 1659 2122
2122 1312 1659
1659 1312 2122
1917 529 787
787 529 1917
529 787 1917
127 25 1559
25 127 1559
1559 25 127
2034 396 981
396 981 2034
981 396 2034
1924 868 1416
1416 868 1924
868 1416 1924
2426 1655 1915
1655 1915 2426
1915 1655 2426
2954 1740 2120
1740 2120 2954
2120 1740 2954
444 1682 2042
2042 444 1682
1682 444 2042
461 490 1046
490 461 1046
1046 461 490
666 1538 2218
1538 666 2218
2218 666 1538
882 681 2754
2754 681 882
681 882 2754
659 2050 2750
2750 659 2050
2050 659 2750
1281 1216 2915
1216 1281 2915
2915 1216 1281
424 312 1386
1386 312 424
312 424 1386
704 949 2633
949 704 2633
2633 704 949
1590 524 2682
524 1590 2682
2682 524 1590
2674 202 1361
202 1361 2674
1361 202 2674
2665 1170 2652
1170 2652 2665
2652 1170 2665
1107 2777 2858
2777 1107 2858
2858 1107 2777
2420 113 197
197 113 2420
113 197 2420
2565 40 2013
40 2013 2565
2013 40 2565
79 2153 2991
2991 79 2153
2153 79 2991
702 1913 2345
2345 702 1913
1913 702 2345
2775 1001 2440
1001 2440 2775
2440 1001 2775
1385 1040 1778
1040 1385 1778
1778 1040 1385
1498 2033 2311
2033 1498 2311
2311 1498 2033
1180 967 1741
967 1180 1741
1741 967 1180
289 1691 1718
1691 289 1718
1718 289 1691
376 590 1625
1625 376 590
590 376 1625
1999 1893 2630
1893 1999 2630
2630 1893 1999
2308 67 1034
67 1034 2308
1034 67 2308
1531 990 1009
990 1009 1531
1009 990 1531
2569 1748 2742
1748 2569 2742
2742 1748 2569
1770 409 2943
409 1770 2943
2943 409 1770
1842 2307 2563
2307 1842 2563
2563 1842 2307
518 449 1322
1322 449 518
449 518 1322
2083 493 2254
493 2083 2254
2254 493 2083
2860 873 2974
2974 873 2860
873 2860 2974
596 1074 2089
1074 596 2089
2089 596 1074
2655 630 1020
1020 630 2655
630 1020 2655
1464 650 898
650 898 1464
898 650 1464
2341 904 973
904 973 2341
973 904 2341
955 71 2910
2910 71 955
71 955 2910
2900 1928 2131
2131 1928 2900
1928 2131 2900
1624 1015 2792
2792 1015 1624
1015 1624 2792
1388 2390 2529
2390 1388 2529
2529 1388 2390
2224 1546 1985
1546 1985 2224
1985 1546 2224
2222 226 279
226 279 2222
279 226 2222
2375 781 2580
781 2375 2580
2580 781 2375
188 2317 2998
2317 188 2998
2998 188 2317
2725 2053 2670
2670 2053 2725
2053 2670 2725
2285 2829 2916
2916 2285 2829
2829 2285 2916
1081 1800 2718
2718 1081 1800
1800 1081 2718
1940 177 2839
2839 177 1940
177 1940 2839
2294 840 2011
840 2011 2294
2011 840 2294
2364 1851 2990
2990 1851 2364
1851 2364 2990
2417 30 1646
1646 30 2417
30 1646 2417
1100 156 1102
156 1100 1102
1102 156 1100
1475 250 2934
250 1475 2934
2934 250 1475
1944 1232 2717
1232 1944 2717
2717 1232 1944
1068 1793 2776
1793 1068 2776
2776 1068 1793
2782 356 1230
356 1230 2782
1230 356 2782
1681 836 2722
2722 836 1681
836 1681 2722
1753 565 1452
1452 565 1753
565 1452 1753
2349 333 1720
333 1720 2349
1720 333 2349
2658 336 2160
2160 336 2658
336 2160 2658
1633 1268 2001
2001 1268 1633
1268 1633 2001
2267 1139 2837
1139 2267 2837
2837 1139 2267
1603 1054 2157
2157 1054 1603
1054 1603 2157
2287 287 2246
287 2246 2287
2246 287 2287
70 1088 1745
1745 70 1088
1088 70 1745
671 261 1294
261 671 1294
1294 261 671
1419 2533 2543
2543 1419 2533
2533 1419 2543
1238 2445 2770
2770 1238 2445
2445 1238 2770
860 2874 2955
2874 860 2955
2955 860 2874
1282 758 1482
1482 758 1282
758 1282 1482
2880 1355 2619
1355 2619 2880
2619 1355 2880
283 561 1481
561 283 1481
1481 283 561
323 1006 2899
1006 323 2899
2899 323 1006
2523 286 2340
286 2340 2523
2340 286 2523
728 332 1090
332 728 1090
1090 332 728
1704 477 2993
477 1704 2993
2993 477 1704
2707 2468 2994
2994 2468 2707
2468 2707 2994
727 1469 2854
1469 727 2854
2854 727 1469
1326 6 401
6 401 1326
401 6 1326
1903 635 2539
2539 635 1903
635 1903 2539
330 509 911
911 330 509
509 330 911
1754 1451 1572
1572 1451 1754
1451 1572 1754
214 1437 2946
2946 214 1437
1437 214 2946
1092 80 2766
2766 80 1092
80 1092 2766
2959 717 1853
717 1853 2959
1853 717 2959
2791 278 1210
1210 278 2791
278 1210 2791
2492 372 1135
372 1135 2492
1135 372 2492
47 325 2645
2645 47 325
325 47 2645
2845 313 1076
1076 313 2845
313 1076 2845
2335 742 1335
1335 742 2335
742 1335 2335
534 468 1346
468 534 1346
1346 468 534
769 2045 2274
2274 769 2045
2045 769 2274
2478 1344 2936
1344 2478 2936
2936 1344 2478
1057 1127 2838
2838 1057 1127
1127 1057 2838
530 1668 2922
2922 530 1668
1668 530 2922
2380 2540 2947
2947 2380 2540
2540 2380 2947
2783 738 1690
1690 738 2783
738 1690 2783
1517 337 1165
337 1165 1517
1165 337 1517
2695 813 1403
1403 813 2695
813 1403 2695
583 428 2997
2997 428 583
428 583 2997
1757 735 1881
735 1757 1881
1881 735 1757
1703 1345 2071
1345 1703 2071
2071 1345 1703
391 215 2933
2933 215 391
215 391 2933
1998 473 2094
473 1998 2094
2094 473 1998
2328 474 2895
2895 474 2328
474 2328 2895
1301 84 726
726 84 1301
84 726 1301
801 45 859
45 801 859
859 45 801
1674 274 2744
274 1674 2744
2744 274 1674
265 2259 2432
2259 265 2432
2432 265 2259
343 1859 2056
1859 343 2056
2056 343 1859
692 437 1175
437 692 1175
1175 437 692
1124 318 2969
318 1124 2969
2969 318 1124
465 1397 1600
1397 465 1600
1600 465 1397
97 310 2166
310 97 2166
2166 97 310
2331 231 551
551 231 2331
231 551 2331
2080 714 2876
714 2080 2876
2876 714 2080
779 618 1723
1723 618 779
618 779 1723
2590 1250 2651
2651 1250 2590
1250 2590 2651
2615 1316 2764
2764 1316 2615
1316 2615 2764
1317 812 2475
2475 812 1317
812 1317 2475
1063 366 748
748 366 1063
366 748 1063
2429 211 1976
1976 211 2429
211 1976 2429
1246 114 1458
1458 114 1246
114 1246 1458
2865 159 1678
159 1678 2865
1678 159 2865
2182 1535 2268
1535 2182 2268
2268 1535 2182
2046 11 2400
11 2046 2400
2400 11 2046
1992 676 1993
1993 676 1992
676 1992 1993
2914 346 625
625 346 2914
346 625 2914
900 361 793
793 361 900
361 793 900
846 2238 2360
2360 846 2238
2238 846 2360
116 2286 2773
2773 116 2286
2286 116 2773
43 1272 1347
1347 43 1272
1272 43 1347
384 290 1308
290 384 1308
1308 290 384
393 344 2541
2541 344 393
344 393 2541
15 1016 2329
2329 15 1016
1016 15 2329
166 420 1049
420 166 1049
1049 166 420
2202 488 2187
2187 488 2202
488 2187 2202
693 272 1152
272 693 1152
1152 272 693
1440 68 876
876 68 1440
68 876 1440
2256 1310 1620
1620 1310 2256
1310 1620 2256
570 307 2698
2698 307 570
307 570 2698
1153 1261 1968
1968 1153 1261
1261 1153 1968
2654 2494 2812
2812 2494 2654
2494 2654 2812
665 654 2944
2944 654 665
654 665 2944
433 1619 1657
1619 433 1657
1657 433 1619
2228 1010 2958
2958 1010 2228
1010 2228 2958
2367 108 2971
108 2367 2971
2971 108 2367
64 1295 2005
1295 64 2005
2005 64 1295
886 1751 1955
1955 886 1751
1751 886 1955
1504 1610 2127
1610 1504 2127
2127 1504 1610
1783 253 906
906 253 1783
253 906 1783
1563 308 2152
308 1563 2152
2152 308 1563
2302 270 1141
270 1141 2302
1141 270 2302
2875 1912 2598
2598 1912 2875
1912 2598 2875
190 20 2173
2173 20 190
20 190 2173
179 566 809
809 179 566
566 179 809
1651 998 1390
1390 998 1651
998 1390 1651
2055 2051 2086
2086 2051 2055
2051 2055 2086
958 24 1814
1814 24 958
24 958 1814
1183 747 1069
747 1069 1183
1069 747 1183
1431 106 1201
106 1201 1431
1201 106 1431
2921 1463 2271
1463 2271 2921
2271 1463 2921
525 56 558
56 525 558
558 56 525
66 81 2732
2732 66 81
81 66 2732
481 183 2882
2882 183 481
183 481 2882
1249 1011 1599
1599 1011 1249
1011 1249 1599
306 820 1372
1372 306 820
820 306 1372
154 2623 2702
2623 154 2702
2702 154 2623
2785 1815 2688
2688 1815 2785
1815 2688 2785
1768 1353 1797
1353 1768 1797
1797 1353 1768
2602 383 834
834 383 2602
383 834 2602
2025 208 829
829 208 2025
208 829 2025
1765 2689 2945
2689 1765 2945
2945 1765 2689
1645 456 1489
1489 456 1645
456 1489 1645
185 1466 1966
1466 185 1966
1966 185 1466
2054 96 2855
2855 96 2054
96 2054 2855
2853 1836 2379
1836 2379 2853
2379 1836 2853
1154 2467 2566
2566 1154 2467
2467 1154 2566
523 1653 2411
2411 523 1653
1653 523 2411
1500 1370 2759
1370 1500 2759
2759 1370 1500
1262 2281 2986
2986 1262 2281
2281 1262 2986
2292 1634 1656
1634 1656 2292
1656 1634 2292
1328 246 1813
246 1328 1813
1813 246 1328
1890 2441 2716
2716 1890 2441
2441 1890 2716
357 132 1158
1158 132 357
132 357 1158
257 1404 1759
1759 257 1404
1404 257 1759
2941 377 761
761 377 2941
377 761 2941
2450 27 539
27 539 2450
539 27 2450
972 1444 1832
1444 972 1832
1832 972 1444
441 2211 2795
2211 441 2795
2795 441 2211
1938 822 880
880 822 1938
822 880 1938
2929 1142 2336
2336 1142 2929
1142 2336 2929
2448 1274 2980
1274 2448 2980
2980 1274 2448
937 446 1467
446 937 1467
1467 446 937
505 1086 1932
1086 505 1932
1932 505 1086
1510 542 1969
1969 542 1510
542 1510 1969
458 757 1978
1978 458 757
757 458 1978
2664 209 240
209 240 2664
240 209 2664
841 2139 2662
2662 841 2139
2139 841 2662
711 99 503
503 99 711
99 503 711
2626 1874 2546
2546 1874 2626
1874 2546 2626
1435 1852 1892
1892 1435 1852
1852 1435 1892
1821 653 1243
1243 653 1821
653 1243 1821
353 1146 1410
1146 353 1410
1410 353 1146
645 933 1637
1637 645 933
933 645 1637
1207 718 1171
718 1171 1207
1171 718 1207
1286 985 2752
985 1286 2752
2752 985 1286
522 42 1223
1223 42 522
42 522 1223
2177 843 2884
2884 843 2177
843 2177 2884
1663 1761 2536
2536 1663 1761
1761 1663 2536
2408 617 1769
617 1769 2408
1769 617 2408
115 2026 2938
2026 115 2938
2938 115 2026
1828 1320 1450
1450 1320 1828
1320 1450 1828
2466 830 2513
2513 830 2466
830 2466 2513
288 1383 1829
1383 288 1829
1829 288 1383
392 485 1289
1289 392 485
485 392 1289
380 198 2321
198 380 2321
2321 198 380
1055 614 1379
614 1055 1379
1379 614 1055
1935 516 2258
516 1935 2258
2258 516 1935
514 44 1429
44 514 1429
1429 44 514
387 248 2780
2780 248 387
248 387 2780
273 453 2571
2571 273 453
453 273 2571
2250 1351 2589
2589 1351 2250
1351 2250 2589
2761 2124 2798
2124 2761 2798
2798 2124 2761
1455 585 1473
585 1455 1473
1473 585 1455
302 218 1366
218 302 1366
1366 218 302
2894 652 1047
1047 652 2894
652 1047 2894
2386 140 636
636 140 2386
140 636 2386
2240 730 1406
730 1406 2240
1406 730 2240
1208 138 943
138 943 1208
943 138 1208
549 264 1472
1472 264 549
264 549 1472
2241 1025 2035
1025 2035 2241
2035 1025 2241
2213 2604 2680
2604 2213 2680
2680 2213 2604
479 37 234
234 37 479
37 234 479
978 74 386
386 74 978
74 386 978
2168 107 201
201 107 2168
107 201 2168
2169 463 705
705 463 2169
463 705 2169
434 259 2245
259 434 2245
2245 259 434
2464 810 2856
2856 810 2464
810 2464 2856
506 639 2389
2389 506 639
639 506 2389
2748 871 2813
2813 871 2748
871 2748 2813
2487 790 2242
790 2242 2487
2242 790 2487
2918 543 1507
1507 543 2918
543 1507 2918
2358 1667 1712
1667 1712 2358
1712 1667 2358
854 341 818
818 341 854
341 818 854
262 2352 2778
2778 262 2352
2352 262 2778
2459 1357 1511
1511 1357 2459
1357 1511 2459
568 1324 1448
1324 568 1448
1448 568 1324
1003 2416 2423
2423 1003 2416
2416 1003 2423
492 1432 2430
1432 492 2430
2430 492 1432
1077 1197 1557
1557 1077 1197
1197 1077 1557
924 1002 1101
1101 924 1002
1002 924 1101
2714 528 2981
2981 528 2714
528 2714 2981
1041 615 2888
2888 615 1041
615 1041 2888
7 21 925
21 7 925
925 7 21
1091 164 706
706 164 1091
164 706 1091
1807 347 2507
2507 347 1807
347 1807 2507
852 2010 2186
2186 852 2010
2010 852 2186
2106 960 1479
1479 960 2106
960 1479 2106
788 2561 2962
2962 788 2561
2561 788 2962
572 1224 2802
2802 572 1224
1224 572 2802
385 414 1329
414 385 1329
1329 385 414
2578 2068 2835
2068 2578 2835
2835 2068 2578
149 2159 2683
2683 149 2159
2159 149 2683
2790 1136 2908
2908 1136 2790
1136 2790 2908
2774 2303 2412
2303 2412 2774
2412 2303 2774
2833 508 1802
508 1802 2833
1802 508 2833
1089 894 1834
894 1089 1834
1834 894 1089
133 186 1850
1850 133 186
186 133 1850
2249 252 2315
252 2249 2315
2315 252 2249
847 329 1062
329 847 1062
1062 329 847
2391 1636 2866
2866 1636 2391
1636 2391 2866
1838 355 1178
355 1178 1838
1178 355 1838
1921 245 982
982 245 1921
245 982 1921
667 163 1490
163 667 1490
1490 163 667
292 1605 2148
1605 292 2148
2148 292 1605
796 1739 2103
1739 796 2103
2103 796 1739
1038 1565 1785
1785 1038 1565
1565 1038 1785
1085 53 848
53 848 1085
848 53 1085
1257 936 1962
936 1257 1962
1962 936 1257
729 2226 2309
2309 729 2226
2226 729 2309
1794 1097 1202
1097 1202 1794
1202 1097 1794
2370 1995 2820
1995 2370 2820
2820 1995 2370
1140 1123 2330
1123 1140 2330
2330 1123 1140
49 725 1547
1547 49 725
725 49 1547
660 1724 2733
2733 660 1724
1724 660 2733
858 1721 1996
1996 858 1721
1721 858 1996
2581 1519 2521
2521 1519 2581
1519 2521 2581
2851 1811 2382
2382 1811 2851
1811 2382 2851
39 602 2293
2293 39 602
602 39 2293
2137 800 2617
800 2137 2617
2617 800 2137
920 359 2797
359 920 2797
2797 359 920
128 1350 2078
1350 128 2078
2078 128 1350
694 35 837
35 694 837
837 35 694
2142 1540 1827
1540 1827 2142
1827 1540 2142
2474 922 2935
2935 922 2474
922 2474 2935
2821 412 1886
1886 412 2821
412 1886 2821
1195 724 1862
724 1195 1862
1862 724 1195
853 815 1514
815 853 1514
1514 815 853
169 295 1017
295 169 1017
1017 169 295
649 1048 1997
1997 649 1048
1048 649 1997
2210 643 1989
643 1989 2210
1989 643 2210
2409 545 901
901 545 2409
545 901 2409
2460 1337 2000
1337 2000 2460
2000 1337 2460
952 1125 2686
1125 952 2686
2686 952 1125
1675 964 1044
1044 964 1675
964 1044 1675
855 1918 2859
1918 855 2859
2859 855 1918
1378 611 2650
611 1378 2650
2650 611 1378
61 144 388
144 61 388
388 61 144
2731 1013 1692
1692 1013 2731
1013 1692 2731
58 1138 1631
1138 58 1631
1631 58 1138
974 2647 2983
2983 974 2647
2647 974 2983
2427 550 1205
550 1205 2427
1205 550 2427
538 941 1822
941 538 1822
1822 538 941
1701 759 2264
759 1701 2264
2264 759 1701
794 2188 2347
2347 794 2188
2188 794 2347
2305 824 2396
2396 824 2305
824 2305 2396
142 1087 1683
1087 142 1683
1683 142 1087
2828 991 1095
991 1095 2828
1095 991 2828
877 1486 1974
1486 877 1974
1974 877 1486
1693 269 1483
269 1483 1693
1483 269 1693
2641 1594 1795
1594 1795 2641
1795 1594 2641
2550 1875 2973
1875 2550 2973
2973 1875 2550
2325 732 2201
2201 732 2325
732 2201 2325
2976 832 2995
832 2976 2995
2995 832 2976
1396 1222 2905
2905 1222 1396
1222 1396 2905
1365 1373 2363
1373 1365 2363
2363 1365 1373
1266 773 2431
2431 773 1266
773 1266 2431
1700 977 2134
2134 977 1700
977 1700 2134
2243 280 2984
280 2243 2984
2984 280 2243
2863 935 1866
935 1866 2863
1866 935 2863
321 1392 1945
1945 321 1392
1392 321 1945
367 284 1848
284 367 1848
1848 284 367
2338 418 2284
418 2284 2338
2284 418 2338
2452 1288 2819
2819 1288 2452
1288 2452 2819
1920 2486 2830
2486 1920 2830
2830 1920 2486
2796 835 1824
1824 835 2796
835 1824 2796
2277 1609 1991
1991 1609 2277
1609 1991 2277
46 620 864
620 46 864
864 46 620
1756 1542 2489
1542 1756 2489
2489 1542 1756
622 595 2611
2611 595 622
595 622 2611
1560 1080 1338
1080 1338 1560
1338 1080 1560
752 1613 1670
1670 752 1613
1613 752 1670
1919 771 902
771 902 1919
902 771 1919
2684 655 1525
655 1525 2684
1525 655 2684
2110 124 1705
124 1705 2110
1705 124 2110
1847 2304 2556
2556 1847 2304
2304 1847 2556
1364 440 1615
440 1364 1615
1615 440 1364
2831 819 1709
1709 819 2831
819 1709 2831
784 1278 2388
1278 784 2388
2388 784 1278
254 1727 2232
1727 254 2232
2232 254 1727
1702 1689 2215
2215 1689 1702
1689 1702 2215
2768 12 1597
1597 12 2768
12 1597 2768
2957 674 2377
674 2377 2957
2377 674 2957
1665 662 775
662 775 1665
775 662 1665
1561 1465 2282
2282 1465 1561
1465 1561 2282
701 220 1673
1673 220 701
220 701 1673
1199 1325 2121
2121 1199 1325
1325 1199 2121
1799 2184 2477
2184 1799 2477
2477 1799 2184
2327 1079 2510
1079 2327 2510
2510 1079 2327
2343 619 2038
619 2038 2343
2038 619 2343
1053 2140 2928
2928 1053 2140
2140 1053 2928
2252 110 823
110 823 2252
823 110 2252
517 1096 2165
2165 517 1096
1096 517 2165
1764 2296 2735
2296 1764 2735
2735 1764 2296
2145 243 1819
1819 243 2145
243 1819 2145
435 743 1121
743 435 1121
1121 435 743
29 2141 2715
2141 29 2715
2715 29 2141
1977 1521 1529
1529 1521 1977
1521 1529 1977
2924 314 683
683 314 2924
314 683 2924
2039 358 865
358 865 2039
865 358 2039
189 1111 1384
1384 189 1111
1111 189 1384
413 606 2355
2355 413 606
606 413 2355
1791 763 2594
2594 763 1791
763 1791 2594
1228 430 1064
1064 430 1228
430 1064 1228
768 2532 2625
2532 768 2625
2625 768 2532
2128 1315 1971
1315 1971 2128
1971 1315 2128
1729 17 277
277 17 1729
17 277 1729
1846 1126 2322
2322 1126 1846
1126 1846 2322
2671 1459 1717
1717 1459 2671
1459 1717 2671
1014 1608 1805
1608 1014 1805
1805 1014 1608
2804 1265 2261
2261 1265 2804
1265 2261 2804
2147 887 1493
887 1493 2147
1493 887 2147
407 1252 2637
2637 407 1252
1252 407 2637
350 157 2107
157 350 2107
2107 157 350
1577 576 1772
1772 576 1577
576 1577 1772
2891 698 2570
2570 698 2891
698 2570 2891
2966 2587 2669
2669 2587 2966
2587 2669 2966
1296 2266 2711
2266 1296 2711
2711 1296 2266
2639 512 1192
1192 512 2639
512 1192 2639
1349 1533 2373
1533 1349 2373
2373 1349 1533
1530 631 1188
631 1188 1530
1188 631 1530
2257 556 2614
2614 556 2257
556 2257 2614
564 2438 2659
2659 564 2438
2438 564 2659
2443 1585 2772
1585 2443 2772
2772 1585 2443
1831 979 2138
979 1831 2138
2138 979 1831
2220 574 2189
574 2189 2220
2189 574 2220
2024 923 1359
1359 923 2024
923 1359 2024
382 688 1229
1229 382 688
688 382 1229
118 1163 2657
1163 118 2657
2657 118 1163
2496 1039 1679
1679 1039 2496
1039 1679 2496
1694 1417 2270
1417 1694 2270
2270 1417 1694
2758 647 1743
647 1743 2758
1743 647 2758
2059 126 1939
126 1939 2059
1939 126 2059
984 578 2960
2960 578 984
578 984 2960
2949 641 1806
641 1806 2949
1806 641 2949
2740 594 1567
1567 594 2740
594 1567 2740
2653 1114 1579
1579 1114 2653
1114 1579 2653
994 1713 1839
1839 994 1713
1713 994 1839
1241 1699 2398
1699 1241 2398
2398 1241 1699
2751 708 1902
708 1902 2751
1902 708 2751
2111 1861 1870
1870 1861 2111
1861 1870 2111
1990 513 2407
513 1990 2407
2407 513 1990
668 2020 2300
2300 668 2020
2020 668 2300
624 1857 2451
1857 624 2451
2451 624 1857
867 552 584
584 552 867
552 584 867
2913 521 2144
2144 521 2913
521 2144 2913
2435 101 610
610 101 2435
101 610 2435
2383 682 1082
1082 682 2383
682 1082 2383
2236 319 1362
319 1362 2236
1362 319 2236
2965 720 857
720 857 2965
857 720 2965
885 2156 2244
2244 885 2156
2156 885 2244
2906 416 766
766 416 2906
416 766 2906
519 1284 2395
1284 519 2395
2395 519 1284
131 642 1058
642 131 1058
1058 131 642
2425 1901 2613
2613 1901 2425
1901 2425 2613
866 180 2060
180 866 2060
2060 180 866
1889 2247 2538
2538 1889 2247
2247 1889 2538
1094 849 875
849 875 1094
875 849 1094
879 2008 2724
2008 879 2724
2724 879 2008
1685 85 339
85 339 1685
339 85 1685
1630 92 1994
92 1630 1994
1994 92 1630
1773 2622 2661
2661 1773 2622
2622 1773 2661
2062 1300 2465
1300 2062 2465
2465 1300 2062
2727 962 2648
962 2648 2727
2648 962 2727
1399 317 1157
1157 317 1399
317 1157 1399
1150 1648 1652
1652 1150 1648
1648 1150 1652
134 777 1245
777 134 1245
1245 134 777
1891 767 2155
767 1891 2155
2155 767 1891
2129 677 2793
677 2129 2793
2793 677 2129
117 236 2672
236 117 2672
2672 117 236
1215 1569 1677
1677 1215 1569
1569 1215 1677
2260 798 2424
798 2260 2424
2424 798 2260
2917 2433 2972
2972 2433 2917
2433 2917 2972
839 1942 2498
2498 839 1942
1942 839 2498
1425 996 2861
2861 996 1425
996 1425 2861
2912 397 2481
397 2481 2912
2481 397 2912
448 1273 2514
1273 448 2514
2514 448 1273
2214 746 1556
1556 746 2214
746 1556 2214
554 951 2681
2681 554 951
951 554 2681
1380 968 2298
968 1380 2298
2298 968 1380
1128 1601 1732
1601 1128 1732
1732 1128 1601
59 803 2694
2694 59 803
803 59 2694
1029 2862 2950
2950 1029 2862
2862 1029 2950
2332 588 1669
1669 588 2332
588 1669 2332
52 1339 1711
1339 52 1711
1711 52 1339
1571 2135 2434
2135 1571 2434
2434 1571 2135
1731 241 1522
1522 241 1731
241 1522 1731
597 1371 1617
1371 597 1617
1617 597 1371
918 352 1833
352 918 1833
1833 352 918
1185 2171 2320
2171 1185 2320
2320 1185 2171
934 1817 2280
1817 934 2280
2280 934 1817
464 905 2413
905 464 2413
2413 464 905
1574 850 1749
850 1574 1749
1749 850 1574
452 817 2499
2499 452 817
817 452 2499
1488 475 1225
475 1225 1488
1225 475 1488
2693 483 2709
2709 483 2693
483 2693 2709
2620 983 1927
1927 983 2620
983 1927 2620
731 825 1233
825 731 1233
1233 731 825
1004 1854 2803
1854 1004 2803
2803 1004 1854
1526 883 2992
883 1526 2992
2992 883 1526
1871 1109 2823
1109 1871 2823
2823 1109 1871
2196 1914 2073
1914 2073 2196
2073 1914 2196
928 915 1566
1566 915 928
915 928 1566
305 294 470
470 294 305
294 305 470
447 1214 1591
1591 447 1214
1214 447 1591
1190 1151 1405
1405 1151 1190
1151 1190 1405
2719 130 2896
130 2719 2896
2896 130 2719
1173 2567 2977
2567 1173 2977
2977 1173 2567
851 411 1420
1420 411 851
411 851 1420
2204 2392 2666
2666 2204 2392
2392 2204 2666
443 1267 2446
1267 443 2446
2446 443 1267
141 892 2457
892 141 2457
2457 141 892
63 2410 2636
2636 63 2410
2410 63 2636
1186 782 807
807 782 1186
782 807 1186
2158 913 1297
913 1297 2158
1297 913 2158
2326 34 1548
1548 34 2326
34 1548 2326
1900 135 2769
135 1900 2769
2769 135 1900
2601 627 1632
1632 627 2601
627 1632 2601
2381 136 2885
136 2381 2885
2885 136 2381
2206 593 1695
1695 593 2206
593 1695 2206
123 1855 2102
1855 123 2102
2102 123 1855
684 1052 1697
1052 684 1697
1697 684 1052
938 255 838
838 255 938
255 838 938
2353 455 1280
1280 455 2353
455 1280 2353
2870 1650 2923
1650 2870 2923
2923 1650 2870
2052 153 604
153 604 2052
604 153 2052
86 1075 2088
2088 86 1075
1075 86 2088
1505 562 908
562 908 1505
908 562 1505
2627 1570 2710
2710 1570 2627
1570 2627 2710
2987 1340 1424
1340 1424 2987
1424 1340 2987
348 495 1189
1189 348 495
495 348 1189
831 827 1413
827 831 1413
1413 827 831
2699 472 1253
1253 472 2699
472 1253 2699
38 657 2136
657 38 2136
2136 38 657
129 712 2273
712 129 2273
2273 129 712
2597 1716 2197
2197 1716 2597
1716 2197 2597
2588 285 1438
285 1438 2588
1438 285 2588
2306 298 947
298 947 2306
947 298 2306
275 1722 2462
2462 275 1722
1722 275 2462
1363 599 2705
599 1363 2705
2705 599 1363
2545 621 808
621 808 2545
808 621 2545
2708 471 917
917 471 2708
471 917 2708
845 634 1946
634 845 1946
1946 634 845
992 331 993
331 992 993
993 331 992
1375 1354 1763
1763 1354 1375
1354 1375 1763
2985 410 1907
1907 410 2985
410 1907 2985
945 445 2794
445 945 2794
2794 445 945
2237 2101 2113
2113 2101 2237
2101 2113 2237
2393 939 2746
2746 939 2393
939 2393 2746
1051 213 2041
2041 213 1051
213 1051 2041
888 1644 2230
1644 888 2230
2230 888 1644
2130 1220 2172
2172 1220 2130
1220 2130 2172
335 988 2720
2720 335 988
988 335 2720
1434 930 1221
930 1221 1434
1221 930 1434
916 227 1327
1327 227 916
227 916 1327
889 2077 2560
2560 889 2077
2077 889 2560
181 1342 1394
1394 181 1342
1342 181 1394
723 1592 2337
1592 723 2337
2337 723 1592
162 690 1408
690 162 1408
1408 162 690
931 954 1573
1573 931 954
954 931 1573
678 975 1666
1666 678 975
975 678 1666
2014 1537 2723
1537 2014 2723
2723 1537 2014
2454 1226 1963
1226 1963 2454
1963 1226 2454
500 1868 2518
2518 500 1868
1868 500 2518
1687 1137 2520
2520 1137 1687
1137 1687 2520
13 687 2779
2779 13 687
687 13 2779
16 1389 2515
2515 16 1389
1389 16 2515
365 1112 1453
1112 365 1453
1453 365 1112
1035 709 760
709 760 1035
760 709 1035
1415 370 1922
370 1415 1922
1922 370 1415
2806 242 293
293 242 2806
242 293 2806
1959 2212 2788
2788 1959 2212
2212 1959 2788
1204 1244 2192
1244 1204 2192
2192 1204 1244
19 986 2239
986 19 2239
2239 19 986
1698 946 1104
946 1104 1698
1104 946 1698
354 1227 1664
1227 354 1664
1664 354 1227
139 753 2753
2753 139 753
753 139 2753
884 2082 2190
2082 884 2190
2190 884 2082
2125 737 1263
1263 737 2125
737 1263 2125
1247 1159 2691
2691 1159 1247
1159 1247 2691
1307 82 2057
2057 82 1307
82 1307 2057
2551 403 1426
1426 403 2551
403 1426 2551
1545 2599 2869
2869 1545 2599
2599 1545 2869
2350 195 755
755 195 2350
195 755 2350
2557 1211 2678
2678 1211 2557
1211 2557 2678
205 379 2703
2703 205 379
379 205 2703
2953 2225 2879
2225 2879 2953
2879 2225 2953
1368 1116 1949
1116 1368 1949
1949 1116 1368
1436 349 1446
1446 349 1436
349 1436 1446
2090 148 2384
148 2090 2384
2384 148 2090
2850 1018 1766
1018 1766 2850
1766 1018 2850
1843 1065 1515
1515 1065 1843
1065 1515 1843
1771 147 1115
147 1115 1771
1115 147 1771
1256 548 1539
1539 548 1256
548 1256 1539
3 334 750
334 3 750
750 3 334
487 989 2814
989 487 2814
2814 487 989
1093 2737 2873
2873 1093 2737
2737 1093 2873
2374 2595 2786
2595 2374 2786
2786 2374 2595
2439 2118 2313
2313 2118 2439
2118 2313 2439
2362 1072 2525
2525 1072 2362
1072 2362 2525
1374 1043 2401
1043 1374 2401
2401 1043 1374
1411 1774 2810
2810 1411 1774
1774 1411 2810
2009 469 1908
1908 469 2009
469 1908 2009
398 239 536
536 239 398
239 398 536
1501 1106 1606
1106 1501 1606
1606 1106 1501
2061 582 2903
582 2061 2903
2903 582 2061
320 555 713
555 320 713
713 320 555
2877 196 1830
1830 196 2877
196 1830 2877
2583 2372 2692
2692 2372 2583
2372 2583 2692
1512 716 1497
1497 716 1512
716 1497 1512
616 158 2133
2133 158 616
158 616 2133
191 1941 2484
2484 191 1941
1941 191 2484
778 691 1155
1155 691 778
691 778 1155
2344 661 2901
2901 661 2344
661 2344 2901
249 1110 1402
1110 249 1402
1402 249 1110
1470 340 2290
340 1470 2290
2290 340 1470
1767 609 2844
2844 609 1767
609 1767 2844
2295 567 1251
1251 567 2295
567 1251 2295
2940 2511 2738
2738 2511 2940
2511 2738 2940
2174 1595 2495
2495 1595 2174
1595 2174 2495
1007 1642 2897
1642 1007 2897
2897 1007 1642
462 921 1290
1290 462 921
921 462 1290
1676 966 1445
966 1445 1676
1445 966 1676
2818 656 2288
2288 656 2818
656 2288 2818
2342 216 1191
216 1191 2342
1191 216 2342
2369 1239 2108
1239 2108 2369
2108 1239 2369
2488 192 1117
1117 192 2488
192 1117 2488
1098 789 2223
2223 789 1098
789 1098 2223
251 1509 1581
1509 251 1581
1581 251 1509
1654 1120 1796
1796 1120 1654
1120 1654 1796
1858 221 1708
221 1708 1858
1708 221 1858
300 1168 2907
1168 300 2907
2907 300 1168
2512 1156 1313
1313 1156 2512
1156 1313 2512
1019 2154 2447
2447 1019 2154
2154 1019 2447
2607 2200 2911
2200 2607 2911
2911 2200 2607
2982 2255 2809
2255 2809 2982
2809 2255 2982
2739 494 1212
494 1212 2739
1212 494 2739
2269 203 222
222 203 2269
203 222 2269
2700 1259 2365
2365 1259 2700
1259 2365 2700
626 2825 2963
2825 626 2963
2963 626 2825
122 178 1331
178 122 1331
1331 122 178
2596 405 537
405 537 2596
537 405 2596
1387 389 1911
389 1387 1911
1911 389 1387
664 893 2036
893 664 2036
2036 664 893
672 646 2554
2554 646 672
646 672 2554
2283 2109 2422
2109 2283 2422
2422 2109 2283
2948 1953 1984
1984 1953 2948
1953 1984 2948
1036 995 1176
1176 995 1036
995 1036 1176
1647 2007 2801
2801 1647 2007
2007 1647 2801
670 1782 2606
2606 670 1782
1782 670 2606
175 48 1888
1888 48 175
48 175 1888
2180 1460 2479
1460 2180 2479
2479 1460 2180
439 1028 1516
1516 439 1028
1028 439 1516
2547 744 2996
2996 744 2547
744 2547 2996
1975 2146 2867
2146 1975 2867
2867 1975 2146
2132 1133 1544
1133 1544 2132
1544 1133 2132
1292 963 1457
1457 963 1292
963 1292 1457
1696 351 1524
1524 351 1696
351 1524 1696
2849 2612 2808
2612 2808 2849
2808 2612 2849
2150 2162 2629
2629 2150 2162
2162 2150 2629
1837 143 406
406 143 1837
143 406 1837
1474 2310 2887
2887 1474 2310
2310 1474 2887
454 1623 2741
2741 454 1623
1623 454 2741
2549 1616 2842
2842 1616 2549
1616 2549 2842
1883 2074 2456
2456 1883 2074
2074 1883 2456
1965 1369 2815
2815 1369 1965
1369 1965 2815
267 1844 2676
2676 267 1844
1844 267 2676
903 1269 1884
1269 903 1884
1884 903 1269
1726 1988 2886
1988 1726 2886
2886 1726 1988
786 1129 1302
1302 786 1129
1129 786 1302
1060 33 41
41 33 1060
33 41 1060
345 103 2677
2677 103 345
103 345 2677
1593 1936 2840
1936 1593 2840
2840 1593 1936
2763 417 482
417 482 2763
482 417 2763
111 1825 2376
2376 111 1825
1825 111 2376
2032 268 2316
268 2032 2316
2316 268 2032
1780 484 2713
484 1780 2713
2713 484 1780
2968 1484 2690
1484 2690 2968
2690 1484 2968
5 637 2414
2414 5 637
637 5 2414
623 603 685
685 603 623
603 623 685
1198 496 828
828 496 1198
496 828 1198
563 55 792
55 563 792
792 55 563
1275 1502 2191
1502 1275 2191
2191 1275 1502
1554 515 2892
515 1554 2892
2892 515 1554
219 1876 1951
1951 219 1876
1876 219 1951
2660 1409 2847
2847 1409 2660
1409 2660 2847
109 50 402
402 50 109
50 109 402
395 2621 2843
2621 395 2843
2843 395 2621
2675 1923 2872
2872 1923 2675
1923 2675 2872
874 1144 2730
1144 874 2730
2730 874 1144
710 696 2117
696 710 2117
2117 696 710
281 1071 1562
1071 281 1562
1562 281 1071
451 322 1715
1715 322 451
322 451 1715
36 772 2871
772 36 2871
2871 36 772
1067 1130 2685
1130 1067 2685
2685 1067 1130
2251 2096 2470
2096 2251 2470
2470 2096 2251
2638 1182 1418
1418 1182 2638
1182 1418 2638
150 432 1148
432 150 1148
1148 150 432
1348 408 2361
408 1348 2361
2361 408 1348
1499 533 608
533 608 1499
608 533 1499
2199 193 2203
193 2199 2203
2203 193 2199
2967 544 2028
544 2028 2967
2028 544 2967
1122 22 1311
1311 22 1122
22 1122 1311
69 1735 2509
2509 69 1735
1735 69 2509
2531 833 2081
833 2081 2531
2081 833 2531
999 2048 2925
2925 999 2048
2048 999 2925
1972 2403 2893
2893 1972 2403
2403 1972 2893
1449 927 1083
1083 927 1449
927 1083 1449
1454 591 1447
1447 591 1454
591 1447 1454
1070 2526 2632
2526 1070 2632
2632 1070 2526
1508 429 557
557 429 1508
429 557 1508
1427 957 1433
957 1427 1433
1433 957 1427
559 324 1575
324 559 1575
1575 324 559
1391 238 1177
1177 238 1391
238 1177 1391
363 1113 1377
1113 363 1377
1377 363 1113
1523 184 2999
2999 184 1523
184 1523 2999
2219 896 2898
2898 896 2219
896 2219 2898
2415 362 1845
362 1845 2415
1845 362 2415
1614 1412 2123
2123 1412 1614
1412 1614 2123
467 1160 2183
1160 467 2183
2183 467 1160
2559 1078 2346
2346 1078 2559
1078 2346 2559
23 1981 2207
1981 23 2207
2207 23 1981
553 1147 1534
1147 553 1534
1534 553 1147
1407 104 1042
104 1042 1407
1042 104 1407
1218 1957 2575
1957 1218 2575
2575 1218 1957
1809 919 2069
2069 919 1809
919 1809 2069
282 326 2016
326 282 2016
2016 282 326
2115 1318 1662
1318 1662 2115
1662 1318 2115
1589 2461 2490
2490 1589 2461
2461 1589 2490
1607 1341 1520
1341 1520 1607
1520 1341 1607
1393 1422 2824
2824 1393 1422
1422 1393 2824
2116 1582 2421
1582 2116 2421
2421 1582 2116
1878 1352 1707
1707 1352 1878
1352 1707 1878
73 969 1131
969 73 1131
1131 73 969
2564 2519 2586
2519 2564 2586
2586 2519 2564
155 431 2357
2357 155 431
431 155 2357
1877 76 2095
2095 76 1877
76 1877 2095
2927 1024 1099
1099 1024 2927
1024 1099 2927
861 910 1872
910 861 1872
1872 861 910
1952 9 89
89 9 1952
9 89 1952
2397 971 1478
1478 971 2397
971 1478 2397
2221 1841 2631
2631 1841 2221
1841 2221 2631
751 2175 2848
2175 751 2848
2848 751 2175
301 77 2500
77 301 2500
2500 77 301
2582 102 182
182 102 2582
102 182 2582
1568 1564 2476
1564 1568 2476
2476 1564 1568
207 75 2616
2616 75 207
75 207 2616
959 580 1381
1381 580 959
580 959 1381
1798 2002 2970
2970 1798 2002
2002 1798 2970
579 2044 2351
2044 579 2351
2351 579 2044
2501 478 862
478 862 2501
862 478 2501
1671 987 2890
987 1671 2890
2890 987 1671
1323 600 1477
600 1323 1477
1477 600 1323
1906 460 749
460 749 1906
749 460 1906
740 1714 2817
2817 740 1714
1714 740 2817
1162 2217 2989
2217 1162 2989
2989 1162 2217
1750 105 2505
105 1750 2505
2505 105 1750
2265 613 762
613 762 2265
762 613 2265
1169 1639 2170
2170 1169 1639
1639 1169 2170
271 1558 2649
1558 271 2649
2649 271 1558
137 1742 2004
1742 137 2004
2004 137 1742
2015 375 2841
375 2015 2841
2841 375 2015
315 601 1640
1640 315 601
601 315 1640
2799 491 2721
2721 491 2799
491 2721 2799
2805 663 1788
1788 663 2805
663 1788 2805
204 378 1492
378 204 1492
1492 204 378
187 1430 2784
2784 187 1430
1430 187 2784
1801 1781 1987
1987 1781 1801
1781 1801 1987
1576 400 2517
400 1576 2517
2517 400 1576
1254 90 2679
2679 90 1254
90 1254 2679
427 571 1022
571 427 1022
1022 427 571
2198 120 1299
120 1299 2198
1299 120 2198
2975 296 2697
296 2697 2975
2697 296 2975
1604 577 754
754 577 1604
577 754 1604
2527 695 1279
1279 695 2527
695 1279 2527
1688 2084 2816
2084 1688 2816
2816 1688 2084
895 1333 2635
1333 895 2635
2635 895 1333
1823 1762 2883
1762 1823 2883
2883 1762 1823
371 168 2079
168 371 2079
2079 168 371
466 719 1937
1937 466 719
719 466 1937
2646 592 799
592 799 2646
799 592 2646
1050 1336 1931
1336 1050 1931
1931 1050 1336
2318 1237 1950
1950 1237 2318
1237 1950 2318
1234 1456 1643
1456 1234 1643
1643 1234 1456
1428 942 2827
2827 942 1428
942 1428 2827
1784 421 2756
421 1784 2756
2756 421 1784
689 2178 2301
2301 689 2178
2178 689 2301
2248 1118 2253
1118 2248 2253
2253 1118 2248
2112 897 2119
2119 897 2112
897 2112 2119
1513 2553 2846
2553 1513 2846
2846 1513 2553
2832 1187 1309
1187 1309 2832
1309 1187 2832
2592 569 2378
2378 569 2592
569 2378 2592
1860 2193 2624
2624 1860 2193
2193 1860 2624
1277 170 1752
1752 170 1277
170 1277 1752
2368 1840 2932
2932 1840 2368
1840 2368 2932
2371 1056 1496
1056 1496 2371
1496 1056 2371
2696 2126 2608
2126 2608 2696
2608 2126 2696
2314 950 1476
950 1476 2314
1476 950 2314
1293 2502 2668
2502 1293 2668
2668 1293 2502
373 1255 2628
2628 373 1255
1255 373 2628
2807 2235 2399
2399 2235 2807
2235 2399 2807
2528 697 2734
697 2528 2734
2734 697 2528
2151 736 2472
736 2151 2472
2472 736 2151
194 1598 2418
1598 194 2418
2418 194 1598
374 62 1330
1330 62 374
62 374 1330
299 1193 1982
1982 299 1193
1193 299 1982
498 1471 2789
2789 498 1471
1471 498 2789
2857 360 948
948 360 2857
360 948 2857
1166 1143 1649
1649 1143 1166
1143 1166 1649
2229 1947 2114
1947 2114 2229
2114 1947 2229
2029 217 540
217 540 2029
540 217 2029
907 489 1787
489 907 1787
1787 489 907
2889 368 2493
368 2493 2889
2493 368 2889
1818 1203 2324
1203 1818 2324
2324 1203 1818
2437 18 527
527 18 2437
18 527 2437
1588 1213 1291
1213 1291 1588
1291 1213 1588
1423 1760 2524
2524 1423 1760
1760 1423 2524
2568 1549 2926
2926 1549 2568
1549 2568 2926
756 165 826
826 165 756
165 756 826
1816 390 2275
390 1816 2275
2275 390 1816
1276 172 2179
2179 172 1276
172 1276 2179
1319 297 1925
297 1319 1925
1925 297 1319
1856 1746 2745
1746 1856 2745
2745 1746 1856
1958 247 499
499 247 1958
247 499 1958
1672 1027 2755
2755 1027 1672
1027 1672 2755
2006 658 1461
658 1461 2006
1461 658 2006
1986 338 2099
2099 338 1986
338 1986 2099
780 1061 1629
1629 780 1061
1061 780 1629
2469 1776 2687
2687 1776 2469
1776 2469 2687
1879 1174 2299
2299 1174 1879
1174 1879 2299
953 65 1439
1439 65 953
65 953 1439
2952 1480 2063
2063 1480 2952
1480 2063 2952
1960 28 1706
1706 28 1960
28 1706 1960
1641 703 1596
1596 703 1641
703 1596 1641
765 1916 2105
1916 765 2105
2105 765 1916
2040 422 1033
422 1033 2040
