7881 2350 22846
22846 2350 7881
2350 7881 22846
25499 11637 17292
17292 11637 25499
11637 17292 25499
20990 3068 25086
3068 20990 25086
25086 3068 20990
27660 19977 22201
22201 19977 27660
19977 22201 27660
1161 7071 24700
24700 1161 7071
7071 1161 24700
19356 10503 19953
19953 10503 19356
10503 19356 19953
16489 10379 21429
10379 16489 21429
21429 10379 16489
24235 5898 9503
9503 5898 24235
5898 9503 24235
12177 14021 15557
15557 12177 14021
14021 12177 15557
29356 4301 15023
15023 4301 29356
4301 15023 29356
14299 3789 14730
14730 3789 14299
3789 14299 14730
2182 422 22384
422 2182 22384
22384 422 2182
9200 19485 20028
20028 9200 19485
19485 9200 20028
10840 1092 25258
25258 1092 10840
1092 10840 25258
24372 1041 13067
1041 13067 24372
13067 1041 24372
25000 11641 22946
22946 11641 25000
11641 22946 25000
15547 2306 5049
5049 2306 15547
2306 5049 15547
22592 273 12098
12098 273 22592
273 12098 22592
10015 10342 27861
10342 10015 27861
27861 10015 10342
20569 15530 18231
15530 18231 20569
18231 15530 20569
29855 26975 29837
26975 29837 29855
29837 26975 29855
15190 15871 17904
17904 15190 15871
15871 15190 17904
5228 2566 3727
2566 3727 5228
3727 2566 5228
18167 17236 28390
17236 18167 28390
28390 17236 18167
9636 20003 24121
20003 9636 24121
24121 9636 20003
27167 383 8851
8851 383 27167
383 8851 27167
6816 26042 27307
27307 6816 26042
26042 6816 27307
10820 862 15628
15628 862 10820
862 10820 15628
27450 20106 25168
20106 25168 27450
25168 20106 27450
8537 1004 27062
1004 8537 27062
27062 1004 8537
12591 489 20427
489 12591 20427
20427 489 12591
29684 20775 24388
24388 20775 29684
20775 24388 29684
29278 15144 27024
27024 15144 29278
15144 27024 29278
22420 6928 7782
7782 6928 22420
6928 7782 22420
11439 2572 28800
2572 11439 28800
28800 2572 11439
19944 6605 17766
17766 6605 19944
6605 17766 19944
5377 7511 27177
27177 5377 7511
7511 5377 27177
27022 24626 24682
24682 24626 27022
24626 24682 27022
12775 5839 11945
11945 5839 12775
5839 11945 12775
9758 2419 12877
2419 9758 12877
12877 2419 9758
956 10548 19374
19374 956 10548
10548 956 19374
19048 10299 20300
20300 10299 19048
10299 19048 20300
6276 11037 22259
22259 6276 11037
11037 6276 22259
13982 10475 28442
28442 10475 13982
10475 13982 28442
11744 23359 29524
29524 11744 23359
23359 11744 29524
4270 23698 28771
28771 4270 23698
23698 4270 28771
9452 18314 18939
18314 9452 18939
18939 9452 18314
12333 5769 8620
8620 5769 12333
5769 8620 12333
18189 6873 26091
26091 6873 18189
6873 18189 26091
23662 13791 27278
13791 23662 27278
27278 13791 23662
17046 2366 10160
10160 2366 17046
2366 10160 17046
18820 24109 24717
24109 18820 24717
24717 18820 24109
1435 16242 22578
22578 1435 16242
16242 1435 22578
29789 2602 3330
3330 2602 29789
2602 3330 29789
27498 15517 18349
15517 18349 27498
18349 15517 27498
9894 3569 11638
11638 3569 9894
3569 9894 11638
7864 15795 16560
16560 7864 15795
15795 7864 16560
11526 11060 16086
11060 11526 16086
16086 11060 11526
20859 6007 24391
24391 6007 20859
6007 20859 24391
25087 9858 13369
13369 9858 25087
9858 13369 25087
19193 2765 18880
2765 18880 19193
18880 2765 19193
14743 13106 16069
13106 14743 16069
16069 13106 14743
6288 695 21708
21708 695 6288
695 6288 21708
13050 24835 25370
25370 13050 24835
24835 13050 25370
9598 490 18272
490 9598 18272
18272 490 9598
26207 1303 14988
14988 1303 26207
1303 14988 26207
22557 516 4420
4420 516 22557
516 4420 22557
20137 16924 26165
26165 16924 20137
16924 20137 26165
5269 17348 23010
23010 5269 17348
17348 5269 23010
11120 14678 25025
14678 11120 25025
25025 11120 14678
29458 3743 29831
29831 3743 29458
3743 29458 29831
1197 3480 9437
3480 1197 9437
9437 1197 3480
20286 3931 4067
3931 4067 20286
4067 3931 20286
19854 5424 20270
20270 5424 19854
5424 19854 20270
22951 5116 21967
21967 5116 22951
5116 21967 22951
16309 1865 12181
1865 12181 16309
12181 1865 16309
16987 11644 22935
22935 11644 16987
11644 16987 22935
28918 14902 22876
22876 14902 28918
14902 22876 28918
6536 1988 11381
1988 6536 11381
11381 1988 6536
10450 8867 20209
20209 8867 10450
8867 10450 20209
18332 9257 14112
9257 14112 18332
14112 9257 18332
8945 9694 10948
9694 8945 10948
10948 8945 9694
16295 9580 18860
9580 16295 18860
18860 9580 16295
22283 4435 7533
4435 7533 22283
7533 4435 22283
12641 25707 28138
25707 12641 28138
28138 12641 25707
8009 2201 3458
2201 3458 8009
3458 2201 8009
26186 7619 9154
9154 7619 26186
7619 9154 26186
17777 12378 21922
12378 17777 21922
21922 12378 17777
6881 4907 12694
12694 4907 6881
4907 6881 12694
24906 25595 25857
25857 24906 25595
25595 24906 25857
2784 3327 5670
5670 2784 3327
3327 2784 5670
19110 26401 29719
29719 19110 26401
26401 19110 29719
15744 18949 23503
18949 15744 23503
23503 15744 18949
3962 11851 24002
24002 3962 11851
11851 3962 24002
9019 11667 27133
27133 9019 11667
11667 9019 27133
9273 20676 23605
23605 9273 20676
20676 9273 23605
3513 13758 18966
18966 3513 13758
13758 3513 18966
25804 20244 26256
26256 20244 25804
20244 25804 26256
17659 14521 24279
24279 14521 17659
14521 17659 24279
24867 13724 24336
13724 24336 24867
24336 13724 24867
17759 8624 19400
19400 8624 17759
8624 17759 19400
222 25261 27754
27754 222 25261
25261 222 27754
26333 21983 23502
23502 21983 26333
21983 23502 26333
15327 14852 15754
14852 15327 15754
15754 14852 15327
12112 2020 26842
2020 12112 26842
26842 2020 12112
29013 22499 24956
24956 22499 29013
22499 24956 29013
20951 8042 25924
8042 20951 25924
25924 8042 20951
28795 1352 12136
1352 12136 28795
12136 1352 28795
13962 27917 29818
27917 13962 29818
29818 13962 27917
24693 6552 11611
6552 11611 24693
11611 6552 24693
25850 6522 10012
6522 10012 25850
10012 6522 25850
7632 20041 28880
20041 7632 28880
28880 7632 20041
3301 9995 21586
9995 3301 21586
21586 3301 9995
29461 6204 25803
25803 6204 29461
6204 25803 29461
5626 8020 24990
8020 5626 24990
24990 5626 8020
14645 18268 27100
27100 14645 18268
18268 14645 27100
24808 565 18369
565 18369 24808
18369 565 24808
11059 19970 22662
19970 11059 22662
22662 11059 19970
22468 3756 12416
12416 3756 22468
3756 12416 22468
8273 11198 25188
11198 8273 25188
25188 8273 11198
2098 1316 29906
1316 2098 29906
29906 1316 2098
19987 2403 3669
3669 2403 19987
2403 3669 19987
29361 2099 3424
2099 3424 29361
3424 2099 29361
16818 18413 25002
18413 16818 25002
25002 16818 18413
18650 8491 26966
26966 8491 18650
8491 18650 26966
3797 10975 17445
17445 3797 10975
10975 3797 17445
28264 19513 21449
19513 21449 28264
21449 19513 28264
18192 5389 29141
29141 5389 18192
5389 18192 29141
23511 19905 21616
21616 19905 23511
19905 21616 23511
18794 11251 13876
13876 11251 18794
11251 13876 18794
4620 4582 23492
23492 4582 4620
4582 4620 23492
3117 24287 25034
24287 3117 25034
25034 3117 24287
14480 2159 9798
2159 9798 14480
9798 2159 14480
12317 8873 23222
8873 12317 23222
23222 8873 12317
19896 10538 20056
20056 10538 19896
10538 19896 20056
12275 12263 20987
12263 12275 20987
20987 12263 12275
6599 7108 25072
25072 6599 7108
7108 6599 25072
29184 4228 14510
14510 4228 29184
4228 14510 29184
24364 14333 24585
24585 14333 24364
14333 24364 24585
7049 4350 28990
28990 4350 7049
4350 7049 28990
15693 3400 17062
17062 3400 15693
3400 15693 17062
7535 12412 13935
12412 7535 13935
13935 7535 12412
3598 7038 19154
19154 3598 7038
7038 3598 19154
23388 16004 17690
16004 17690 23388
17690 16004 23388
19893 23727 29029
23727 19893 29029
29029 19893 23727
3549 6923 13231
6923 3549 13231
13231 3549 6923
18364 14484 14639
14484 14639 18364
14639 14484 18364
26388 18516 28066
28066 18516 26388
18516 26388 28066
23452 4027 4439
4027 4439 23452
4439 4027 23452
28789 909 16176
909 16176 28789
16176 909 28789
6523 2609 21153
21153 2609 6523
2609 6523 21153
15320 8143 13871
8143 13871 15320
13871 8143 15320
24988 6807 22184
22184 6807 24988
6807 22184 24988
28230 6822 14097
6822 14097 28230
14097 6822 28230
5106 21690 29765
29765 5106 21690
21690 5106 29765
24621 5914 27147
5914 24621 27147
27147 5914 24621
25316 13464 16859
13464 16859 25316
16859 13464 25316
9623 66 17860
66 9623 17860
17860 66 9623
29596 3321 24556
3321 24556 29596
24556 3321 29596
22590 4532 6947
4532 6947 22590
6947 4532 22590
6300 4497 25031
4497 6300 25031
25031 4497 6300
28210 13592 25127
13592 25127 28210
25127 13592 28210
13526 2634 12377
12377 2634 13526
2634 12377 13526
3180 3290 17053
3290 3180 17053
17053 3180 3290
4670 2260 7228
7228 2260 4670
2260 4670 7228
22189 24061 26391
26391 22189 24061
24061 22189 26391
9691 14620 14816
14620 9691 14816
14816 9691 14620
28859 5283 10911
10911 5283 28859
5283 10911 28859
18521 21088 22275
22275 18521 21088
21088 18521 22275
22375 20926 27115
20926 22375 27115
27115 20926 22375
13734 5968 17832
5968 13734 17832
17832 5968 13734
27619 19227 19448
19448 19227 27619
19227 19448 27619
29602 991 17296
991 17296 29602
17296 991 29602
2904 2445 28344
28344 2445 2904
2445 2904 28344
23671 7092 18346
7092 18346 23671
18346 7092 23671
16846 2782 22424
22424 2782 16846
2782 16846 22424
8664 4465 26049
26049 4465 8664
4465 8664 26049
5268 10214 13539
10214 5268 13539
13539 5268 10214
8976 10551 16064
10551 8976 16064
16064 8976 10551
1899 4981 22077
4981 1899 22077
22077 1899 4981
11143 6319 28105
28105 6319 11143
6319 11143 28105
16745 9917 28589
28589 9917 16745
9917 16745 28589
10094 14759 17215
17215 10094 14759
14759 10094 17215
28694 25344 28890
25344 28694 28890
28890 25344 28694
2066 9822 28139
28139 2066 9822
9822 2066 28139
29171 9796 22136
22136 9796 29171
9796 22136 29171
5625 694 25917
694 5625 25917
25917 694 5625
29675 12541 23824
12541 23824 29675
23824 12541 29675
27500 13560 18482
18482 13560 27500
13560 18482 27500
6978 11839 12321
11839 6978 12321
12321 6978 11839
24280 14135 27633
27633 14135 24280
14135 24280 27633
18297 6488 10645
6488 10645 18297
10645 6488 18297
419 16283 23345
16283 419 23345
23345 419 16283
15227 11705 14375
14375 11705 15227
11705 14375 15227
3282 8002 20741
8002 3282 20741
20741 3282 8002
21276 11676 26429
11676 21276 26429
26429 11676 21276
6801 10839 13819
13819 6801 10839
10839 6801 13819
20565 6273 25367
6273 20565 25367
25367 6273 20565
6184 17384 23158
17384 6184 23158
23158 6184 17384
22356 537 24464
24464 537 22356
537 22356 24464
27220 11451 29473
29473 11451 27220
11451 27220 29473
24165 13421 17221
13421 17221 24165
17221 13421 24165
5149 13811 18441
18441 5149 13811
13811 5149 18441
16811 23045 27942
27942 16811 23045
23045 16811 27942
9288 5281 10042
5281 9288 10042
10042 5281 9288
9108 15289 27390
27390 9108 15289
15289 9108 27390
18821 5458 24527
5458 18821 24527
24527 5458 18821
11772 28662 28832
28832 11772 28662
28662 11772 28832
19395 8362 18362
8362 18362 19395
18362 8362 19395
6167 10681 25396
25396 6167 10681
10681 6167 25396
17863 2827 11167
11167 2827 17863
2827 11167 17863
18318 6377 18127
18127 6377 18318
6377 18127 18318
23702 13339 15811
13339 15811 23702
15811 13339 23702
16325 18562 24347
18562 16325 24347
24347 16325 18562
21517 6594 16235
16235 6594 21517
6594 16235 21517
13999 3738 4123
4123 3738 13999
3738 4123 13999
4751 8255 19595
19595 4751 8255
8255 4751 19595
28781 2795 5698
5698 2795 28781
2795 5698 28781
9588 8626 29664
29664 8626 9588
8626 9588 29664
68 6010 28689
6010 68 28689
28689 68 6010
2732 15873 22778
22778 2732 15873
15873 2732 22778
7391 8267 12216
8267 7391 12216
12216 7391 8267
17286 14383 18658
18658 14383 17286
14383 17286 18658
19714 20826 29114
20826 19714 29114
29114 19714 20826
5514 635 29222
635 5514 29222
29222 635 5514
23669 12178 14673
12178 14673 23669
14673 12178 23669
12943 16417 25524
16417 12943 25524
25524 12943 16417
17846 5329 9032
9032 5329 17846
5329 9032 17846
25313 8345 9799
8345 9799 25313
9799 8345 25313
25758 2619 27446
27446 2619 25758
2619 25758 27446
18991 11547 27340
27340 11547 18991
11547 18991 27340
4390 7307 29249
7307 4390 29249
29249 4390 7307
6955 26451 29334
26451 6955 29334
29334 6955 26451
10648 6402 14800
6402 10648 14800
14800 6402 10648
12088 23172 28992
28992 12088 23172
23172 12088 28992
23165 10501 18223
18223 10501 23165
10501 18223 23165
18002 990 27646
990 18002 27646
27646 990 18002
10444 7332 22839
22839 7332 10444
7332 10444 22839
10825 12861 21497
12861 10825 21497
21497 10825 12861
3885 2874 13703
13703 2874 3885
2874 3885 13703
27068 21333 21344
21344 21333 27068
21333 21344 27068
13524 19694 20873
19694 13524 20873
20873 13524 19694
12784 6861 28075
6861 12784 28075
28075 6861 12784
14793 1508 7516
1508 7516 14793
7516 1508 14793
5125 11809 19038
19038 5125 11809
11809 5125 19038
7736 9933 24880
9933 7736 24880
24880 7736 9933
14834 8903 24468
24468 8903 14834
8903 14834 24468
29291 10086 19802
10086 19802 29291
19802 10086 29291
22226 13512 17960
13512 17960 22226
17960 13512 22226
20011 19925 27728
19925 20011 27728
27728 19925 20011
25515 1573 12330
1573 12330 25515
12330 1573 25515
29350 3295 16592
3295 16592 29350
16592 3295 29350
5122 27253 29409
29409 5122 27253
27253 5122 29409
10569 16356 26016
26016 10569 16356
16356 10569 26016
9926 7465 21930
21930 7465 9926
7465 9926 21930
25521 1332 19293
1332 19293 25521
19293 1332 25521
16685 2480 9056
2480 9056 16685
9056 2480 16685
5375 15662 20881
20881 5375 15662
15662 5375 20881
1034 22938 26724
26724 1034 22938
22938 1034 26724
23216 2072 2150
2150 2072 23216
2072 2150 23216
19002 1412 3329
3329 1412 19002
1412 3329 19002
8803 8418 15657
15657 8418 8803
8418 8803 15657
26127 3579 15734
3579 15734 26127
15734 3579 26127
7760 9406 21454
9406 7760 21454
21454 7760 9406
15972 4235 21027
4235 15972 21027
21027 4235 15972
28693 1689 3499
3499 1689 28693
1689 3499 28693
9038 15114 26347
26347 9038 15114
15114 9038 26347
27312 247 28661
28661 247 27312
247 27312 28661
29775 9945 23930
23930 9945 29775
9945 23930 29775
15296 7943 20452
7943 15296 20452
20452 7943 15296
8583 12355 23161
12355 8583 23161
23161 8583 12355
28617 10345 28134
10345 28134 28617
28134 10345 28617
27649 12308 21538
21538 12308 27649
12308 21538 27649
16835 4989 24306
4989 16835 24306
24306 4989 16835
25096 4470 4833
4470 4833 25096
4833 4470 25096
129 12122 27199
12122 129 27199
27199 129 12122
23344 16074 21377
21377 16074 23344
16074 21377 23344
29800 10691 18265
10691 18265 29800
18265 10691 29800
19214 1980 11887
1980 11887 19214
11887 1980 19214
27673 12930 16762
12930 16762 27673
16762 12930 27673
19903 11982 27158
11982 19903 27158
27158 11982 19903
20435 3588 22542
22542 3588 20435
3588 20435 22542
13963 13054 14941
13054 13963 14941
14941 13054 13963
4785 4939 23277
23277 4785 4939
4939 4785 23277
11032 13966 15769
13966 11032 15769
15769 11032 13966
12292 20054 25467
20054 12292 25467
25467 12292 20054
22341 9195 28434
28434 9195 22341
9195 22341 28434
12611 309 7161
7161 309 12611
309 7161 12611
7085 24183 29072
24183 7085 29072
29072 7085 24183
27434 18110 24559
18110 24559 27434
24559 18110 27434
13286 17257 29470
29470 13286 17257
17257 13286 29470
18438 15727 25983
25983 15727 18438
15727 18438 25983
15126 16312 21065
16312 15126 21065
21065 15126 16312
10598 17242 20363
17242 10598 20363
20363 10598 17242
20900 13841 15511
15511 13841 20900
13841 15511 20900
19989 16468 23451
16468 19989 23451
23451 16468 19989
27318 25727 25734
25734 25727 27318
25727 25734 27318
23910 21706 29039
29039 21706 23910
21706 23910 29039
29691 18640 25259
25259 18640 29691
18640 25259 29691
2059 9341 24946
9341 2059 24946
24946 2059 9341
18609 11023 26593
11023 18609 26593
26593 11023 18609
1571 20164 21331
21331 1571 20164
20164 1571 21331
28885 1569 14126
14126 1569 28885
1569 14126 28885
13631 15571 17318
15571 13631 17318
17318 13631 15571
20948 21062 27836
21062 20948 27836
27836 20948 21062
7116 18124 22428
22428 7116 18124
18124 7116 22428
1465 6038 10293
10293 1465 6038
6038 1465 10293
10950 10185 29111
29111 10185 10950
10185 10950 29111
5163 7977 8137
7977 5163 8137
8137 5163 7977
17771 16607 23578
16607 17771 23578
23578 16607 17771
12803 7698 27362
27362 7698 12803
7698 12803 27362
5817 135 15260
15260 135 5817
135 5817 15260
14096 5826 15262
15262 5826 14096
5826 14096 15262
6622 9123 10017
9123 6622 10017
10017 6622 9123
6865 2101 16488
16488 2101 6865
2101 6865 16488
10187 16015 20104
20104 10187 16015
16015 10187 20104
19807 15129 21942
15129 19807 21942
21942 15129 19807
7582 15939 26040
15939 7582 26040
26040 7582 15939
9218 6987 8421
6987 8421 9218
8421 6987 9218
12149 1279 15195
15195 1279 12149
1279 12149 15195
29504 9728 14260
14260 9728 29504
9728 14260 29504
8481 17241 18994
17241 8481 18994
18994 8481 17241
438 5889 18026
5889 438 18026
18026 438 5889
9967 1553 13173
1553 9967 13173
13173 1553 9967
13202 4083 22450
4083 13202 22450
22450 4083 13202
27889 2365 8766
2365 8766 27889
8766 2365 27889
24989 21465 23376
23376 21465 24989
21465 23376 24989
14219 7357 25565
25565 7357 14219
7357 14219 25565
21496 10338 27060
10338 21496 27060
27060 10338 21496
22811 15369 17606
17606 15369 22811
15369 17606 22811
19139 13200 28489
28489 13200 19139
13200 19139 28489
27445 1366 9357
1366 9357 27445
9357 1366 27445
17158 12845 25684
12845 17158 25684
25684 12845 17158
19794 6088 12164
6088 12164 19794
12164 6088 19794
18541 10704 17109
10704 17109 18541
17109 10704 18541
10615 21288 23513
21288 10615 23513
23513 10615 21288
11178 1421 14817
14817 1421 11178
1421 11178 14817
11411 7442 13273
7442 11411 13273
13273 7442 11411
14363 1900 29090
29090 1900 14363
1900 14363 29090
5102 14322 28059
14322 5102 28059
28059 5102 14322
14380 11663 26303
11663 14380 26303
26303 11663 14380
3865 17859 21563
21563 3865 17859
17859 3865 21563
2625 5151 14389
5151 2625 14389
14389 2625 5151
7645 714 12496
714 7645 12496
12496 714 7645
21324 8244 12582
8244 12582 21324
12582 8244 21324
5026 3113 20404
3113 5026 20404
20404 3113 5026
19058 3207 9073
9073 3207 19058
3207 9073 19058
3716 22721 24708
22721 3716 24708
24708 3716 22721
20128 6056 20838
6056 20128 20838
20838 6056 20128
448 4369 16366
16366 448 4369
4369 448 16366
29916 23254 29091
29091 23254 29916
23254 29091 29916
13023 1562 14996
1562 13023 14996
14996 1562 13023
5259 7145 27216
7145 5259 27216
27216 5259 7145
11890 8093 9583
8093 9583 11890
9583 8093 11890
25078 2013 27965
27965 2013 25078
2013 25078 27965
11397 14319 25922
25922 11397 14319
14319 11397 25922
29951 7488 10071
7488 10071 29951
10071 7488 29951
13828 15481 20203
20203 13828 15481
15481 13828 20203
4970 6569 25696
25696 4970 6569
6569 4970 25696
17357 9659 14894
14894 9659 17357
9659 14894 17357
13466 1845 3099
3099 1845 13466
1845 3099 13466
27003 15492 25713
25713 15492 27003
15492 25713 27003
15799 7304 8454
8454 7304 15799
7304 8454 15799
10579 5587 8568
8568 5587 10579
5587 8568 10579
18885 5837 23075
23075 5837 18885
5837 18885 23075
8446 11567 29178
11567 8446 29178
29178 8446 11567
4141 8603 9884
8603 4141 9884
9884 4141 8603
14912 4996 14179
4996 14179 14912
14179 4996 14912
5499 5150 18705
18705 5150 5499
5150 5499 18705
3280 26187 28154
28154 3280 26187
26187 3280 28154
13366 9279 20239
9279 13366 20239
20239 9279 13366
19759 20158 22467
22467 19759 20158
20158 19759 22467
5289 6772 13872
13872 5289 6772
6772 5289 13872
5760 11752 27564
11752 5760 27564
27564 5760 11752
12889 21722 28050
28050 12889 21722
21722 12889 28050
29031 12915 23665
23665 12915 29031
12915 23665 29031
10613 6882 25675
6882 10613 25675
25675 6882 10613
8738 7149 14933
7149 8738 14933
14933 7149 8738
5186 9137 19601
9137 5186 19601
19601 5186 9137
27417 3176 27152
27152 3176 27417
3176 27152 27417
12147 18445 24761
18445 12147 24761
24761 12147 18445
15912 9753 23660
23660 9753 15912
9753 15912 23660
24679 18141 28173
28173 18141 24679
18141 24679 28173
945 12405 17956
12405 945 17956
17956 945 12405
14916 4267 21626
21626 4267 14916
4267 14916 21626
11860 1601 6055
6055 1601 11860
1601 6055 11860
12053 2896 7158
2896 7158 12053
7158 2896 12053
3713 26426 29360
26426 3713 29360
29360 3713 26426
611 1335 23249
23249 611 1335
1335 611 23249
17023 11951 29937
29937 11951 17023
11951 17023 29937
18140 5366 28622
5366 18140 28622
28622 5366 18140
1232 7127 18566
18566 1232 7127
7127 1232 18566
5196 1783 22153
1783 5196 22153
22153 1783 5196
21063 16630 27528
27528 16630 21063
16630 21063 27528
26200 6664 7004
7004 6664 26200
6664 7004 26200
24858 14672 17559
17559 14672 24858
14672 17559 24858
25567 7348 18779
18779 7348 25567
7348 18779 25567
21312 4225 19315
4225 19315 21312
19315 4225 21312
17597 13605 23490
13605 17597 23490
23490 13605 17597
1529 842 16467
842 1529 16467
16467 842 1529
16088 2362 5145
2362 5145 16088
5145 2362 16088
22732 769 5000
5000 769 22732
769 5000 22732
266 10152 22090
22090 266 10152
10152 266 22090
16285 12547 19540
19540 12547 16285
12547 16285 19540
16749 8877 12603
8877 12603 16749
12603 8877 16749
5745 5302 13377
13377 5302 5745
5302 5745 13377
12881 14799 21747
21747 12881 14799
14799 12881 21747
14595 3447 28758
3447 14595 28758
28758 3447 14595
9905 11337 26236
11337 9905 26236
26236 9905 11337
25649 8094 20634
8094 20634 25649
20634 8094 25649
17623 5144 8752
5144 8752 17623
8752 5144 17623
18815 26101 26686
26101 18815 26686
26686 18815 26101
19242 8306 21621
8306 19242 21621
21621 8306 19242
14943 495 26276
495 14943 26276
26276 495 14943
15449 10062 19857
10062 15449 19857
19857 10062 15449
24079 1717 22657
1717 22657 24079
22657 1717 24079
14682 768 29552
29552 768 14682
768 14682 29552
11715 2000 7757
7757 2000 11715
2000 7757 11715
20301 18578 18627
18578 18627 20301
18627 18578 20301
3296 13598 25430
25430 3296 13598
13598 3296 25430
16701 27557 29975
27557 16701 29975
29975 16701 27557
4310 17028 18162
18162 4310 17028
17028 4310 18162
354 11506 22802
11506 354 22802
22802 354 11506
8430 1487 7569
7569 1487 8430
1487 7569 8430
10747 2712 16223
2712 10747 16223
16223 2712 10747
18048 23499 25875
23499 18048 25875
25875 18048 23499
9276 16812 28914
16812 9276 28914
28914 9276 16812
9727 1195 24254
1195 9727 24254
24254 1195 9727
5692 13363 21518
21518 5692 13363
13363 5692 21518
5004 12348 15644
15644 5004 12348
12348 5004 15644
16551 935 7390
7390 935 16551
935 7390 16551
27897 3399 26690
26690 3399 27897
3399 26690 27897
11722 22349 24891
22349 11722 24891
24891 11722 22349
24345 4565 9906
9906 4565 24345
4565 9906 24345
9731 17643 27153
17643 9731 27153
27153 9731 17643
18545 18694 27529
18694 18545 27529
27529 18545 18694
8691 24739 25885
24739 8691 25885
25885 8691 24739
15052 8295 27575
27575 8295 15052
8295 15052 27575
4259 3150 3343
3343 3150 4259
3150 3343 4259
20388 27427 27603
27427 20388 27603
27603 20388 27427
14725 10278 17831
10278 14725 17831
17831 10278 14725
19179 432 19851
19851 432 19179
432 19179 19851
20691 15041 23557
15041 20691 23557
23557 15041 20691
6323 6529 25225
25225 6323 6529
6529 6323 25225
21575 19387 19769
19769 19387 21575
19387 19769 21575
3410 6979 12601
6979 3410 12601
12601 3410 6979
21699 15852 27467
15852 21699 27467
27467 15852 21699
14901 14992 22123
22123 14901 14992
14992 14901 22123
19175 14984 21888
14984 19175 21888
21888 14984 19175
29489 2537 4427
4427 2537 29489
2537 4427 29489
26779 27876 27905
27876 26779 27905
27905 26779 27876
18688 2069 4867
2069 4867 18688
4867 2069 18688
19421 17925 18764
18764 17925 19421
17925 18764 19421
16705 11552 21489
21489 11552 16705
11552 16705 21489
13041 7293 16372
16372 7293 13041
7293 13041 16372
2633 13810 23884
23884 2633 13810
13810 2633 23884
6657 18754 20626
20626 6657 18754
18754 6657 20626
18967 1653 8985
8985 1653 18967
1653 8985 18967
19777 14095 19751
14095 19751 19777
19751 14095 19777
26464 13113 23028
23028 13113 26464
13113 23028 26464
16882 6591 21705
21705 6591 16882
6591 16882 21705
27760 6311 10702
6311 10702 27760
10702 6311 27760
9022 10056 25676
10056 9022 25676
25676 9022 10056
17251 976 21308
976 17251 21308
21308 976 17251
26247 14221 17041
17041 14221 26247
14221 17041 26247
5201 4958 25862
4958 5201 25862
25862 4958 5201
29946 4290 8353
4290 8353 29946
8353 4290 29946
203 17317 18605
18605 203 17317
17317 203 18605
28399 1233 11745
1233 11745 28399
11745 1233 28399
18761 8519 24263
8519 18761 24263
24263 8519 18761
11266 3854 10609
10609 3854 11266
3854 10609 11266
6234 2357 13382
13382 2357 6234
2357 6234 13382
25966 10070 15381
15381 10070 25966
10070 15381 25966
10291 22716 29530
22716 10291 29530
29530 10291 22716
24374 148 15016
148 15016 24374
15016 148 24374
23154 18613 24841
24841 18613 23154
18613 23154 24841
11879 11669 25412
11669 11879 25412
25412 11669 11879
18594 8145 21933
21933 8145 18594
8145 18594 21933
18683 15270 26035
26035 15270 18683
15270 18683 26035
25076 26590 27339
26590 25076 27339
27339 25076 26590
24072 1548 12206
1548 12206 24072
12206 1548 24072
11961 1088 19995
19995 1088 11961
1088 11961 19995
21687 11292 22538
22538 11292 21687
11292 21687 22538
23752 19611 24824
19611 23752 24824
24824 19611 23752
28788 2146 23545
23545 2146 28788
2146 23545 28788
11728 20021 25768
20021 11728 25768
25768 11728 20021
3450 15997 21432
21432 3450 15997
15997 3450 21432
4033 12296 15713
12296 4033 15713
15713 4033 12296
3866 5962 16832
5962 3866 16832
16832 3866 5962
10276 1135 6593
6593 1135 10276
1135 6593 10276
21199 10993 13236
13236 10993 21199
10993 13236 21199
12873 21302 22053
21302 12873 22053
22053 12873 21302
10758 15204 20955
15204 10758 20955
20955 10758 15204
27238 9033 26973
9033 26973 27238
26973 9033 27238
23175 1620 5340
1620 5340 23175
5340 1620 23175
7901 11233 11938
11233 7901 11938
11938 7901 11233
12372 19327 21347
19327 12372 21347
21347 12372 19327
25223 18522 20839
18522 20839 25223
20839 18522 25223
8600 23611 28172
23611 8600 28172
28172 8600 23611
12267 6369 20481
6369 12267 20481
20481 6369 12267
9277 21394 29730
21394 9277 29730
29730 9277 21394
3419 455 21492
455 3419 21492
21492 455 3419
27821 15188 21079
15188 21079 27821
21079 15188 27821
10926 10081 24749
10081 10926 24749
24749 10081 10926
6878 9036 29385
9036 6878 29385
29385 6878 9036
21053 16276 24020
16276 21053 24020
24020 16276 21053
10646 16624 23530
16624 10646 23530
23530 10646 16624
15489 80 28862
80 15489 28862
28862 80 15489
18983 26927 29354
26927 18983 29354
29354 18983 26927
19676 12576 29619
12576 19676 29619
29619 12576 19676
16136 9502 14295
14295 9502 16136
9502 14295 16136
22922 3596 21751
21751 3596 22922
3596 21751 22922
22172 6549 7544
6549 7544 22172
7544 6549 22172
4069 10065 10977
10977 4069 10065
10065 4069 10977
4467 1555 14971
1555 4467 14971
14971 1555 4467
9826 14377 19935
19935 9826 14377
14377 9826 19935
16133 16959 21039
21039 16133 16959
16959 16133 21039
2726 17024 21523
17024 2726 21523
21523 2726 17024
5957 6610 24883
24883 5957 6610
6610 5957 24883
8973 17814 20548
17814 8973 20548
20548 8973 17814
4707 61 29708
29708 61 4707
61 4707 29708
11246 4161 6374
6374 4161 11246
4161 6374 11246
27136 11727 19249
11727 19249 27136
19249 11727 27136
25311 53 2425
53 2425 25311
2425 53 25311
11775 911 23026
911 11775 23026
23026 911 11775
3236 12436 29949
29949 3236 12436
12436 3236 29949
8380 10600 15853
15853 8380 10600
10600 8380 15853
10079 5660 7751
7751 5660 10079
5660 7751 10079
1140 10943 12939
12939 1140 10943
10943 1140 12939
13662 15362 29095
15362 13662 29095
29095 13662 15362
24145 2915 3051
2915 3051 24145
3051 2915 24145
1932 10468 24179
10468 1932 24179
24179 1932 10468
26726 18409 25286
25286 18409 26726
18409 25286 26726
7245 8713 21848
8713 7245 21848
21848 7245 8713
13940 5665 14714
14714 5665 13940
5665 13940 14714
11556 2713 2781
2713 2781 11556
2781 2713 11556
6388 19626 26918
26918 6388 19626
19626 6388 26918
10393 15925 22505
22505 10393 15925
15925 10393 22505
18643 5577 29899
29899 5577 18643
5577 18643 29899
9001 22177 23467
23467 9001 22177
22177 9001 23467
26644 3846 19852
3846 19852 26644
19852 3846 26644
9551 8954 14462
14462 8954 9551
8954 9551 14462
19713 18477 20635
20635 18477 19713
18477 19713 20635
22830 14764 24481
14764 22830 24481
24481 14764 22830
26890 5397 24213
24213 5397 26890
5397 24213 26890
9469 17386 23141
17386 9469 23141
23141 9469 17386
7918 14993 24362
14993 7918 24362
24362 7918 14993
29861 17889 23179
23179 17889 29861
17889 23179 29861
3558 8505 9892
8505 3558 9892
9892 3558 8505
11316 8179 12295
8179 11316 12295
12295 8179 11316
1239 7719 14934
7719 1239 14934
14934 1239 7719
25080 21802 25443
21802 25080 25443
25443 21802 25080
10578 613 12813
613 10578 12813
12813 613 10578
4114 2910 16386
2910 4114 16386
16386 2910 4114
14304 11024 25726
25726 11024 14304
11024 14304 25726
18395 531 28936
531 18395 28936
28936 531 18395
1880 15635 21794
15635 1880 21794
21794 1880 15635
13973 2562 4499
4499 2562 13973
2562 4499 13973
1564 12870 22723
22723 1564 12870
12870 1564 22723
11755 3193 14786
3193 11755 14786
14786 3193 11755
29909 24558 27328
27328 24558 29909
24558 27328 29909
3733 21019 23868
21019 3733 23868
23868 3733 21019
2269 17320 24249
17320 2269 24249
24249 2269 17320
20904 12497 22095
22095 12497 20904
12497 20904 22095
20938 8350 25701
8350 20938 25701
25701 8350 20938
29123 972 26671
972 26671 29123
26671 972 29123
15924 3631 28335
3631 15924 28335
28335 3631 15924
28752 19332 20816
20816 19332 28752
19332 20816 28752
7631 20357 28417
20357 7631 28417
28417 7631 20357
21064 3309 21223
3309 21064 21223
21223 3309 21064
4959 22808 25010
25010 4959 22808
22808 4959 25010
17188 8025 27822
8025 17188 27822
27822 8025 17188
15783 20097 28273
20097 15783 28273
28273 15783 20097
10434 5878 17280
5878 10434 17280
17280 5878 10434
19397 1025 3583
3583 1025 19397
1025 3583 19397
29255 2685 8682
8682 2685 29255
2685 8682 29255
5998 2430 27300
2430 5998 27300
27300 2430 5998
5380 384 27614
384 5380 27614
27614 384 5380
6789 25159 28663
28663 6789 25159
25159 6789 28663
20723 24470 25915
25915 20723 24470
24470 20723 25915
20628 3097 3787
3097 3787 20628
3787 3097 20628
14651 7198 15018
15018 7198 14651
7198 14651 15018
16517 3786 16369
16369 3786 16517
3786 16369 16517
4050 287 26025
287 4050 26025
26025 287 4050
25893 13960 15087
13960 15087 25893
15087 13960 25893
27835 1731 20386
1731 20386 27835
20386 1731 27835
11036 21154 26082
21154 11036 26082
26082 11036 21154
28604 10097 14317
14317 10097 28604
10097 14317 28604
11795 9851 10997
9851 10997 11795
10997 9851 11795
13917 7863 24586
7863 13917 24586
24586 7863 13917
954 15148 21542
15148 954 21542
21542 954 15148
14768 992 6491
992 6491 14768
6491 992 14768
3440 2812 5169
2812 3440 5169
5169 2812 3440
16677 4716 20677
20677 4716 16677
4716 16677 20677
8799 2521 22858
22858 2521 8799
2521 8799 22858
24340 14503 26408
26408 14503 24340
14503 24340 26408
7929 14465 19612
14465 7929 19612
19612 7929 14465
154 23510 28204
23510 154 28204
28204 154 23510
14399 2996 27201
27201 2996 14399
2996 14399 27201
16887 11376 24942
11376 16887 24942
24942 11376 16887
20355 3831 20953
3831 20355 20953
20953 3831 20355
23954 7426 18634
18634 7426 23954
7426 18634 23954
27271 3494 14527
3494 14527 27271
14527 3494 27271
25233 11602 18374
11602 18374 25233
18374 11602 25233
15366 21937 22309
22309 15366 21937
21937 15366 22309
13665 18852 27229
27229 13665 18852
18852 13665 27229
4757 2043 15743
15743 2043 4757
2043 4757 15743
14353 24445 29794
29794 14353 24445
24445 14353 29794
3131 17624 21917
21917 3131 17624
17624 3131 21917
7928 8688 9096
9096 7928 8688
8688 7928 9096
2894 8333 27247
8333 2894 27247
27247 2894 8333
17434 6301 13469
6301 13469 17434
13469 6301 17434
5138 7925 10986
7925 5138 10986
10986 5138 7925
27047 5936 9936
9936 5936 27047
5936 9936 27047
28569 4896 19991
19991 4896 28569
4896 19991 28569
16892 13153 21860
21860 13153 16892
13153 16892 21860
29380 13754 15921
13754 15921 29380
15921 13754 29380
14037 7775 9579
7775 9579 14037
9579 7775 14037
5942 1745 4624
1745 4624 5942
4624 1745 5942
25146 321 20574
20574 321 25146
321 20574 25146
12638 13495 25551
25551 12638 13495
13495 12638 25551
9592 5271 6619
6619 5271 9592
5271 6619 9592
16197 27970 28615
28615 16197 27970
27970 16197 28615
11668 18481 24476
18481 11668 24476
24476 11668 18481
1069 5646 11768
5646 1069 11768
11768 1069 5646
12193 3279 12224
3279 12193 12224
12224 3279 12193
16045 243 24467
243 16045 24467
24467 243 16045
15991 16776 27710
27710 15991 16776
16776 15991 27710
16450 26183 29781
29781 16450 26183
26183 16450 29781
3081 20961 21033
21033 3081 20961
20961 3081 21033
6799 14402 18325
18325 6799 14402
14402 6799 18325
24517 3958 17510
3958 17510 24517
17510 3958 24517
3009 2906 24339
24339 2906 3009
2906 3009 24339
25362 5887 11295
5887 11295 25362
11295 5887 25362
17903 9300 27269
27269 9300 17903
9300 17903 27269
25279 183 7982
183 7982 25279
7982 183 25279
2999 8153 17372
17372 2999 8153
8153 2999 17372
10945 18003 19900
18003 10945 19900
19900 10945 18003
24278 9607 11583
9607 11583 24278
11583 9607 24278
1676 4581 6688
6688 1676 4581
4581 1676 6688
20250 5935 13215
13215 5935 20250
5935 13215 20250
29875 11710 14218
11710 14218 29875
14218 11710 29875
17896 25045 29232
29232 17896 25045
25045 17896 29232
24295 16741 19631
19631 16741 24295
16741 19631 24295
5718 11532 18726
18726 5718 11532
11532 5718 18726
18056 21551 27057
27057 18056 21551
21551 18056 27057
14927 15719 24324
24324 14927 15719
15719 14927 24324
22704 115 19614
115 19614 22704
19614 115 22704
10652 18903 19835
19835 10652 18903
18903 10652 19835
24255 2029 17303
2029 17303 24255
17303 2029 24255
29783 10508 27504
10508 27504 29783
27504 10508 29783
8522 4779 12534
4779 8522 12534
12534 4779 8522
388 4909 15266
4909 388 15266
15266 388 4909
23253 1975 21192
21192 1975 23253
1975 21192 23253
3211 2054 20535
2054 3211 20535
20535 2054 3211
14805 1056 10845
10845 1056 14805
1056 10845 14805
9702 3001 8217
8217 3001 9702
3001 8217 9702
20359 20866 29510
20866 20359 29510
29510 20359 20866
8638 11799 28206
11799 8638 28206
28206 8638 11799
26659 11828 12341
11828 12341 26659
12341 11828 26659
5207 6329 29572
6329 5207 29572
29572 5207 6329
24100 4830 23773
4830 23773 24100
23773 4830 24100
9020 13565 14155
13565 9020 14155
14155 9020 13565
24699 22774 27108
22774 24699 27108
27108 22774 24699
24070 20484 25897
20484 24070 25897
25897 20484 24070
12049 15916 17938
15916 12049 17938
17938 12049 15916
26466 6158 12814
6158 12814 26466
12814 6158 26466
24757 10627 20341
10627 20341 24757
20341 10627 24757
18491 10011 11245
11245 10011 18491
10011 11245 18491
16767 3812 29415
3812 16767 29415
29415 3812 16767
24229 10164 13861
10164 13861 24229
13861 10164 24229
8550 25594 28343
28343 8550 25594
25594 8550 28343
7723 5869 11277
5869 7723 11277
11277 5869 7723
23014 3237 25103
25103 3237 23014
3237 23014 25103
2464 3261 21298
3261 2464 21298
21298 2464 3261
14796 1351 25162
1351 14796 25162
25162 1351 14796
11497 13522 18224
13522 11497 18224
18224 11497 13522
5801 1779 24723
1779 5801 24723
24723 1779 5801
24511 7075 9823
9823 7075 24511
7075 9823 24511
1632 8790 20439
20439 1632 8790
8790 1632 20439
25846 7771 29449
29449 7771 25846
7771 25846 29449
16150 3437 9012
9012 3437 16150
3437 9012 16150
26798 13091 18196
13091 18196 26798
18196 13091 26798
2215 18540 26650
18540 2215 26650
26650 2215 18540
4414 15233 22488
22488 4414 15233
15233 4414 22488
15604 3632 15464
15464 3632 15604
3632 15464 15604
3711 5438 7710
5438 3711 7710
7710 3711 5438
7776 12404 13664
12404 7776 13664
13664 7776 12404
20744 453 21509
21509 453 20744
453 20744 21509
21908 7471 21593
7471 21593 21908
21593 7471 21908
4089 8670 18267
8670 4089 18267
18267 4089 8670
6853 6032 11848
11848 6032 6853
6032 6853 11848
9688 2683 15941
15941 2683 9688
2683 9688 15941
2488 15238 28900
15238 2488 28900
28900 2488 15238
7327 5336 26503
5336 7327 26503
26503 5336 7327
20430 14590 29744
14590 20430 29744
29744 14590 20430
21636 5118 29884
5118 21636 29884
29884 5118 21636
5021 17432 26139
17432 5021 26139
26139 5021 17432
17949 3956 29782
3956 17949 29782
29782 3956 17949
10643 22472 26355
22472 10643 26355
26355 10643 22472
26410 15312 17178
15312 17178 26410
17178 15312 26410
1321 19838 24551
19838 1321 24551
24551 1321 19838
19208 20995 21622
21622 19208 20995
20995 19208 21622
22563 18790 23440
23440 18790 22563
18790 22563 23440
26510 4720 17926
17926 4720 26510
4720 17926 26510
29561 17617 28893
28893 17617 29561
17617 28893 29561
8068 22066 25523
22066 8068 25523
25523 8068 22066
6440 2624 23688
23688 2624 6440
2624 6440 23688
25581 22393 29666
22393 25581 29666
29666 22393 25581
18588 15448 19301
19301 15448 18588
15448 18588 19301
417 14370 22412
22412 417 14370
14370 417 22412
15889 19579 25517
19579 15889 25517
25517 15889 19579
17162 3909 20890
20890 3909 17162
3909 17162 20890
21353 9089 22427
9089 21353 22427
22427 9089 21353
9572 5066 20771
20771 5066 9572
5066 9572 20771
23810 24823 26711
26711 23810 24823
24823 23810 26711
13361 20510 27358
27358 13361 20510
20510 13361 27358
867 19247 26000
19247 867 26000
26000 867 19247
13126 3739 11852
11852 3739 13126
3739 11852 13126
11529 7890 9603
7890 9603 11529
9603 7890 11529
15392 9376 19941
19941 9376 15392
9376 15392 19941
21456 3073 15124
3073 15124 21456
15124 3073 21456
15794 7371 27732
7371 15794 27732
27732 7371 15794
11589 15729 29008
15729 11589 29008
29008 11589 15729
10664 9662 15854
15854 9662 10664
9662 10664 15854
9177 17219 22306
22306 9177 17219
17219 9177 22306
26356 21407 22622
22622 21407 26356
21407 22622 26356
6777 7210 29104
7210 6777 29104
29104 6777 7210
7370 6009 19311
19311 6009 7370
6009 7370 19311
10799 18256 24940
18256 10799 24940
24940 10799 18256
18113 1834 15076
15076 1834 18113
1834 15076 18113
5591 8956 28723
8956 5591 28723
28723 5591 8956
19474 20864 26847
20864 19474 26847
26847 19474 20864
16190 12240 18301
12240 16190 18301
18301 12240 16190
2761 3445 19120
3445 2761 19120
19120 2761 3445
21251 1365 15406
1365 15406 21251
15406 1365 21251
14116 6686 13370
13370 6686 14116
6686 13370 14116
22900 23393 27083
23393 22900 27083
27083 22900 23393
26316 5311 27995
27995 5311 26316
5311 26316 27995
426 19743 19753
19743 426 19753
19753 426 19743
5650 230 9984
9984 230 5650
230 5650 9984
1672 15152 16161
15152 1672 16161
16161 1672 15152
1515 6815 12885
12885 1515 6815
6815 1515 12885
5193 22329 22885
22329 5193 22885
22885 5193 22329
4308 14376 29750
14376 4308 29750
29750 4308 14376
4476 18466 22416
22416 4476 18466
18466 4476 22416
29464 543 17688
17688 543 29464
543 17688 29464
6306 9410 27632
27632 6306 9410
9410 6306 27632
13920 74 2946
74 2946 13920
2946 74 13920
12097 12387 24193
24193 12097 12387
12387 12097 24193
17944 2148 17587
17587 2148 17944
2148 17587 17944
4732 5696 19365
5696 4732 19365
19365 4732 5696
23725 2341 21471
2341 21471 23725
21471 2341 23725
7550 19079 22365
22365 7550 19079
19079 7550 22365
482 4859 29932
4859 482 29932
29932 482 4859
3130 3971 6514
3971 3130 6514
6514 3130 3971
20295 3601 29253
29253 3601 20295
3601 20295 29253
28163 4978 11241
11241 4978 28163
4978 11241 28163
27399 8411 27164
27164 8411 27399
8411 27164 27399
19211 19143 21761
21761 19143 19211
19143 19211 21761
9054 3000 3725
3000 3725 9054
3725 3000 9054
17138 17295 18989
17295 17138 18989
18989 17138 17295
20176 2984 21504
21504 2984 20176
2984 20176 21504
3838 3735 9166
9166 3735 3838
3735 3838 9166
8087 18182 26093
18182 8087 26093
26093 8087 18182
8367 9704 18796
18796 8367 9704
9704 8367 18796
342 13456 15636
13456 342 15636
15636 342 13456
26237 17403 26732
17403 26237 26732
26732 17403 26237
27213 27212 28600
27212 27213 28600
28600 27212 27213
28034 13678 29663
13678 28034 29663
29663 13678 28034
25043 17621 28197
28197 17621 25043
17621 25043 28197
24687 19466 26337
26337 19466 24687
19466 24687 26337
11310 7058 24509
7058 11310 24509
24509 7058 11310
28898 8933 23401
23401 8933 28898
8933 23401 28898
12548 7796 9696
9696 7796 12548
7796 9696 12548
13601 11344 24755
11344 13601 24755
24755 11344 13601
11985 7330 22700
7330 11985 22700
22700 7330 11985
23491 14909 21534
14909 21534 23491
21534 14909 23491
28355 10352 26416
10352 26416 28355
26416 10352 28355
18671 1813 5379
5379 1813 18671
1813 5379 18671
12577 9351 15275
9351 12577 15275
15275 9351 12577
5776 7029 27139
7029 5776 27139
27139 5776 7029
20310 10606 17629
10606 17629 20310
17629 10606 20310
428 18397 21334
18397 428 21334
21334 428 18397
16277 395 4455
395 4455 16277
4455 395 16277
11386 11997 25052
25052 11386 11997
11997 11386 25052
8175 7012 29854
7012 8175 29854
29854 7012 8175
