180 51 255
51 180 255
255 51 180
200 3 246
3 200 246
246 3 200
188 284 294
284 188 294
294 188 284
227 10 103
10 103 227
103 10 227
78 20 266
20 78 266
266 20 78
270 11 203
11 203 270
203 11 270
63 252 264
264 63 252
252 63 264
116 75 289
75 116 289
289 75 116
187 120 181
120 181 187
181 120 187
241 197 225
225 197 241
197 225 241
152 39 262
39 152 262
262 39 152
293 8 148
148 8 293
8 148 293
223 37 286
286 37 223
37 223 286
92 70 144
70 92 144
144 70 92
79 170 185
185 79 170
170 79 185
297 68 80
68 80 297
80 68 297
254 18 202
202 18 254
18 202 254
204 183 274
274 183 204
183 204 274
25 6 217
217 6 25
6 25 217
210 42 118
118 42 210
42 118 210
98 129 233
129 98 233
233 98 129
147 17 121
121 17 147
17 121 147
201 163 214
214 163 201
163 201 214
160 167 169
167 160 169
169 160 167
94 53 65
65 53 94
53 65 94
54 12 196
12 54 196
196 12 54
207 16 272
16 207 272
272 16 207
178 9 279
9 178 279
279 9 178
74 111 253
253 74 111
111 74 253
283 208 268
208 268 283
268 208 283
73 4 291
4 73 291
291 4 73
238 15 251
15 238 251
251 15 238
14 102 231
231 14 102
102 14 231
234 168 194
194 168 234
168 194 234
93 82 213
213 82 93
82 93 213
26 64 133
133 26 64
64 26 133
290 99 134
134 99 290
99 134 290
5 242 288
242 5 288
288 5 242
7 67 113
113 7 67
67 7 113
229 211 256
256 211 229
211 229 256
55 114 226
114 55 226
226 55 114
131 1 281
1 131 281
281 1 131
19 60 77
77 19 60
60 19 77
146 97 128
128 97 146
97 128 146
257 38 143
143 38 257
38 143 257
150 172 245
245 150 172
172 150 245
23 87 151
87 23 151
151 23 87
85 161 212
161 85 212
212 85 161
59 57 248
248 57 59
57 59 248
192 81 112
81 112 192
112 81 192
157 100 277
277 100 157
100 157 277
175 115 179
179 115 175
115 175 179
190 30 215
30 190 215
215 30 190
117 235 237
237 117 235
235 117 237
219 83 267
83 219 267
267 83 219
228 76 164
76 164 228
164 76 228
132 91 142
91 132 142
142 91 132
40 43 135
43 40 135
135 40 43
34 159 292
159 34 292
292 34 159
124 33 48
33 48 124
48 33 124
271 156 250
156 250 271
250 156 271
127 58 155
58 127 155
155 58 127
119 90 177
90 119 177
177 90 119
108 125 126
126 108 125
125 108 126
221 171 191
171 191 221
191 171 221
31 44 101
101 31 44
44 31 101
193 232 273
232 193 273
273 193 232
258 222 259
222 258 259
259 222 258
35 145 182
182 35 145
145 35 182
84 29 41
29 41 84
41 29 84
186 216 287
216 186 287
287 186 216
50 49 69
49 50 69
69 49 50
13 104 130
130 13 104
104 13 130
299 86 122
122 86 299
86 122 299
52 205 275
275 52 205
205 52 275
209 88 184
184 88 209
88 184 209
154 45 47
45 47 154
47 45 154
166 139 220
139 166 220
220 139 166
61 138 280
138 61 280
280 61 138
300 71 265
265 71 300
71 265 300
240 218 236
236 218 240
218 236 240
244 123 296
123 244 296
296 123 244
141 110 230
230 110 141
110 141 230
72 105 282
105 72 282
282 72 105
96 22 27
22 27 96
27 22 96
224 165 247
247 165 224
165 224 247
136 158 174
158 136 174
174 136 158
56 46 263
46 56 263
263 46 56
243 95 106
95 106 243
106 95 243
276 176 206
206 176 276
176 206 276
32 199 239
239 32 199
199 32 239
198 28 189
28 189 198
189 28 198
21 269 278
269 21 278
278 21 269
89 173 249
249 89 173
173 89 249
261 24 295
24 261 295
295 24 261
109 2 62
2 62 109
62 2 109
285 36 137
137 36 285
36 137 285
162 140 298
140 162 298
298 140 162
195 153 260
260 153 195
153 195 260
66 107 149
149 66 107
107 66 149
