707 1048 1887
1048 707 1887
1887 707 1048
983 2353 2659
2659 983 2353
2353 983 2659
2518 378 1486
378 1486 2518
1486 378 2518
2837 597 670
670 597 2837
597 670 2837
2334 1206 2458
2458 1206 2334
1206 2334 2458
2228 239 1746
1746 239 2228
239 1746 2228
498 367 2407
2407 367 498
367 498 2407
1265 335 1711
335 1265 1711
1711 335 1265
1849 1624 2912
2912 1624 1849
1624 1849 2912
2661 2130 2174
2130 2174 2661
2174 2130 2661
1267 158 1755
1755 158 1267
158 1267 1755
23 369 915
369 23 915
915 23 369
978 616 682
616 682 978
682 616 978
344 1452 2829
2829 344 1452
1452 344 2829
1237 220 1701
220 1237 1701
1701 220 1237
2076 2190 2293
2293 2076 2190
2190 2076 2293
2320 262 2840
262 2320 2840
2840 262 2320
2209 1482 1782
1482 1782 2209
1782 1482 2209
1260 131 689
689 131 1260
131 689 1260
989 895 939
939 895 989
895 939 989
1292 333 926
333 926 1292
926 333 1292
145 1633 2388
1633 145 2388
2388 145 1633
515 314 1797
314 515 1797
1797 314 515
411 1373 2631
1373 411 2631
2631 411 1373
248 640 970
970 248 640
640 248 970
672 822 1131
822 672 1131
1131 672 822
2184 609 824
824 609 2184
609 824 2184
1083 1134 1677
1134 1083 1677
1677 1083 1134
1024 370 1975
1975 370 1024
370 1024 1975
1650 1439 1593
1593 1439 1650
1439 1593 1650
2075 617 2298
2298 617 2075
617 2075 2298
1132 1309 2693
1309 1132 2693
2693 1132 1309
308 1597 1651
1597 308 1651
1651 308 1597
931 108 2811
2811 108 931
108 931 2811
1427 885 2633
2633 885 1427
885 1427 2633
2336 1662 2026
2026 1662 2336
1662 2026 2336
1101 2237 2409
2237 1101 2409
2409 1101 2237
2145 1716 2872
2872 1716 2145
1716 2145 2872
2086 233 1286
233 1286 2086
1286 233 2086
1433 34 2632
34 1433 2632
2632 34 1433
1665 1446 3000
3000 1446 1665
1446 1665 3000
1337 966 2833
966 1337 2833
2833 966 1337
1962 2338 2942
2338 1962 2942
2942 1962 2338
266 574 1094
1094 266 574
574 266 1094
252 1157 2654
1157 252 2654
2654 252 1157
2492 1802 1925
1802 1925 2492
1925 1802 2492
100 394 1015
394 100 1015
1015 100 394
710 714 1072
714 710 1072
1072 710 714
1255 1721 2774
2774 1255 1721
1721 1255 2774
191 395 2569
2569 191 395
395 191 2569
2361 1809 2211
1809 2211 2361
2211 1809 2361
2524 1009 1313
1313 1009 2524
1009 1313 2524
637 917 2421
917 637 2421
2421 637 917
2790 124 864
864 124 2790
124 864 2790
550 2505 2724
2505 550 2724
2724 550 2505
2570 1423 2489
1423 2489 2570
2489 1423 2570
1060 120 2177
120 1060 2177
2177 120 1060
240 2877 2966
2966 240 2877
2877 240 2966
2277 473 2304
473 2277 2304
2304 473 2277
598 1198 2955
1198 598 2955
2955 598 1198
25 237 2865
237 25 2865
2865 25 237
1632 1235 1592
1592 1235 1632
1235 1592 1632
880 170 2741
170 880 2741
2741 170 880
1347 649 1443
1443 649 1347
649 1347 1443
2227 1658 2953
1658 2227 2953
2953 1658 2227
512 632 1557
632 512 1557
1557 512 632
2084 1428 1475
1475 1428 2084
1428 1475 2084
2129 364 1031
1031 364 2129
364 1031 2129
1380 98 2059
2059 98 1380
98 1380 2059
1302 384 450
384 450 1302
450 384 1302
412 328 1310
1310 328 412
328 412 1310
209 922 2104
922 209 2104
2104 209 922
112 488 977
488 112 977
977 112 488
2843 1580 2617
2617 1580 2843
1580 2617 2843
2534 320 2455
320 2455 2534
2455 320 2534
2964 996 1985
1985 996 2964
996 1985 2964
187 836 1667
1667 187 836
836 187 1667
1382 699 700
700 699 1382
699 700 1382
1954 405 959
959 405 1954
405 959 1954
1565 1587 1884
1587 1565 1884
1884 1565 1587
2025 1141 2056
1141 2025 2056
2056 1141 2025
681 795 1787
1787 681 795
795 681 1787
999 226 2796
2796 226 999
226 999 2796
1367 283 1312
283 1312 1367
1312 283 1367
1972 575 1914
575 1914 1972
1914 575 1972
1042 227 2623
2623 227 1042
227 1042 2623
848 594 1375
594 848 1375
1375 594 848
2363 1644 2822
1644 2363 2822
2822 1644 2363
960 359 1841
1841 359 960
359 960 1841
2655 2105 2962
2105 2655 2962
2962 2105 2655
2976 205 2007
205 2007 2976
2007 205 2976
2886 1264 2316
2316 1264 2886
1264 2316 2886
258 116 1244
1244 116 258
116 258 1244
2067 660 1061
660 1061 2067
1061 660 2067
1466 2124 2819
2124 1466 2819
2819 1466 2124
2934 275 991
991 275 2934
275 991 2934
6 1540 1816
1816 6 1540
1540 6 1816
1070 2604 2610
2610 1070 2604
2604 1070 2610
1357 1 528
528 1 1357
1 528 1357
361 274 2895
274 361 2895
2895 274 361
298 1047 1908
1047 298 1908
1908 298 1047
2424 932 1570
1570 932 2424
932 1570 2424
701 1682 1986
1682 701 1986
1986 701 1682
1205 236 1681
236 1205 1681
1681 236 1205
2260 1698 2653
1698 2260 2653
2653 1698 2260
178 330 587
330 178 587
587 178 330
2477 518 1964
518 1964 2477
1964 518 2477
2695 426 435
435 426 2695
426 435 2695
150 739 752
752 150 739
739 150 752
2347 18 1333
1333 18 2347
18 1333 2347
1348 416 2668
2668 416 1348
416 1348 2668
2244 2441 2787
2441 2244 2787
2787 2244 2441
2290 1932 2933
2933 1932 2290
1932 2290 2933
2683 1194 2596
1194 2596 2683
2596 1194 2683
686 829 1376
829 686 1376
1376 686 829
596 666 1573
666 596 1573
1573 596 666
2899 1663 2511
1663 2511 2899
2511 1663 2899
2924 1775 1862
1862 1775 2924
1775 1862 2924
2793 943 2003
943 2003 2793
2003 943 2793
1741 281 656
656 281 1741
281 656 1741
2738 799 1390
1390 799 2738
799 1390 2738
1555 1713 2163
2163 1555 1713
1713 1555 2163
1396 1316 2587
2587 1316 1396
1316 1396 2587
1449 866 2438
866 1449 2438
2438 866 1449
1839 1027 1073
1027 1073 1839
1073 1027 1839
2066 80 1001
1001 80 2066
80 1001 2066
890 8 1766
1766 8 890
8 890 1766
241 420 717
420 241 717
717 241 420
1934 1210 1434
1210 1434 1934
1434 1210 1934
1386 2179 2965
2965 1386 2179
2179 1386 2965
149 2014 2151
2014 149 2151
2151 149 2014
2926 1099 1752
1099 1752 2926
1752 1099 2926
2405 2071 2139
2071 2139 2405
2139 2071 2405
174 451 2247
2247 174 451
451 174 2247
2473 2015 2243
2243 2015 2473
2015 2243 2473
1622 148 702
702 148 1622
148 702 1622
1451 402 1092
402 1092 1451
1092 402 1451
455 1459 2931
2931 455 1459
1459 455 2931
665 341 1165
1165 341 665
341 665 1165
1050 282 2950
2950 282 1050
282 1050 2950
902 1542 1659
1542 902 1659
1659 902 1542
2618 1369 2377
2377 1369 2618
1369 2377 2618
857 487 2030
487 857 2030
2030 487 857
1477 1315 2158
1315 1477 2158
2158 1315 1477
2461 162 1983
162 1983 2461
1983 162 2461
1635 292 711
292 711 1635
711 292 1635
811 946 1179
946 811 1179
1179 811 946
125 1224 1550
1550 125 1224
1224 125 1550
161 642 2839
2839 161 642
642 161 2839
2089 1148 2271
1148 2089 2271
2271 1148 2089
59 778 2888
778 59 2888
2888 59 778
2212 243 2437
2437 243 2212
243 2212 2437
2307 667 861
861 667 2307
667 861 2307
2418 1147 1305
1305 1147 2418
1147 1305 2418
1868 277 346
277 346 1868
346 277 1868
1924 1195 1993
1195 1924 1993
1993 1195 1924
2016 264 2397
264 2016 2397
2397 264 2016
2713 2106 2337
2106 2337 2713
2337 2106 2713
595 992 1895
1895 595 992
992 595 1895
2723 847 2280
847 2280 2723
2280 847 2723
1180 1440 2088
2088 1180 1440
1440 1180 2088
1789 1992 2301
2301 1789 1992
1992 1789 2301
1863 1467 2033
1467 1863 2033
2033 1467 1863
2709 2539 2652
2652 2539 2709
2539 2652 2709
1156 1411 2253
2253 1156 1411
1411 1156 2253
1225 392 882
882 392 1225
392 882 1225
1012 325 979
979 325 1012
325 979 1012
2294 1833 2519
2519 1833 2294
1833 2294 2519
337 1216 2746
2746 337 1216
1216 337 2746
486 914 1676
914 486 1676
1676 486 914
1404 78 2375
78 1404 2375
2375 78 1404
1392 2109 2396
2396 1392 2109
2109 1392 2396
50 1299 1539
1299 50 1539
1539 50 1299
340 883 2189
2189 340 883
883 340 2189
2878 301 2743
2743 301 2878
301 2743 2878
2725 1262 1398
1262 1398 2725
1398 1262 2725
745 160 186
160 186 745
186 160 745
360 1358 1566
1566 360 1358
1358 360 1566
1096 1410 2464
1410 1096 2464
2464 1096 1410
1519 2118 2120
2120 1519 2118
2118 1519 2120
708 780 1069
780 708 1069
1069 708 780
971 1780 2142
1780 971 2142
2142 971 1780
1623 555 2777
2777 555 1623
555 1623 2777
2168 472 2254
472 2168 2254
2254 472 2168
2828 1678 2482
2482 1678 2828
1678 2482 2828
2242 1046 1889
1889 1046 2242
1046 1889 2242
2133 720 1328
1328 720 2133
720 1328 2133
2860 16 1138
1138 16 2860
16 1138 2860
577 1890 2562
1890 577 2562
2562 577 1890
2020 2323 2794
2794 2020 2323
2323 2020 2794
772 1360 1996
1996 772 1360
1360 772 1996
2231 776 1323
1323 776 2231
776 1323 2231
1920 1940 2697
1940 1920 2697
2697 1920 1940
607 973 2480
973 607 2480
2480 607 973
2381 1081 2971
2971 1081 2381
1081 2381 2971
2910 1487 2902
2902 1487 2910
1487 2902 2910
2340 1106 1976
1106 1976 2340
1976 1106 2340
2906 846 2349
846 2349 2906
2349 846 2906
1463 1034 1922
1034 1463 1922
1922 1034 1463
501 1939 2559
2559 501 1939
1939 501 2559
2960 464 1356
1356 464 2960
464 1356 2960
2138 218 273
273 218 2138
218 273 2138
1108 307 2817
307 1108 2817
2817 307 1108
646 90 2808
90 646 2808
2808 90 646
1595 757 1759
757 1595 1759
1759 757 1595
548 234 1846
234 548 1846
1846 234 548
2629 507 1145
1145 507 2629
507 1145 2629
1541 768 1290
768 1290 1541
1290 768 1541
1638 975 2801
2801 975 1638
975 1638 2801
748 1669 2667
2667 748 1669
1669 748 2667
2303 1325 2582
2582 1325 2303
1325 2303 2582
1749 1215 2485
2485 1215 1749
1215 1749 2485
418 1119 1786
1119 418 1786
1786 418 1119
2504 271 2538
271 2504 2538
2538 271 2504
1850 173 2961
173 1850 2961
2961 173 1850
2500 88 1774
1774 88 2500
88 1774 2500
2399 449 1788
1788 449 2399
449 1788 2399
2413 2452 2532
2452 2413 2532
2532 2413 2452
500 398 1705
398 500 1705
1705 398 500
84 382 2560
382 84 2560
2560 84 382
2679 873 2903
873 2679 2903
2903 873 2679
319 135 1424
135 319 1424
1424 135 319
2443 427 2428
2428 427 2443
427 2428 2443
2008 47 604
47 604 2008
604 47 2008
1733 783 2080
2080 783 1733
783 1733 2080
2426 986 1903
1903 986 2426
986 1903 2426
1876 2119 2217
2119 1876 2217
2217 1876 2119
2446 601 1415
601 1415 2446
1415 601 2446
2187 1163 2862
1163 2187 2862
2862 1163 2187
2266 988 2191
988 2191 2266
2191 988 2266
1615 874 2373
874 1615 2373
2373 874 1615
1000 1675 2155
1675 1000 2155
2155 1000 1675
1680 2859 2979
2859 1680 2979
2979 1680 2859
2252 1473 1568
1568 1473 2252
1473 1568 2252
2081 117 2203
2203 117 2081
117 2081 2203
781 1052 1546
1546 781 1052
1052 781 1546
896 1562 1683
1683 896 1562
1562 896 1683
2425 894 2784
2784 894 2425
894 2425 2784
1298 2599 2680
2599 1298 2680
2680 1298 2599
1497 268 611
611 268 1497
268 611 1497
2249 833 2058
833 2058 2249
2058 833 2249
2022 1674 2892
2892 1674 2022
1674 2022 2892
1936 37 1937
1937 37 1936
37 1936 1937
2229 509 1377
509 1377 2229
1377 509 2229
2603 786 2583
786 2583 2603
2583 786 2603
2328 217 2367
217 2328 2367
2367 217 2328
511 1536 2331
2331 511 1536
1536 511 2331
2342 1634 1904
1634 1904 2342
1904 1634 2342
2541 2588 2721
2721 2541 2588
2588 2541 2721
2150 2535 2997
2997 2150 2535
2535 2150 2997
1274 818 1172
1172 818 1274
818 1172 1274
1753 764 1277
764 1277 1753
1277 764 1753
483 2664 2929
2929 483 2664
2664 483 2929
2197 709 2031
709 2031 2197
2031 709 2197
2196 168 2165
2165 168 2196
168 2165 2196
1718 2108 2999
2999 1718 2108
2108 1718 2999
887 911 1725
911 887 1725
1725 887 911
1836 2005 2526
2005 1836 2526
2526 1836 2005
2358 417 1420
417 1420 2358
1420 417 2358
1970 216 1564
1564 216 1970
216 1564 1970
1773 1703 2515
1703 1773 2515
2515 1703 1773
2820 1188 2800
2800 1188 2820
1188 2800 2820
2536 71 2656
2656 71 2536
71 2536 2656
2072 142 2615
142 2072 2615
2615 142 2072
1776 898 957
957 898 1776
898 957 1776
1977 1413 2457
1413 1977 2457
2457 1413 1977
139 1304 1881
1304 139 1881
1881 139 1304
375 806 2514
2514 375 806
806 375 2514
1033 1670 2472
1670 1033 2472
2472 1033 1670
2068 492 810
810 492 2068
492 810 2068
1110 1199 2257
1199 1110 2257
2257 1110 1199
97 522 2327
522 97 2327
2327 97 522
224 286 1103
286 224 1103
1103 224 286
1772 1221 1672
1672 1221 1772
1221 1672 1772
644 2369 2467
2369 644 2467
2467 644 2369
704 1627 2093
2093 704 1627
1627 704 2093
2359 801 840
840 801 2359
801 840 2359
1403 879 2295
2295 879 1403
879 1403 2295
2577 513 904
904 513 2577
513 904 2577
2444 900 1062
900 1062 2444
1062 900 2444
758 527 2356
2356 527 758
527 758 2356
566 1270 2568
1270 566 2568
2568 566 1270
1955 2761 2781
2761 1955 2781
2781 1955 2761
1973 716 1824
1824 716 1973
716 1824 1973
2273 2272 2427
2272 2273 2427
2427 2272 2273
1045 514 2264
514 1045 2264
2264 514 1045
1200 2624 2807
2624 1200 2807
2807 1200 2624
2681 1387 2160
1387 2160 2681
2160 1387 2681
2100 1207 2782
1207 2100 2782
2782 1207 2100
2649 5 2171
2171 5 2649
5 2171 2649
1614 878 2141
878 1614 2141
2141 878 1614
964 1629 1982
1629 964 1982
1982 964 1629
327 1229 2483
2483 327 1229
1229 327 2483
2222 2091 2547
2091 2222 2547
2547 2091 2222
863 1261 2672
2672 863 1261
1261 863 2672
312 54 2540
2540 54 312
54 312 2540
1695 293 1707
1707 293 1695
293 1695 1707
2276 621 1689
1689 621 2276
621 1689 2276
1167 684 2403
2403 684 1167
684 1167 2403
1211 1611 1745
1745 1211 1611
1611 1211 1745
2717 754 1384
754 1384 2717
1384 754 2717
808 345 1402
1402 345 808
345 808 1402
24 1994 2670
1994 24 2670
2670 24 1994
2319 788 1326
788 1326 2319
1326 788 2319
2019 17 2287
17 2019 2287
2287 17 2019
737 1234 2317
1234 737 2317
2317 737 1234
1116 164 2944
2944 164 1116
164 1116 2944
231 1252 1311
1311 231 1252
1252 231 1311
1783 1928 2087
2087 1783 1928
1928 1783 2087
2507 930 2750
930 2507 2750
2750 930 2507
703 383 2321
383 703 2321
2321 383 703
2734 1720 1893
1720 1893 2734
1893 1720 2734
447 208 2758
2758 208 447
208 447 2758
355 2460 2855
2855 355 2460
2460 355 2855
1168 1202 2282
1202 1168 2282
2282 1168 1202
1422 376 1479
376 1422 1479
1479 376 1422
2035 721 2565
721 2035 2565
2565 721 2035
2619 87 1395
87 1395 2619
1395 87 2619
1817 1185 2306
2306 1185 1817
1185 1817 2306
2550 2345 2613
2613 2345 2550
2345 2550 2613
2851 2755 2812
2812 2755 2851
2755 2812 2851
997 1547 1691
1547 997 1691
1691 997 1547
1553 663 1136
1136 663 1553
663 1136 1553
385 2029 2548
2029 385 2548
2548 385 2029
756 422 2329
422 756 2329
2329 422 756
2925 1491 2945
1491 2925 2945
2945 1491 2925
2341 553 993
553 993 2341
993 553 2341
336 1510 2194
1510 336 2194
2194 336 1510
2744 166 2896
166 2744 2896
2896 166 2744
1400 1864 2716
1864 1400 2716
2716 1400 1864
605 1891 2620
2620 605 1891
1891 605 2620
2278 2398 2752
2752 2278 2398
2398 2278 2752
1771 1335 2974
2974 1335 1771
1335 1771 2974
2152 1301 1860
1301 1860 2152
1860 1301 2152
152 1349 1499
1499 152 1349
1349 152 1499
1956 775 1352
1352 775 1956
775 1352 1956
1575 969 1228
969 1228 1575
1228 969 1575
546 311 471
471 311 546
311 471 546
976 940 2299
940 976 2299
2299 940 976
1240 1631 1880
1631 1240 1880
1880 1240 1631
2223 102 2987
102 2223 2987
2987 102 2223
2756 1950 2144
1950 2144 2756
2144 1950 2756
1071 1035 2815
1035 1071 2815
2815 1035 1071
2292 479 2296
2296 479 2292
479 2292 2296
1778 1656 1923
1656 1778 1923
1923 1656 1778
1345 1139 1604
1139 1345 1604
1604 1139 1345
2703 1122 1763
1763 1122 2703
1122 1763 2703
2256 2157 2412
2157 2256 2412
2412 2157 2256
207 1919 2114
1919 207 2114
2114 207 1919
984 837 872
872 837 984
837 872 984
1795 365 2789
2789 365 1795
365 1795 2789
285 1212 1254
1212 285 1254
1254 285 1212
1852 1104 1740
1104 1740 1852
1740 1104 1852
690 19 2893
2893 19 690
19 690 2893
809 653 1011
653 809 1011
1011 653 809
202 935 1164
935 202 1164
1164 202 935
399 249 2192
249 399 2192
2192 249 399
323 591 962
962 323 591
591 323 962
1572 235 1686
235 1572 1686
1686 235 1572
2392 1793 2408
1793 2392 2408
2408 1793 2392
2711 349 2436
2436 349 2711
349 2436 2711
843 10 698
10 698 843
698 10 843
1293 133 2907
2907 133 1293
133 1293 2907
823 1690 2788
1690 823 2788
2788 823 1690
105 755 2845
2845 105 755
755 105 2845
442 1469 2614
2614 442 1469
1469 442 2614
831 138 1668
1668 138 831
138 831 1668
2712 329 1679
329 1679 2712
1679 329 2712
1798 401 2983
2983 401 1798
401 1798 2983
225 504 1571
504 225 1571
1571 225 504
800 475 2876
475 800 2876
2876 475 800
1618 654 974
974 654 1618
654 974 1618
276 2506 2522
2506 276 2522
2522 276 2506
2435 7 1146
7 1146 2435
1146 7 2435
812 415 1712
1712 415 812
415 812 1712
440 1115 1251
1251 440 1115
1115 440 1251
1282 502 1351
1351 502 1282
502 1282 1351
1109 901 934
901 934 1109
934 901 1109
22 643 1284
643 22 1284
1284 22 643
945 134 1160
134 945 1160
1160 134 945
2553 1149 2958
2958 1149 2553
1149 2553 2958
1472 802 1941
802 1472 1941
1941 802 1472
664 1647 1806
1647 664 1806
1806 664 1647
1182 1626 1980
1980 1182 1626
1626 1182 1980
438 86 1508
1508 86 438
86 438 1508
936 64 2861
64 936 2861
2861 64 936
562 1697 2651
1697 562 2651
2651 562 1697
2867 2047 2863
2047 2863 2867
2863 2047 2867
445 722 2238
722 445 2238
2238 445 722
1409 1917 2463
2463 1409 1917
1917 1409 2463
516 197 1861
197 516 1861
1861 197 516
1742 1724 1979
1724 1742 1979
1979 1724 1742
2882 641 2366
641 2366 2882
2366 641 2882
1314 278 2732
278 1314 2732
2732 278 1314
1458 299 603
603 299 1458
299 603 1458
1227 1642 2769
1642 1227 2769
2769 1227 1642
1308 2010 2719
2719 1308 2010
2010 1308 2719
870 1851 2687
1851 870 2687
2687 870 1851
2263 68 564
68 564 2263
564 68 2263
104 859 2928
859 104 2928
2928 104 859
470 1489 1777
1777 470 1489
1489 470 1777
2660 1640 1842
1842 1640 2660
1640 1842 2660
1130 175 2496
175 1130 2496
2496 175 1130
2170 1645 2574
2574 1645 2170
1645 2170 2574
193 210 2678
2678 193 210
210 193 2678
884 867 1121
1121 867 884
867 884 1121
2830 1866 2578
1866 2578 2830
2578 1866 2830
128 2169 2324
2324 128 2169
2169 128 2324
2838 630 2932
630 2838 2932
2932 630 2838
2607 1654 1700
1654 1700 2607
1700 1654 2607
2180 893 1605
893 1605 2180
1605 893 2180
1769 1291 1791
1791 1291 1769
1291 1769 1791
2791 195 868
868 195 2791
195 868 2791
1879 1480 2270
2270 1480 1879
1480 1879 2270
1085 968 1112
968 1085 1112
1112 968 1085
2451 2434 2439
2439 2434 2451
2434 2439 2451
2731 554 2608
554 2608 2731
2608 554 2731
2 1120 1933
1120 2 1933
1933 2 1120
521 136 2826
2826 136 521
136 521 2826
1538 1958 2918
2918 1538 1958
1958 1538 2918
2740 2215 2766
2766 2215 2740
2215 2740 2766
2821 1927 2575
1927 2575 2821
2575 1927 2821
719 903 2636
903 719 2636
2636 719 903
121 182 2054
182 121 2054
2054 121 182
2595 1653 1813
1813 1653 2595
1653 1813 2595
2041 113 2998
2998 113 2041
113 2041 2998
255 407 2346
2346 255 407
407 255 2346
1324 1785 1845
1845 1324 1785
1785 1324 1845
750 1465 2352
1465 750 2352
2352 750 1465
2090 342 1272
1272 342 2090
342 1272 2090
529 1906 2564
1906 529 2564
2564 529 1906
2045 332 1169
332 1169 2045
1169 332 2045
490 1010 2917
1010 490 2917
2917 490 1010
1761 169 2940
169 1761 2940
2940 169 1761
2814 444 2982
2982 444 2814
444 2814 2982
1590 476 1620
476 1590 1620
1620 476 1590
576 2079 2121
2079 576 2121
2121 576 2079
1951 2466 2469
2469 1951 2466
2466 1951 2469
2831 774 2589
2589 774 2831
774 2589 2831
2432 35 331
331 35 2432
35 331 2432
288 1684 2423
2423 288 1684
1684 288 2423
324 661 2414
2414 324 661
661 324 2414
1493 779 2780
779 1493 2780
2780 779 1493
2517 291 1899
291 1899 2517
1899 291 2517
1878 1389 1902
1902 1389 1878
1389 1878 1902
2875 403 1732
403 1732 2875
1732 403 2875
2193 189 510
189 510 2193
510 189 2193
2146 251 296
251 296 2146
296 251 2146
1639 1018 1664
1018 1639 1664
1664 1018 1639
2497 826 2201
826 2201 2497
2201 826 2497
2052 106 2730
2730 106 2052
106 2052 2730
2764 1021 1870
1870 1021 2764
1021 1870 2764
685 805 1065
1065 685 805
805 685 1065
2690 1516 2513
2513 1516 2690
1516 2513 2690
284 736 1912
736 284 1912
1912 284 736
196 28 304
304 28 196
28 196 304
615 499 1016
1016 499 615
499 615 1016
2027 586 2835
2835 586 2027
586 2027 2835
1442 294 2355
2355 294 1442
294 1442 2355
1942 154 480
480 154 1942
154 480 1942
2312 1332 1512
1512 1332 2312
1332 1512 2312
1049 929 2127
2127 929 1049
929 1049 2127
560 2333 2911
2911 560 2333
2333 560 2911
1032 429 461
461 429 1032
429 461 1032
639 334 524
334 524 639
524 334 639
436 618 1343
1343 436 618
618 436 1343
1190 140 2161
140 1190 2161
2161 140 1190
362 2070 2868
2070 362 2868
2868 362 2070
1359 1805 2898
1805 1359 2898
2898 1359 1805
2922 651 963
651 963 2922
963 651 2922
2938 815 875
815 875 2938
875 815 2938
1894 1037 2689
1037 1894 2689
2689 1037 1894
767 414 798
414 767 798
798 414 767
2546 380 2753
380 2546 2753
2753 380 2546
2097 290 2836
290 2097 2836
2836 290 2097
49 2037 2365
2365 49 2037
2037 49 2365
215 543 1567
543 215 1567
1567 215 543
2995 1143 1412
1143 1412 2995
1412 1143 2995
2009 2395 2545
2395 2009 2545
2545 2009 2395
1957 389 437
437 389 1957
389 437 1957
949 303 2626
303 949 2626
2626 303 949
1355 127 1258
127 1258 1355
1258 127 1355
2646 30 599
30 599 2646
599 30 2646
2748 305 825
825 305 2748
305 825 2748
1321 730 1166
730 1166 1321
1166 730 1321
2869 938 2386
938 2386 2869
2386 938 2869
1068 1184 1520
1520 1068 1184
1184 1068 1520
853 289 2854
289 853 2854
2854 289 853
2083 357 907
907 357 2083
357 907 2083
623 687 2379
2379 623 687
687 623 2379
1990 343 2544
343 1990 2544
2544 343 1990
1266 1838 1984
1838 1266 1984
1984 1266 1838
1320 2246 2580
2580 1320 2246
2246 1320 2580
2969 2162 2391
2391 2162 2969
2162 2391 2969
2671 1579 2378
2378 1579 2671
1579 2378 2671
2073 446 928
928 446 2073
446 928 2073
1435 316 1655
316 1435 1655
1655 316 1435
2937 1416 2920
1416 2920 2937
2920 1416 2937
151 163 2685
163 151 2685
2685 151 163
1175 1892 2376
2376 1175 1892
1892 1175 2376
1926 1997 2036
2036 1926 1997
1997 1926 2036
185 1084 2051
1084 185 2051
2051 185 1084
92 223 388
223 92 388
388 92 223
793 1181 1214
1181 793 1214
1214 793 1181
2205 452 1441
452 1441 2205
1441 452 2205
2013 326 2842
2842 326 2013
326 2013 2842
2048 794 1280
794 1280 2048
1280 794 2048
1606 1162 1617
1162 1606 1617
1617 1162 1606
1576 272 1361
272 1361 1576
1361 272 1576
746 430 2046
2046 430 746
430 746 2046
1869 712 2140
712 1869 2140
2140 712 1869
82 1484 2804
2804 82 1484
1484 82 2804
2880 817 2453
817 2453 2880
2453 817 2880
2628 181 2475
181 2475 2628
2475 181 2628
270 1283 2062
1283 270 2062
2062 270 1283
652 1532 2053
1532 652 2053
2053 652 1532
1827 171 2078
2078 171 1827
171 1827 2078
2488 784 954
784 954 2488
954 784 2488
1457 256 771
256 771 1457
771 256 1457
732 782 961
782 732 961
961 732 782
2063 994 2645
994 2063 2645
2645 994 2063
2638 1481 1848
1848 1481 2638
1481 1848 2638
1213 91 1581
91 1213 1581
1581 91 1213
2891 727 760
727 760 2891
760 727 2891
2904 1966 2990
1966 2904 2990
2990 1966 2904
951 773 2123
773 951 2123
2123 773 951
792 95 1835
1835 95 792
95 792 1835
2913 466 1256
1256 466 2913
466 1256 2913
1944 172 506
172 506 1944
506 172 1944
933 353 584
584 353 933
353 584 933
1054 1877 2684
2684 1054 1877
1877 1054 2684
1038 43 373
43 373 1038
373 43 1038
2465 683 726
683 726 2465
726 683 2465
645 2159 2977
2159 645 2977
2977 645 2159
1364 2116 2930
2116 1364 2930
2930 1364 2116
1688 2521 2556
2556 1688 2521
2521 1688 2556
634 494 2132
494 634 2132
2132 494 634
2326 1430 1981
1430 1981 2326
1981 1430 2326
1177 372 1464
372 1177 1464
1464 372 1177
1949 2101 2186
2101 1949 2186
2186 1949 2101
2274 741 1142
1142 741 2274
741 1142 2274
431 351 1781
351 431 1781
1781 351 431
571 1837 2751
2751 571 1837
1837 571 2751
636 558 1406
1406 558 636
558 636 1406
668 530 2798
530 668 2798
2798 530 668
443 557 1288
557 443 1288
1288 443 557
925 350 1792
350 925 1792
1792 350 925
2095 734 1273
1273 734 2095
734 1273 2095
1306 1578 2805
1578 1306 2805
2805 1306 1578
2094 1089 2172
2172 1089 2094
1089 2094 2172
1126 2122 2351
2122 1126 2351
2351 1126 2122
1241 1521 1959
1959 1241 1521
1521 1241 1959
2057 505 2516
505 2057 2516
2516 505 2057
947 1885 2537
1885 947 2537
2537 947 1885
261 624 1728
1728 261 624
624 261 1728
953 1300 2586
1300 953 2586
2586 953 1300
2234 2563 2757
2563 2234 2757
2757 2234 2563
2873 1743 2707
2707 1743 2873
1743 2707 2873
2178 1246 2012
1246 2012 2178
2012 1246 2178
569 1528 2370
1528 569 2370
2370 569 1528
924 2220 2268
2220 924 2268
2268 924 2220
791 838 1998
1998 791 838
838 791 1998
2779 1952 2627
2627 1952 2779
1952 2627 2779
871 2226 2384
2226 871 2384
2384 871 2226
2745 381 740
740 381 2745
381 740 2745
45 909 1619
909 45 1619
1619 45 909
2406 534 2156
2156 534 2406
534 2156 2406
1040 2289 2729
2729 1040 2289
2289 1040 2729
1758 465 1971
465 1758 1971
1971 465 1758
184 213 865
865 184 213
213 184 865
287 619 2468
619 287 2468
2468 287 619
1275 876 1537
876 1275 1537
1537 876 1275
1796 2410 2692
2410 1796 2692
2692 1796 2410
65 570 1232
1232 65 570
570 65 1232
1708 1935 2494
2494 1708 1935
1935 1708 2494
1744 1176 1828
1176 1744 1828
1828 1176 1744
46 67 544
544 46 67
67 46 544
2642 115 2919
2919 115 2642
115 2642 2919
99 881 2735
881 99 2735
2735 99 881
2710 1558 1779
1558 1779 2710
1779 1558 2710
2881 1036 2362
1036 2362 2881
2362 1036 2881
1253 2154 2239
2154 1253 2239
2239 1253 2154
593 2153 2210
2153 593 2210
2210 593 2153
1201 309 2935
2935 309 1201
309 1201 2935
2715 1883 1989
1989 1883 2715
1883 1989 2715
1702 201 1916
201 1702 1916
1916 201 1702
2858 321 669
669 321 2858
321 669 2858
2251 1943 2739
2739 1943 2251
1943 2251 2739
448 538 1445
1445 448 538
538 448 1445
2871 1830 1847
1847 1830 2871
1830 1847 2871
2566 1960 2647
1960 2566 2647
2647 1960 2566
1601 1594 2968
2968 1594 1601
1594 1601 2968
561 532 2325
2325 532 561
532 561 2325
2853 921 2310
2310 921 2853
921 2310 2853
813 1734 2330
2330 813 1734
1734 813 2330
322 280 2380
2380 280 322
280 322 2380
1078 313 2994
2994 313 1078
313 1078 2994
1577 2099 2182
2099 1577 2182
2182 1577 2099
377 199 523
199 377 523
523 199 377
549 877 1014
1014 549 877
877 549 1014
1455 2074 2533
2074 1455 2533
2533 1455 2074
1554 1209 1533
1533 1209 1554
1209 1533 1554
2061 517 1418
1418 517 2061
517 1418 2061
39 1297 1692
1692 39 1297
1297 39 1692
2525 1249 2387
2387 1249 2525
1249 2387 2525
2847 849 1582
1582 849 2847
849 1582 2847
2219 180 738
738 180 2219
180 738 2219
659 614 787
614 659 787
787 614 659
1133 628 2916
2916 628 1133
628 1133 2916
2884 400 2429
2429 400 2884
400 2429 2884
648 267 927
927 267 648
267 648 927
111 52 2991
2991 52 111
52 111 2991
232 1051 2598
2598 232 1051
1051 232 2598
1483 1029 1399
1399 1029 1483
1029 1399 1483
2597 406 1704
1704 406 2597
406 1704 2597
13 425 1967
425 13 1967
1967 13 425
2213 159 244
244 159 2213
159 244 2213
2495 674 2879
2879 674 2495
674 2495 2879
2795 1821 2772
1821 2772 2795
2772 1821 2795
2175 53 2181
53 2175 2181
2181 53 2175
918 1340 1729
1729 918 1340
1340 918 1729
179 759 1397
1397 179 759
759 179 1397
1385 1391 2343
2343 1385 1391
1391 1385 2343
1947 728 2591
728 1947 2591
2591 728 1947
1371 1135 1907
1907 1135 1371
1135 1371 1907
1276 1005 1344
1005 1276 1344
1344 1005 1276
2972 146 2286
146 2286 2972
2286 146 2972
2245 713 1218
713 1218 2245
1218 713 2245
841 1599 2529
1599 841 2529
2529 841 1599
1549 352 2503
2503 352 1549
352 1549 2503
1602 1401 2612
1401 1602 2612
2612 1401 1602
2770 1930 2737
2737 1930 2770
1930 2737 2770
2476 1613 1790
1613 1790 2476
1790 1613 2476
2017 1242 2665
1242 2017 2665
2665 1242 2017
854 892 2883
2883 854 892
892 854 2883
79 600 2389
2389 79 600
600 79 2389
742 1616 2055
2055 742 1616
1616 742 2055
1217 2004 2889
2889 1217 2004
2004 1217 2889
520 1102 1513
1102 520 1513
1513 520 1102
2996 578 1999
1999 578 2996
578 1999 2996
1023 697 998
998 697 1023
697 998 1023
761 1710 1915
1710 761 1915
1915 761 1710
114 820 2043
820 114 2043
2043 114 820
886 1124 2416
1124 886 2416
2416 886 1124
2531 631 1362
631 1362 2531
1362 631 2531
2986 519 2844
519 2844 2986
2844 519 2986
2198 1191 2705
1191 2198 2705
2705 1191 2198
495 1770 2640
2640 495 1770
1770 495 2640
1197 1636 2110
2110 1197 1636
1636 1197 2110
51 2050 2382
2382 51 2050
2050 51 2382
2285 1901 2943
1901 2285 2943
2943 1901 2285
363 368 1544
368 363 1544
1544 363 368
2708 257 2948
2948 257 2708
257 2708 2948
2185 1093 1285
1285 1093 2185
1093 1285 2185
89 541 1128
1128 89 541
541 89 1128
2688 1196 2188
1196 2188 2688
2188 1196 2688
1076 12 379
379 12 1076
12 379 1076
2148 766 1238
766 1238 2148
1238 766 2148
391 27 119
119 27 391
27 119 391
1494 190 2936
2936 190 1494
190 1494 2936
2415 1303 1346
1346 1303 2415
1303 1346 2415
860 259 1569
1569 259 860
259 860 1569
2675 916 1478
1478 916 2675
916 1478 2675
2167 1453 2402
2402 1453 2167
1453 2167 2402
1471 2555 2816
2555 1471 2816
2816 1471 2555
2528 1090 2478
2478 1090 2528
1090 2478 2528
967 827 1810
1810 827 967
827 967 1810
1671 845 1088
1088 845 1671
845 1088 1671
177 419 582
582 177 419
419 177 582
1405 21 467
467 21 1405
21 467 1405
1079 2663 2915
2915 1079 2663
2663 1079 2915
1747 995 1490
995 1490 1747
1490 995 1747
1739 409 2775
2775 409 1739
409 1739 2775
588 572 1687
572 588 1687
1687 572 588
1921 1589 2963
2963 1589 1921
1589 1921 2963
1247 981 1350
981 1247 1350
1350 981 1247
2308 1174 2112
1174 2112 2308
2112 1174 2308
2621 1100 2799
1100 2621 2799
2799 1100 2621
1366 1643 2635
1643 1366 2635
2635 1366 1643
1514 194 1768
1768 194 1514
194 1514 1768
2512 958 2949
2949 958 2512
958 2512 2949
1059 580 2208
2208 580 1059
580 1059 2208
1685 1158 2018
2018 1158 1685
1158 1685 2018
48 1429 2527
2527 48 1429
1429 48 2527
2573 29 1722
29 1722 2573
1722 29 2573
1756 673 2567
2567 673 1756
673 1756 2567
404 1287 1522
1287 404 1522
1522 404 1287
821 2126 2176
2126 821 2176
2176 821 2126
2049 374 2459
374 2049 2459
2459 374 2049
2657 1500 2810
2810 1500 2657
1500 2657 2810
592 1233 1858
1233 592 1858
1858 592 1233
1171 72 2543
2543 72 1171
72 1171 2543
2988 2502 2590
2502 2590 2988
2590 2502 2988
2360 691 1764
691 1764 2360
1764 691 2360
1552 83 2082
2082 83 1552
83 1552 2082
2592 1438 1886
1886 1438 2592
1438 1886 2592
137 948 2978
2978 137 948
948 137 2978
2673 816 2733
2733 816 2673
816 2673 2733
2332 1801 2747
1801 2332 2747
2747 1801 2332
1523 1338 1750
1750 1338 1523
1338 1523 1750
2136 463 1318
1318 463 2136
463 1318 2136
1087 747 2765
2765 747 1087
747 1087 2765
1911 1203 1874
1874 1203 1911
1203 1874 1911
1075 2300 2666
2666 1075 2300
2300 1075 2666
1150 60 2644
60 1150 2644
2644 60 1150
556 203 1660
1660 203 556
203 556 1660
2348 677 2454
677 2348 2454
2454 677 2348
2509 1723 1946
1723 1946 2509
1946 1723 2509
1394 551 1963
551 1394 1963
1963 551 1394
2040 1058 1748
1058 1748 2040
1748 1058 2040
2240 620 1819
620 1819 2240
1819 620 2240
1515 1153 1600
1153 1515 1600
1600 1153 1515
2706 38 2107
38 2107 2706
2107 38 2706
2823 2279 2901
2901 2279 2823
2279 2823 2901
1715 692 1450
692 1450 1715
1450 692 1715
212 1155 1474
1474 212 1155
1155 212 1474
1339 74 2371
74 1339 2371
2371 74 1339
1064 2593 2846
2846 1064 2593
2593 1064 2846
2315 85 842
842 85 2315
85 842 2315
1873 1407 1506
1407 1506 1873
1506 1407 1873
1030 2350 2643
2350 1030 2643
2643 1030 2350
2870 77 2137
2137 77 2870
77 2137 2870
55 496 1559
1559 55 496
496 55 1559
658 1432 2269
1432 658 2269
2269 658 1432
421 923 2700
2700 421 923
923 421 2700
638 835 2981
2981 638 835
835 638 2981
1968 1825 2236
2236 1825 1968
1825 1968 2236
366 803 2824
2824 366 803
803 366 2824
200 228 2431
228 200 2431
2431 200 228
2115 1736 2195
2195 1736 2115
1736 2115 2195
2605 751 1727
1727 751 2605
751 1727 2605
2885 705 2900
2900 705 2885
705 2885 2900
2241 1425 1693
1425 1693 2241
1693 1425 2241
1173 390 2625
2625 390 1173
390 1173 2625
2318 675 2768
675 2318 2768
2768 675 2318
1648 2474 2959
2474 1648 2959
2959 1648 2474
1053 1017 1331
1331 1017 1053
1017 1053 1331
1248 785 2849
2849 785 1248
785 1248 2849
763 706 2818
706 763 2818
2818 706 763
1649 33 2939
2939 33 1649
33 1649 2939
1002 1799 1840
1799 1002 1840
1840 1002 1799
1556 462 1856
1856 462 1556
462 1556 1856
1834 1127 1854
1854 1127 1834
1127 1834 1854
1281 279 1140
1140 279 1281
279 1140 1281
354 1003 1118
1003 354 1118
1118 354 1003
1383 1368 1498
1368 1383 1498
1498 1368 1383
1231 525 2554
2554 525 1231
525 1231 2554
2985 69 2890
69 2890 2985
2890 69 2985
1910 1098 2951
1098 1910 2951
2951 1098 1910
93 70 1378
1378 70 93
70 93 1378
2720 230 2224
2224 230 2720
230 2224 2720
1496 2445 2639
2639 1496 2445
2445 1496 2639
2216 629 2848
2848 629 2216
629 2216 2848
1509 1803 2173
1803 1509 2173
2173 1509 1803
626 410 2778
2778 410 626
410 626 2778
1909 1534 1991
1991 1534 1909
1534 1909 1991
635 1187 1447
1447 635 1187
1187 635 1447
828 2462 2677
2462 828 2677
2677 828 2462
2202 2092 2456
2456 2092 2202
2092 2202 2456
2024 1317 2134
2134 1317 2024
1317 2024 2134
1245 155 1706
1706 155 1245
155 1245 1706
1468 260 2039
260 1468 2039
2039 260 1468
2508 937 2393
2393 937 2508
937 2393 2508
2262 567 2284
567 2262 2284
2284 567 2262
965 130 1013
130 965 1013
1013 130 965
1612 1545 1875
1545 1612 1875
1875 1545 1612
1531 348 606
348 606 1531
606 348 1531
358 956 2486
956 358 2486
2486 358 956
2549 1137 2874
2874 1137 2549
1137 2549 2874
1208 469 2113
469 1208 2113
2113 469 1208
2225 1055 1268
1268 1055 2225
1055 1268 2225
1334 423 2064
2064 423 1334
423 1334 2064
2834 94 2281
94 2281 2834
2281 94 2834
1641 987 1488
987 1488 1641
1488 987 1641
1296 456 1007
1007 456 1296
456 1007 1296
2542 839 1826
1826 839 2542
839 1826 2542
1969 183 1183
183 1183 1969
1183 183 1969
1751 908 2927
908 1751 2927
2927 908 1751
1437 1794 2637
2637 1437 1794
1794 1437 2637
1008 568 1170
1170 568 1008
568 1008 1170
1832 103 2322
103 1832 2322
2322 103 1832
2947 888 2691
2691 888 2947
888 2691 2947
75 1114 2183
1114 75 2183
2183 75 1114
2044 4 306
306 4 2044
4 306 2044
1485 972 2430
972 1485 2430
2430 972 1485
678 612 1097
612 678 1097
1097 612 678
1717 2419 2600
2600 1717 2419
2419 1717 2600
2864 2102 2696
2696 2102 2864
2102 2696 2864
753 536 2956
536 753 2956
2956 536 753
2305 680 1456
1456 680 2305
680 1456 2305
2914 1953 2383
2383 1953 2914
1953 2383 2914
57 20 565
20 57 565
565 20 57
581 531 2704
531 581 2704
2704 531 581
2368 428 2946
428 2368 2946
2946 428 2368
1730 460 2676
2676 460 1730
460 1730 2676
1226 723 1063
1063 723 1226
723 1063 1226
2481 2630 2852
2852 2481 2630
2630 2481 2852
1719 477 1294
1294 477 1719
477 1294 1719
985 1543 2002
2002 985 1543
1543 985 2002
1524 2411 2471
2471 1524 2411
2411 1524 2471
253 1807 2809
1807 253 2809
2809 253 1807
2980 15 2650
2650 15 2980
15 2650 2980
1144 157 2001
157 1144 2001
2001 157 1144
919 263 338
338 263 919
263 338 919
489 1043 2992
2992 489 1043
1043 489 2992
912 724 1341
1341 724 912
724 912 1341
229 1853 2806
1853 229 2806
2806 229 1853
1086 2449 2783
2449 1086 2783
2783 1086 2449
1151 508 1271
1271 508 1151
508 1151 1271
2442 214 2258
2258 214 2442
214 2258 2442
2702 2038 2404
2038 2404 2702
2404 2038 2702
2394 198 2803
2803 198 2394
198 2394 2803
1278 61 2447
61 1278 2447
2447 61 1278
1551 76 2400
76 1551 2400
2400 76 1551
81 905 1041
1041 81 905
905 81 1041
211 2060 2420
2420 211 2060
2060 211 2420
1857 1511 1757
1757 1511 1857
1511 1757 1857
2501 1388 2571
1388 2501 2571
2571 1388 2501
770 122 165
122 165 770
165 122 770
910 1178 1381
1178 910 1381
1381 910 1178
1987 66 1161
66 1161 1987
1161 66 1987
14 1322 1518
1322 14 1518
1518 14 1322
889 855 944
855 889 944
944 855 889
2786 679 2897
679 2786 2897
2897 679 2786
749 1804 2311
2311 749 1804
1804 749 2311
1630 1408 2763
2763 1408 1630
1408 1630 2763
2552 109 371
109 371 2552
371 109 2552
1905 955 1080
955 1080 1905
1080 955 1905
1243 1501 2561
1501 1243 2561
2561 1243 1501
1974 540 2785
540 1974 2785
2785 540 1974
238 899 1507
899 238 1507
1507 238 899
830 2579 2866
2866 830 2579
2579 830 2866
1057 797 1872
797 1057 1872
1872 797 1057
2297 246 1492
1492 246 2297
246 1492 2297
1107 222 1666
222 1107 1666
1666 222 1107
2006 814 2576
2576 814 2006
814 2006 2576
1843 1004 2032
2032 1004 1843
1004 1843 2032
1476 393 2887
393 1476 2887
2887 393 1476
1105 1502 2648
2648 1105 1502
1502 1105 2648
589 2339 2954
2954 589 2339
2339 589 2954
40 539 2313
2313 40 539
539 40 2313
110 2291 2973
2973 110 2291
2291 110 2973
1988 1738 2909
2909 1738 1988
1738 1988 2909
725 2440 2581
2581 725 2440
2440 725 2581
559 1913 2754
2754 559 1913
1913 559 2754
2233 1548 2484
1548 2233 2484
2484 1548 2233
1652 729 2802
729 1652 2802
2802 729 1652
1436 1259 2923
2923 1259 1436
1259 1436 2923
952 625 1044
1044 625 952
625 952 1044
1330 1762 2698
1762 1330 2698
2698 1330 1762
356 1192 2606
1192 356 2606
2606 356 1192
36 339 2493
339 36 2493
2493 36 339
62 478 844
478 62 844
844 62 478
433 1637 1823
1637 433 1823
1823 433 1637
42 1527 2479
2479 42 1527
1527 42 2479
1154 1189 1250
1250 1154 1189
1189 1154 1250
1091 454 696
454 696 1091
696 454 1091
269 318 2832
318 269 2832
2832 269 318
2302 715 2199
715 2199 2302
2199 715 2302
2096 424 1760
1760 424 2096
424 1760 2096
858 573 671
671 573 858
573 671 858
295 1585 2727
1585 295 2727
2727 295 1585
1603 542 1560
542 1560 1603
1560 542 1603
468 2390 2762
2762 468 2390
2390 468 2762
1236 1204 2609
2609 1204 1236
1204 1236 2609
2401 1897 1948
1897 1948 2401
1948 1897 2401
1945 2128 2572
2128 1945 2572
2572 1945 2128
26 250 891
891 26 250
250 26 891
2042 1186 1279
1186 1279 2042
1279 1186 2042
695 535 2085
535 695 2085
2085 535 695
1056 44 804
44 804 1056
804 44 1056
1019 1610 2941
1610 1019 2941
2941 1019 1610
1152 2103 2634
2103 1152 2634
2634 1152 2103
552 101 2143
101 552 2143
2143 101 552
247 790 2267
790 247 2267
2267 247 790
526 1022 1454
1454 526 1022
1022 526 1454
1978 491 1754
491 1754 1978
1754 491 1978
2344 613 1586
613 1586 2344
1586 613 2344
1829 73 2021
2021 73 1829
73 1829 2021
1621 434 1363
1363 434 1621
434 1363 1621
2736 1372 1865
1865 1372 2736
1372 1865 2736
1025 441 1461
441 1025 1461
1461 441 1025
744 493 1353
493 744 1353
1353 493 744
2135 906 1460
1460 906 2135
906 1460 2135
769 497 2773
497 769 2773
2773 497 769
1784 579 1820
579 1784 1820
1820 579 1784
1374 1526 2111
1526 1374 2111
2111 1374 1526
1470 96 2551
2551 96 1470
96 1470 2551
396 458 1503
458 396 1503
1503 396 458
2771 176 2417
176 2417 2771
2417 176 2771
2662 693 2523
2523 693 2662
693 2523 2662
2028 58 2149
2149 58 2028
58 2028 2149
2520 9 2894
9 2520 2894
2894 9 2520
610 1327 1419
1419 610 1327
1327 610 1419
1699 834 1223
1223 834 1699
834 1223 1699
1082 1123 2701
1123 1082 2701
2701 1082 1123
602 1535 2857
2857 602 1535
1535 602 2857
2335 1125 1336
1125 1336 2335
1336 1125 2335
2728 413 2248
2248 413 2728
413 2248 2728
1765 1020 1812
1812 1020 1765
1020 1765 1812
192 118 920
920 118 192
118 192 920
1737 503 545
503 545 1737
545 503 1737
2275 1505 2749
1505 2275 2749
2749 1505 2275
694 302 2776
302 694 2776
2776 302 694
347 1888 2487
1888 347 2487
2487 347 1888
2686 733 2658
733 2658 2686
2658 733 2686
1625 1039 2984
1039 1625 2984
2984 1039 1625
2200 2584 2714
2714 2200 2584
2584 2200 2714
11 2065 2117
2065 11 2117
2117 11 2065
650 1646 2448
2448 650 1646
1646 650 2448
1028 242 1831
242 1028 1831
1831 242 1028
123 627 2726
627 123 2726
2726 123 627
585 1074 1561
1561 585 1074
1074 585 1561
1239 1077 1530
1530 1077 1239
1077 1239 1530
1289 762 1811
762 1289 1811
1811 762 1289
537 819 1159
1159 537 819
819 537 1159
1365 1370 2232
2232 1365 1370
1370 1365 2232
2098 41 2825
2825 41 2098
41 2098 2825
2797 980 1263
1263 980 2797
980 1263 2797
1588 1661 1882
1882 1588 1661
1661 1588 1882
2558 474 1117
1117 474 2558
474 1117 2558
2147 485 2204
485 2147 2204
2204 485 2147
1504 1113 2288
1113 1504 2288
2288 1113 1504
2499 633 1673
1673 633 2499
633 1673 2499
2850 1448 1859
1859 1448 2850
1448 1859 2850
153 1628 2530
2530 153 1628
1628 153 2530
2491 2034 2602
2602 2034 2491
2034 2491 2602
1598 1896 2235
2235 1598 1896
1896 1598 2235
2989 1808 2450
1808 2450 2989
2450 1808 2989
765 397 2011
397 765 2011
2011 397 765
688 796 950
796 688 950
950 688 796
132 484 2682
2682 132 484
484 132 2682
206 941 2490
2490 206 941
941 206 2490
300 1814 2206
1814 300 2206
2206 300 1814
2616 869 2742
869 2616 2742
2742 869 2616
147 1342 2364
1342 147 2364
2364 147 1342
265 1608 2069
1608 265 2069
2069 265 1608
2510 1855 2975
1855 2510 2975
2975 1855 2510
1871 622 2207
2207 622 1871
622 1871 2207
2760 221 2557
221 2557 2760
2557 221 2760
254 386 2314
2314 254 386
386 254 2314
1918 457 2759
457 1918 2759
2759 457 1918
2905 1319 2265
1319 2265 2905
2265 1319 2905
2792 1269 1609
1609 1269 2792
1269 1609 2792
482 1129 1694
1129 482 1694
1694 482 1129
1417 2230 2957
2230 1417 2957
2957 1417 2230
432 1938 2594
1938 432 2594
2594 432 1938
459 297 2214
297 459 2214
2214 297 459
2622 533 2827
533 2622 2827
2827 533 2622
583 850 2669
2669 583 850
850 583 2669
2921 1066 1965
1066 1965 2921
1965 1066 2921
439 219 1329
219 439 1329
1329 219 439
1307 31 1584
31 1307 1584
1584 31 1307
2993 2908 2952
2908 2952 2993
2952 2908 2993
1709 1867 2259
1867 1709 2259
2259 1709 1867
2611 1596 2967
2967 1596 2611
1596 2611 2967
2813 942 1095
1095 942 2813
942 1095 2813
107 481 789
481 107 789
789 107 481
63 547 2357
547 63 2357
2357 63 547
2767 1219 1657
