2084 1773 2908
2908 1773 2084
1773 2084 2908
2804 729 2155
2155 729 2804
729 2155 2804
114 1359 2410
2410 114 1359
1359 114 2410
1240 82 1152
82 1152 1240
1152 82 1240
2071 1100 2093
2093 1100 2071
1100 2071 2093
2561 2119 2541
2541 2119 2561
2119 2541 2561
968 2532 2662
2662 968 2532
2532 968 2662
970 271 679
679 271 970
271 679 970
455 1316 2537
2537 455 1316
1316 455 2537
2435 52 654
654 52 2435
52 654 2435
2304 687 1784
687 1784 2304
1784 687 2304
1241 405 1282
1282 405 1241
405 1241 1282
1546 35 1159
35 1159 1546
1159 35 1546
2661 2906 2968
2968 2661 2906
2906 2661 2968
1628 707 710
710 707 1628
707 710 1628
223 701 926
926 223 701
701 223 926
1460 1060 2709
2709 1060 1460
1060 1460 2709
517 330 2511
330 517 2511
2511 330 517
1385 2105 2448
2105 1385 2448
2448 1385 2105
2441 516 1431
1431 516 2441
516 1431 2441
1624 266 1929
1929 266 1624
266 1624 1929
1878 1606 1959
1606 1878 1959
1959 1606 1878
2583 1126 2193
1126 2193 2583
2193 1126 2583
260 2203 2656
2203 260 2656
2656 260 2203
1545 157 2776
157 1545 2776
2776 157 1545
1287 1244 2210
2210 1244 1287
1244 1287 2210
494 661 1017
1017 494 661
661 494 1017
2437 1368 1737
1737 1368 2437
1368 1737 2437
1077 649 2282
2282 649 1077
649 1077 2282
999 663 2850
2850 663 999
663 999 2850
540 2535 2901
2901 540 2535
2535 540 2901
995 272 2864
272 995 2864
2864 272 995
1702 258 2408
2408 258 1702
258 1702 2408
1622 1266 1848
1266 1622 1848
1848 1266 1622
1568 1886 2569
1886 1568 2569
2569 1568 1886
1408 834 1969
834 1408 1969
1969 834 1408
415 88 1357
1357 88 415
88 415 1357
2394 1087 2507
1087 2394 2507
2507 1087 2394
668 168 410
410 168 668
168 410 668
2176 513 2623
2623 513 2176
513 2176 2623
1387 320 2139
320 1387 2139
2139 320 1387
351 2094 2396
2094 351 2396
2396 351 2094
622 72 470
470 72 622
72 470 622
2225 690 1400
690 1400 2225
1400 690 2225
863 1479 2452
1479 863 2452
2452 863 1479
2674 323 2309
323 2309 2674
2309 323 2674
659 375 2046
2046 375 659
375 659 2046
2033 717 886
717 886 2033
886 717 2033
1124 147 310
310 147 1124
147 310 1124
801 400 914
400 801 914
914 400 801
2130 1513 1691
1513 1691 2130
1691 1513 2130
2613 898 1842
1842 898 2613
898 1842 2613
1905 757 1134
757 1134 1905
1134 757 1905
1338 74 2374
74 1338 2374
2374 74 1338
950 71 2179
71 950 2179
2179 71 950
2538 2239 2693
2239 2538 2693
2693 2239 2538
1288 121 1547
121 1288 1547
1547 121 1288
1754 127 1847
127 1754 1847
1847 127 1754
430 985 2053
985 430 2053
2053 430 985
1529 763 1175
1175 763 1529
763 1175 1529
1396 2045 2418
2045 1396 2418
2418 1396 2045
1732 388 2416
2416 388 1732
388 1732 2416
2174 167 2551
167 2174 2551
2551 167 2174
2641 301 420
301 420 2641
420 301 2641
1993 1046 1070
1046 1070 1993
1070 1046 1993
2439 1994 2980
2980 1994 2439
1994 2439 2980
1218 1166 1694
1166 1218 1694
1694 1166 1218
14 573 951
951 14 573
573 14 951
2883 1252 2780
1252 2780 2883
2780 1252 2883
1777 557 820
557 820 1777
820 557 1777
933 2414 2967
2414 933 2967
2967 933 2414
640 293 2109
2109 293 640
293 640 2109
552 1769 2208
2208 552 1769
1769 552 2208
2676 712 2233
712 2233 2676
2233 712 2676
964 1243 2539
2539 964 1243
1243 964 2539
1762 806 2896
806 1762 2896
2896 806 1762
97 813 2243
2243 97 813
813 97 2243
1518 446 713
446 713 1518
713 446 1518
2946 908 1146
908 1146 2946
1146 908 2946
8 730 2496
2496 8 730
730 8 2496
521 1401 2397
1401 521 2397
2397 521 1401
2886 41 1844
1844 41 2886
41 1844 2886
461 809 2562
809 461 2562
2562 461 809
2417 548 1304
548 1304 2417
1304 548 2417
1800 2708 2962
2708 1800 2962
2962 1800 2708
982 895 2960
895 982 2960
2960 895 982
2915 1519 2874
2874 1519 2915
1519 2874 2915
1311 2112 2964
2112 1311 2964
2964 1311 2112
2984 2216 2474
2216 2474 2984
2474 2216 2984
65 567 2206
567 65 2206
2206 65 567
474 156 2315
156 474 2315
2315 156 474
2691 1699 2382
1699 2382 2691
2382 1699 2691
1601 2362 2823
2823 1601 2362
2362 1601 2823
1366 1452 2935
2935 1366 1452
1452 1366 2935
1965 389 821
389 821 1965
821 389 1965
1958 1271 2217
2217 1271 1958
1271 1958 2217
2761 238 2487
2487 238 2761
238 2487 2761
2972 533 1931
1931 533 2972
533 1931 2972
6 399 1729
1729 6 399
399 6 1729
1695 26 2200
2200 26 1695
26 1695 2200
1771 1158 1602
1158 1602 1771
1602 1158 1771
1350 174 1144
174 1144 1350
1144 174 1350
1510 9 2089
2089 9 1510
9 1510 2089
1669 380 1488
1488 380 1669
380 1488 1669
1140 891 2982
891 1140 2982
2982 891 1140
2159 1192 2446
2446 1192 2159
1192 2159 2446
246 1229 2755
2755 246 1229
1229 246 2755
1470 84 1391
84 1391 1470
1391 84 1470
1501 1052 1707
1052 1501 1707
1707 1052 1501
2639 1207 2465
1207 2465 2639
2465 1207 2639
2007 1222 2160
2160 1222 2007
1222 2007 2160
2336 1138 2277
1138 2277 2336
2277 1138 2336
574 275 2423
275 574 2423
2423 275 574
1169 674 2363
674 1169 2363
2363 674 1169
2428 1736 1828
1736 1828 2428
1828 1736 2428
454 1940 2219
2219 454 1940
1940 454 2219
87 2060 2996
2996 87 2060
2060 87 2996
581 37 1053
1053 37 581
37 581 1053
433 1352 2444
1352 433 2444
2444 433 1352
529 643 1853
1853 529 643
643 529 1853
1740 448 896
896 448 1740
448 896 1740
205 685 764
685 205 764
764 205 685
28 381 2870
381 28 2870
2870 28 381
2604 439 1913
1913 439 2604
439 1913 2604
362 230 2259
2259 230 362
230 362 2259
1578 1978 2873
1978 1578 2873
2873 1578 1978
292 1530 1971
1971 292 1530
1530 292 1971
2743 1490 2151
2151 1490 2743
1490 2151 2743
210 2044 2331
2044 210 2331
2331 210 2044
2056 234 2779
234 2056 2779
2779 234 2056
928 1811 2283
2283 928 1811
1811 928 2283
2182 2122 2808
2808 2122 2182
2122 2182 2808
5 547 2027
2027 5 547
547 5 2027
2260 940 1484
940 1484 2260
1484 940 2260
1348 873 2598
2598 873 1348
873 1348 2598
195 181 2229
2229 181 195
181 195 2229
2871 843 1399
1399 843 2871
843 1399 2871
1841 847 2731
847 1841 2731
2731 847 1841
1581 45 1036
45 1036 1581
1036 45 1581
2528 768 2506
768 2506 2528
2506 768 2528
2890 113 1062
1062 113 2890
113 1062 2890
2354 407 1367
407 1367 2354
1367 407 2354
1645 2501 2683
2501 1645 2683
2683 1645 2501
1721 150 1090
150 1090 1721
1090 150 1721
231 544 2318
544 231 2318
2318 231 544
2421 7 1758
7 1758 2421
1758 7 2421
1040 620 1712
1712 620 1040
620 1040 1712
54 1432 2658
2658 54 1432
1432 54 2658
134 1094 1377
1377 134 1094
1094 134 1377
1664 225 541
225 541 1664
541 225 1664
2264 743 2281
743 2264 2281
2281 743 2264
2015 839 1079
1079 839 2015
839 1079 2015
2892 2472 2711
2711 2472 2892
2472 2711 2892
2253 766 2268
2268 766 2253
766 2253 2268
1136 1436 1528
1436 1136 1528
1528 1136 1436
57 2144 2865
2144 57 2865
2865 57 2144
1517 1226 1819
1226 1517 1819
1819 1226 1517
1572 1005 2704
2704 1005 1572
1005 1572 2704
198 1644 1686
1686 198 1644
1644 198 1686
1577 653 797
653 797 1577
797 653 1577
1194 327 937
327 937 1194
937 327 1194
2824 751 1202
1202 751 2824
751 1202 2824
2302 739 1300
1300 739 2302
739 1300 2302
1989 459 1389
459 1389 1989
1389 459 1989
2524 789 1275
1275 789 2524
789 1275 2524
776 1906 2847
2847 776 1906
1906 776 2847
473 1394 1512
1512 473 1394
1394 473 1512
1851 1068 1380
1068 1380 1851
1380 1068 1851
1761 854 2949
854 1761 2949
2949 854 1761
1996 2581 2940
2581 1996 2940
2940 1996 2581
1209 1723 2625
1723 1209 2625
2625 1209 1723
1772 680 727
727 680 1772
680 727 1772
2526 1918 2323
1918 2323 2526
2323 1918 2526
203 394 639
639 203 394
394 203 639
1085 1825 2356
1825 1085 2356
2356 1085 1825
1877 865 2103
865 1877 2103
2103 865 1877
2578 1543 2493
2493 1543 2578
1543 2493 2578
915 1270 2366
2366 915 1270
1270 915 2366
1106 1216 2389
2389 1106 1216
1216 1106 2389
1254 476 2427
476 1254 2427
2427 476 1254
412 160 723
160 412 723
723 160 412
1233 116 844
116 844 1233
844 116 1233
1802 466 1112
466 1112 1802
1112 466 1802
1351 1731 1995
1995 1351 1731
1731 1351 1995
1863 684 1864
684 1863 1864
1864 684 1863
2858 2355 2678
2678 2355 2858
2355 2678 2858
1558 25 2246
25 1558 2246
2246 25 1558
1369 988 1500
988 1369 1500
1500 988 1369
569 2833 2849
2849 569 2833
2833 569 2849
598 1437 2640
1437 598 2640
2640 598 1437
1643 2405 2903
2405 1643 2903
2903 1643 2405
720 887 1627
1627 720 887
887 720 1627
1279 289 2422
2422 289 1279
289 1279 2422
2913 108 1224
1224 108 2913
108 1224 2913
390 2760 2934
2934 390 2760
2760 390 2934
718 1876 2059
2059 718 1876
1876 718 2059
1521 1116 1899
1899 1116 1521
1116 1521 1899
767 1881 2800
2800 767 1881
1881 767 2800
1591 31 1332
1332 31 1591
31 1332 1591
2227 2762 2905
2905 2227 2762
2762 2227 2905
786 2275 2854
2854 786 2275
2275 786 2854
2141 211 462
211 462 2141
462 211 2141
2927 346 2931
2931 346 2927
346 2927 2931
1909 1406 2505
1406 1909 2505
2505 1406 1909
483 2518 2626
2626 483 2518
2518 483 2626
1608 1954 2670
2670 1608 1954
1954 1608 2670
2274 1700 2817
1700 2274 2817
2817 1700 2274
1945 1786 2473
2473 1786 1945
1786 1945 2473
311 531 1552
531 311 1552
1552 311 531
2606 152 177
152 177 2606
177 152 2606
2893 695 1728
1728 695 2893
695 1728 2893
625 197 630
630 197 625
197 625 630
520 599 2256
599 520 2256
2256 520 599
1121 1137 2358
1137 1121 2358
2358 1121 1137
593 1791 2543
1791 593 2543
2543 593 1791
2192 1605 2003
2003 1605 2192
1605 2003 2192
1317 1504 2462
2462 1317 1504
1504 1317 2462
2257 1256 2565
1256 2257 2565
2565 1256 2257
1755 737 2772
2772 737 1755
737 1755 2772
302 942 2860
942 302 2860
2860 302 942
2588 190 282
190 282 2588
282 190 2588
2228 273 829
273 829 2228
829 273 2228
2285 1782 1973
1973 1782 2285
1782 1973 2285
2212 1626 1952
1952 1626 2212
1626 1952 2212
2280 576 1571
1571 576 2280
576 1571 2280
1953 1733 2832
2832 1733 1953
1733 1953 2832
1277 2121 2523
2523 1277 2121
2121 1277 2523
2291 930 956
930 956 2291
956 930 2291
2818 169 1292
169 1292 2818
1292 169 2818
2998 1160 2570
2570 1160 2998
1160 2570 2998
24 1164 1708
1708 24 1164
1164 24 1708
63 1759 1887
1759 63 1887
1887 63 1759
482 694 990
694 482 990
990 482 694
163 146 2712
146 163 2712
2712 146 163
2284 2129 2627
2129 2284 2627
2627 2129 2284
2321 683 1912
683 1912 2321
1912 683 2321
1975 1337 2490
2490 1337 1975
1337 1975 2490
975 1417 2241
2241 975 1417
1417 975 2241
2664 775 1526
1526 775 2664
775 1526 2664
220 617 2258
617 220 2258
2258 220 617
1642 688 1129
1129 688 1642
688 1129 1642
2340 2040 2592
2040 2340 2592
2592 2040 2340
535 241 1596
1596 241 535
241 535 1596
78 256 1539
1539 78 256
256 78 1539
2145 894 2168
894 2145 2168
2168 894 2145
2178 538 2703
538 2178 2703
2703 538 2178
673 12 2812
12 673 2812
2812 12 673
235 441 686
686 235 441
441 235 686
1927 411 2834
411 1927 2834
2834 411 1927
1295 526 1487
526 1295 1487
1487 526 1295
798 2499 2549
2499 798 2549
2549 798 2499
1114 1081 2958
1081 1114 2958
2958 1081 1114
2100 827 1820
827 1820 2100
1820 827 2100
1793 155 571
571 155 1793
155 571 1793
1139 358 2702
2702 358 1139
358 1139 2702
1498 588 2782
588 1498 2782
2782 588 1498
585 396 2880
396 585 2880
2880 396 585
1980 1150 1314
1314 1150 1980
1150 1314 1980
13 2631 2888
2888 13 2631
2631 13 2888
2102 1119 2687
2687 1119 2102
1119 2102 2687
597 47 2770
47 597 2770
2770 47 597
1458 161 2815
161 1458 2815
2815 161 1458
2747 249 2255
249 2255 2747
2255 249 2747
1342 1603 2017
2017 1342 1603
1603 1342 2017
1747 118 665
118 665 1747
665 118 1747
1801 307 2077
2077 307 1801
307 1801 2077
1315 193 504
504 193 1315
193 504 1315
920 1235 2559
1235 920 2559
2559 920 1235
69 145 1713
145 69 1713
1713 69 145
328 759 1514
759 328 1514
1514 328 759
2232 536 2813
2813 536 2232
536 2232 2813
855 1923 2829
2829 855 1923
1923 855 2829
1859 1044 2443
1044 1859 2443
2443 1044 1859
477 16 793
16 477 793
793 16 477
1987 853 2083
853 1987 2083
2083 853 1987
2170 447 726
726 447 2170
447 726 2170
2165 560 1390
1390 560 2165
560 1390 2165
1926 1333 2558
2558 1333 1926
1333 1926 2558
2692 151 1792
1792 151 2692
151 1792 2692
2742 1434 2900
2900 1434 2742
1434 2742 2900
1393 558 1807
1807 558 1393
558 1393 1807
1203 600 1717
1717 600 1203
600 1203 1717
336 1823 2555
2555 336 1823
1823 336 2555
306 650 1197
650 306 1197
1197 306 650
2750 543 2898
2898 543 2750
543 2750 2898
1862 2620 2663
2663 1862 2620
2620 1862 2663
1384 742 946
742 946 1384
946 742 1384
2404 42 2736
42 2404 2736
2736 42 2404
565 201 2380
201 565 2380
2380 201 565
2300 486 2029
486 2029 2300
2029 486 2300
1179 335 658
335 658 1179
658 335 1179
1809 1382 2746
2746 1382 1809
1382 1809 2746
2004 468 2449
468 2004 2449
2449 468 2004
1634 110 1630
1630 110 1634
110 1630 1634
140 2076 2329
2329 140 2076
2076 140 2329
1195 463 2920
2920 463 1195
463 1195 2920
2481 2383 2512
2383 2481 2512
2512 2383 2481
2294 2482 2644
2482 2294 2644
2644 2294 2482
269 472 1706
472 269 1706
1706 269 472
1142 1788 2453
2453 1142 1788
1788 1142 2453
744 2133 2575
2575 744 2133
2133 744 2575
2774 222 1184
1184 222 2774
222 1184 2774
1653 2502 2595
2502 1653 2595
2595 1653 2502
2669 304 1468
304 1468 2669
1468 304 2669
2497 1286 2250
1286 2250 2497
2250 1286 2497
1020 475 916
916 475 1020
475 916 1020
1132 615 700
700 615 1132
615 700 1132
2266 2484 2609
2484 2266 2609
2609 2266 2484
39 2292 2706
2706 39 2292
2292 39 2706
117 833 2149
833 117 2149
2149 117 833
342 2338 2950
2338 342 2950
2950 342 2338
93 570 1910
1910 93 570
570 93 1910
2930 939 1756
1756 939 2930
939 1756 2930
179 996 2814
2814 179 996
996 179 2814
1454 2467 2765
2467 1454 2765
2765 1454 2467
602 1690 2328
1690 602 2328
2328 602 1690
2857 445 1185
445 1185 2857
1185 445 2857
794 326 2916
326 794 2916
2916 326 794
2786 139 532
532 139 2786
139 532 2786
2866 1066 2287
2287 1066 2866
1066 2287 2866
2902 1421 2420
2420 1421 2902
1421 2420 2902
519 1574 2869
2869 519 1574
1574 519 2869
2272 1006 2457
2457 1006 2272
1006 2272 2457
308 890 2224
2224 308 890
890 308 2224
971 703 2325
2325 703 971
703 971 2325
1013 1957 2545
1957 1013 2545
2545 1013 1957
1423 1636 1730
1730 1423 1636
1636 1423 1730
2137 368 1293
1293 368 2137
368 1293 2137
2459 579 2205
579 2205 2459
2205 579 2459
1674 2276 2801
2276 1674 2801
2801 1674 2276
2279 1920 2553
2553 1920 2279
1920 2279 2553
1135 59 1854
1854 59 1135
59 1135 1854
706 1609 2161
2161 706 1609
1609 706 2161
2345 815 2359
815 2345 2359
2359 815 2345
919 1291 2433
2433 919 1291
1291 919 2433
2792 955 1726
955 1726 2792
1726 955 2792
77 1265 2679
2679 77 1265
1265 77 2679
733 122 194
194 122 733
122 194 733
977 1781 2438
1781 977 2438
2438 977 1781
2534 2327 2498
2498 2327 2534
2327 2498 2534
1258 1950 2230
2230 1258 1950
1950 1258 2230
823 135 364
135 364 823
364 135 823
812 2527 2999
2527 812 2999
2999 812 2527
805 1988 2001
1988 805 2001
2001 805 1988
2956 1173 2432
2432 1173 2956
1173 2432 2956
1564 1520 2979
1520 1564 2979
2979 1520 1564
95 1982 2222
2222 95 1982
1982 95 2222
2 460 623
623 2 460
460 2 623
621 452 555
555 452 621
452 555 621
2064 1091 1411
1091 1411 2064
1411 1091 2064
1827 30 2969
2969 30 1827
30 1827 2969
877 492 1553
1553 492 877
492 877 1553
36 1680 2767
1680 36 2767
2767 36 1680
1523 1808 2357
1808 1523 2357
2357 1523 1808
2722 782 1924
782 1924 2722
1924 782 2722
1524 1413 2790
2790 1413 1524
1413 1524 2790
2594 414 2136
414 2136 2594
2136 414 2594
102 2213 2447
2447 102 2213
2213 102 2447
365 1363 2820
2820 365 1363
1363 365 2820
1058 305 1698
1698 305 1058
305 1058 1698
360 641 2568
2568 360 641
641 360 2568
1039 189 2106
189 1039 2106
2106 189 1039
1176 495 721
721 495 1176
495 721 1176
1165 236 316
316 236 1165
236 316 1165
1778 398 1225
1225 398 1778
398 1225 1778
1685 941 1795
941 1685 1795
1795 941 1685
2713 978 1659
1659 978 2713
978 1659 2713
2897 917 2763
2763 917 2897
917 2763 2897
1084 2131 2889
2889 1084 2131
2131 1084 2889
2771 332 2390
2390 332 2771
332 2390 2771
1900 1305 1720
1720 1305 1900
1305 1720 1900
795 1118 2463
2463 795 1118
1118 795 2463
2926 580 2158
580 2158 2926
2158 580 2926
502 575 1896
1896 502 575
575 502 1896
2653 262 2508
262 2508 2653
2508 262 2653
1228 1343 2673
2673 1228 1343
1343 1228 2673
2651 2265 2566
2265 2566 2651
2566 2265 2651
735 509 1943
509 735 1943
1943 509 735
1544 756 980
980 756 1544
756 980 1544
1008 350 1889
350 1008 1889
1889 350 1008
1212 2128 2273
2273 1212 2128
2128 1212 2273
352 691 2312
2312 352 691
691 352 2312
19 1033 2519
2519 19 1033
1033 19 2519
1817 705 2479
2479 705 1817
705 1817 2479
55 1183 2301
2301 55 1183
1183 55 2301
1976 355 1573
1573 355 1976
355 1573 1976
1042 993 1648
1648 993 1042
993 1042 1648
1167 1583 1612
1612 1167 1583
1583 1167 1612
2872 1834 2724
1834 2724 2872
2724 1834 2872
1255 1103 2525
2525 1103 1255
1103 1255 2525
1410 295 1961
1961 295 1410
295 1410 1961
2198 1325 2303
1325 2198 2303
2303 1325 2198
96 497 2048
497 96 2048
2048 96 497
587 27 2533
27 587 2533
2533 27 587
596 850 1439
1439 596 850
850 596 1439
100 957 1354
1354 100 957
957 100 1354
618 250 966
966 250 618
250 618 966
1441 1661 2911
1661 1441 2911
2911 1441 1661
138 1651 2937
1651 138 2937
2937 138 1651
421 728 1540
728 421 1540
1540 421 728
1088 682 2234
2234 682 1088
682 1088 2234
401 309 1360
309 401 1360
1360 309 401
1001 112 265
265 112 1001
112 265 1001
1981 440 2992
440 1981 2992
2992 440 1981
128 1888 2310
1888 128 2310
2310 128 1888
2440 1078 2852
1078 2440 2852
2852 1078 2440
248 20 1741
1741 20 248
20 248 1741
1023 107 2364
2364 107 1023
107 1023 2364
2521 748 2072
2072 748 2521
748 2072 2521
331 1939 2181
2181 331 1939
1939 331 2181
507 773 2986
773 507 2986
2986 507 773
2195 2127 2612
2127 2195 2612
2612 2127 2195
2028 1248 2608
1248 2028 2608
2608 1248 2028
1188 1789 2339
1789 1188 2339
2339 1188 1789
2738 1073 1655
1655 1073 2738
1073 1655 2738
1649 38 2022
38 1649 2022
2022 38 1649
22 1096 1110
1110 22 1096
1096 22 1110
49 431 1595
431 49 1595
1595 49 431
1249 130 2589
2589 130 1249
130 1249 2589
2821 2445 2791
2791 2445 2821
2445 2791 2821
1611 1829 2296
2296 1611 1829
1829 1611 2296
799 777 969
777 799 969
969 777 799
522 33 1934
1934 33 522
33 522 1934
1633 1415 1427
1415 1427 1633
1427 1415 1633
1716 1687 1977
1687 1716 1977
1977 1687 1716
2611 510 2096
2096 510 2611
510 2096 2611
1914 1895 2036
1895 1914 2036
2036 1895 1914
849 1038 1263
1038 849 1263
1263 849 1038
1874 1327 1631
1327 1631 1874
1631 1327 1874
1556 349 945
945 349 1556
349 945 1556
180 508 2207
2207 180 508
508 180 2207
213 1871 2061
2061 213 1871
1871 213 2061
1321 818 1035
818 1035 1321
1035 818 1321
779 2154 2947
2947 779 2154
2154 779 2947
692 1637 2757
2757 692 1637
1637 692 2757
704 382 586
586 382 704
382 586 704
29 242 861
861 29 242
242 29 861
878 2278 2424
2424 878 2278
2278 878 2424
1892 862 2411
2411 862 1892
862 1892 2411
1593 109 2806
109 1593 2806
2806 109 1593
2370 199 2293
199 2293 2370
2293 199 2370
1319 184 2485
2485 184 1319
184 1319 2485
1584 357 2118
357 1584 2118
2118 357 1584
2236 237 2305
237 2236 2305
2305 237 2236
48 339 2764
2764 48 339
339 48 2764
15 2194 2407
2407 15 2194
2194 15 2407
563 1589 1816
1589 563 1816
1816 563 1589
716 471 1937
471 716 1937
1937 471 716
1750 314 1775
314 1750 1775
1775 314 1750
1815 196 879
879 196 1815
196 879 1815
1684 1109 1301
1301 1109 1684
1109 1301 1684
1272 291 1420
291 1272 1420
1420 291 1272
994 689 1880
689 994 1880
1880 689 994
1901 1621 1785
1621 1785 1901
1785 1621 1901
2749 628 2114
628 2114 2749
2114 628 2749
2135 1738 2335
1738 2135 2335
2335 1738 2135
1117 214 841
214 841 1117
841 214 1117
1497 866 1804
866 1497 1804
1804 866 1497
715 119 300
119 300 715
300 119 715
2247 2037 2221
2037 2221 2247
2221 2037 2247
2069 1652 2043
2043 1652 2069
1652 2043 2069
2666 435 2717
435 2666 2717
2717 435 2666
2909 277 1267
277 1267 2909
1267 277 2909
1242 670 2621
670 1242 2621
2621 670 1242
2596 1579 1799
1799 1579 2596
1579 1799 2596
1837 2488 2877
2877 1837 2488
2488 1837 2877
1231 313 2244
2244 313 1231
313 1231 2244
1849 1970 2398
2398 1849 1970
1970 1849 2398
1600 604 835
604 835 1600
835 604 1600
952 23 1051
1051 23 952
23 952 1051
2867 1770 2696
2696 1770 2867
1770 2696 2867
2677 1711 2270
1711 2270 2677
2270 1711 2677
2636 387 2466
2466 387 2636
387 2466 2636
68 1170 2734
2734 68 1170
1170 68 2734
490 2008 2201
2008 490 2201
2201 490 2008
1485 2126 2978
2978 1485 2126
2126 1485 2978
636 427 1259
1259 427 636
427 636 1259
1860 345 2647
345 1860 2647
2647 345 1860
1014 2290 2353
2290 1014 2353
2353 1014 2290
1061 1580 1607
1580 1061 1607
1607 1061 1580
1402 626 943
943 626 1402
626 943 1402
1440 749 1768
749 1440 1768
1768 749 1440
2426 2403 2529
2529 2403 2426
2403 2426 2529
2456 947 1509
1509 947 2456
947 1509 2456
2953 70 2316
70 2316 2953
2316 70 2953
1010 2648 2822
2648 1010 2822
2822 1010 2648
1852 1128 1898
1898 1128 1852
1128 1852 1898
755 2152 2970
2152 755 2970
2970 755 2152
934 221 2741
2741 221 934
221 934 2741
2917 1779 2948
2948 1779 2917
1779 2917 2948
1250 2401 2600
2401 1250 2600
2600 1250 2401
2923 186 2607
186 2607 2923
2607 186 2923
2372 1280 2799
2799 1280 2372
1280 2372 2799
2063 831 1072
1072 831 2063
831 1072 2063
2381 359 2348
359 2348 2381
2348 359 2381
2108 1047 1932
1932 1047 2108
1047 1932 2108
2778 40 612
40 612 2778
612 40 2778
2881 545 2789
545 2789 2881
2789 545 2881
2974 1787 1967
1967 1787 2974
1787 1967 2974
1904 858 1991
1991 858 1904
858 1904 1991
2846 232 2344
2344 232 2846
232 2344 2846
2530 66 1724
1724 66 2530
66 1724 2530
2177 413 611
413 611 2177
611 413 2177
444 864 2961
864 444 2961
2961 444 864
550 1065 2584
2584 550 1065
1065 550 2584
2643 244 2299
2299 244 2643
244 2299 2643
2805 1198 1398
1198 1398 2805
1398 1198 2805
2587 1462 2831
1462 2587 2831
2831 1462 2587
708 1822 2650
2650 708 1822
1822 708 2650
2941 217 361
217 361 2941
361 217 2941
312 1345 2826
1345 312 2826
2826 312 1345
2254 802 2377
2377 802 2254
802 2254 2377
2223 669 1692
669 1692 2223
1692 669 2223
912 1495 2682
1495 912 2682
2682 912 1495
1127 657 1433
1433 657 1127
657 1127 1433
1656 1353 2189
2189 1353 1656
1353 1656 2189
429 578 1734
1734 429 578
578 429 1734
1201 2057 2554
2057 1201 2554
2554 1201 2057
2546 1007 1681
1681 1007 2546
1007 1681 2546
2342 1646 2252
1646 2252 2342
2252 1646 2342
2768 2425 2684
2425 2684 2768
2684 2425 2768
2378 1776 1882
1776 1882 2378
1882 1776 2378
1879 485 2049
2049 485 1879
485 1879 2049
1147 347 1153
347 1147 1153
1153 347 1147
1199 719 1375
1375 719 1199
719 1199 1375
1719 1897 2164
1897 1719 2164
2164 1719 1897
1916 456 2058
2058 456 1916
456 1916 2058
2104 1148 1594
1594 1148 2104
1148 1594 2104
21 257 699
699 21 257
257 21 699
2393 511 2719
2719 511 2393
511 2393 2719
1763 1278 2714
1278 1763 2714
2714 1278 1763
2371 830 1566
830 1566 2371
1566 830 2371
1760 406 1858
406 1760 1858
1858 406 1760
2202 752 1654
1654 752 2202
752 1654 2202
2209 921 2047
2047 921 2209
921 2047 2209
1043 464 2895
464 1043 2895
2895 464 1043
2384 183 2350
183 2350 2384
2350 183 2384
274 1104 2536
2536 274 1104
1104 274 2536
2965 2220 2634
2634 2220 2965
2220 2634 2965
1511 60 2698
2698 60 1511
60 1511 2698
229 1 1057
1 229 1057
1057 1 229
2615 637 1069
1069 637 2615
637 1069 2615
1283 1113 2073
1113 1283 2073
2073 1113 1283
872 2728 2884
2884 872 2728
2728 872 2884
796 1347 2166
1347 796 2166
2166 796 1347
2756 2721 2862
2721 2756 2862
2862 2721 2756
2014 1429 2882
2882 1429 2014
1429 2014 2882
1620 131 2938
131 1620 2938
2938 131 1620
2068 991 1257
1257 991 2068
991 1257 2068
2707 852 2593
852 2593 2707
2593 852 2707
1464 500 817
500 817 1464
817 500 1464
619 736 2993
736 619 2993
2993 619 736
2802 318 515
318 515 2802
515 318 2802
2391 2844 2912
2844 2391 2912
2912 2391 2844
1206 635 1344
635 1206 1344
1344 635 1206
1972 983 1826
983 1826 1972
1826 983 1972
2552 884 2933
884 2552 2933
2933 884 2552
2009 148 1095
1095 148 2009
148 1095 2009
2951 206 2349
2349 206 2951
206 2349 2951
2990 1251 1297
1297 1251 2990
1251 1297 2990
981 958 2038
2038 958 981
958 981 2038
1599 379 2904
379 1599 2904
2904 379 1599
2347 1812 2630
1812 2347 2630
2630 1812 2347
1247 62 136
62 136 1247
136 62 1247
1475 1660 2875
1660 1475 2875
2875 1475 1660
2450 1174 2412
2412 1174 2450
1174 2412 2450
267 2184 2478
2184 267 2478
2478 267 2184
577 1444 2032
2032 577 1444
1444 577 2032
2963 1177 1318
1177 1318 2963
1318 1177 2963
1308 2169 2918
2918 1308 2169
2169 1308 2918
542 2138 2477
2138 542 2477
2477 542 2138
2845 672 1071
672 1071 2845
1071 672 2845
1273 1438 2235
2235 1273 1438
1438 1273 2235
1015 315 325
315 325 1015
325 315 1015
2548 1658 1992
1658 1992 2548
1992 1658 2548
496 58 1535
58 496 1535
1535 58 496
2769 383 1086
383 1086 2769
1086 383 2769
1003 1774 1872
1872 1003 1774
1774 1003 1872
1948 1024 2720
2720 1024 1948
1024 1948 2720
785 2098 2655
2655 785 2098
2098 785 2655
2576 1089 2140
2140 1089 2576
1089 2140 2576
1299 416 870
416 870 1299
870 416 1299
227 1938 2671
1938 227 2671
2671 227 1938
1805 279 356
356 279 1805
279 356 1805
2483 792 1274
792 1274 2483
1274 792 2483
2758 1866 2492
1866 2492 2758
2492 1866 2758
251 32 2735
32 251 2735
2735 32 251
2360 2101 2218
2101 2218 2360
2218 2101 2360
1836 1964 2110
1964 1836 2110
2110 1836 1964
1908 1253 1463
1463 1253 1908
1253 1463 1908
1097 1080 1638
1080 1097 1638
1638 1080 1097
616 1101 1813
1813 616 1101
1101 616 1813
505 450 2415
2415 450 505
450 505 2415
948 856 1356
1356 856 948
856 948 1356
807 1002 1050
1002 807 1050
1050 807 1002
2314 91 1099
91 1099 2314
1099 91 2314
188 1650 1942
1942 188 1650
1650 188 1942
2156 164 321
164 321 2156
321 164 2156
1245 51 1388
51 1245 1388
1388 51 1245
2107 2475 2579
2579 2107 2475
2475 2107 2579
324 1467 2367
1467 324 2367
2367 324 1467
1757 724 2878
724 1757 2878
2878 724 1757
1459 202 1213
202 1213 1459
1213 202 1459
1246 1054 1181
1181 1054 1246
1054 1181 1246
2922 1131 2431
2431 1131 2922
1131 2431 2922
1289 317 2751
317 1289 2751
2751 317 1289
276 1911 2388
2388 276 1911
1911 276 2388
2795 583 808
583 808 2795
808 583 2795
1551 1161 2242
2242 1161 1551
1161 1551 2242
656 1063 2861
2861 656 1063
1063 656 2861
1986 374 2667
2667 374 1986
374 1986 2667
1662 303 2211
2211 303 1662
303 1662 2211
1200 1831 2811
2811 1200 1831
1831 1200 2811
1123 1542 2392
2392 1123 1542
1542 1123 2392
44 905 1365
905 44 1365
1365 44 905
1395 1640 1855
1640 1395 1855
1855 1395 1640
1340 259 2251
259 1340 2251
2251 259 1340
1678 959 2571
959 1678 2571
2571 959 1678
2843 1522 2796
2796 1522 2843
1522 2796 2843
900 556 1171
1171 556 900
556 900 1171
1205 2744 2781
2744 1205 2781
2781 1205 2744
2646 1227 2326
2326 1227 2646
1227 2326 2646
2718 882 1376
1376 882 2718
882 1376 2718
178 367 2574
367 178 2574
2574 178 367
2330 1067 1373
1373 1067 2330
1067 1373 2330
1162 61 1031
1031 61 1162
61 1031 1162
1647 422 1122
1122 422 1647
422 1122 1647
2899 1751 2332
2332 1751 2899
1751 2332 2899
2989 106 2080
106 2080 2989
2080 106 2989
166 484 1582
1582 166 484
484 166 1582
2695 1867 2954
2954 1867 2695
1867 2695 2954
2777 791 986
986 791 2777
791 986 2777
2732 1550 2739
1550 2732 2739
2739 1550 2732
2629 572 2031
2031 572 2629
572 2031 2629
1861 299 963
963 299 1861
299 963 1861
111 741 2590
2590 111 741
741 111 2590
1494 893 1677
1677 893 1494
893 1494 1677
2567 2113 2308
2308 2113 2567
2113 2308 2567
1012 176 2180
2180 176 1012
176 1012 2180
1298 499 2081
2081 499 1298
499 1298 2081
1474 780 2564
780 1474 2564
2564 780 1474
1313 652 2409
2409 652 1313
652 1313 2409
2727 2157 2863
2863 2157 2727
2157 2727 2863
624 675 1196
675 624 1196
1196 624 675
2520 1021 2190
1021 2190 2520
2190 1021 2520
1824 67 2039
67 1824 2039
2039 67 1824
18 442 1830
442 18 1830
1830 18 442
2788 1349 2988
2988 1349 2788
1349 2788 2988
944 283 1471
1471 283 944
283 944 1471
2977 478 2078
478 2078 2977
2078 478 2977
2582 50 397
397 50 2582
50 397 2582
1946 296 2458
296 1946 2458
2458 296 1946
1178 909 2550
2550 909 1178
909 1178 2550
263 1302 1374
1374 263 1302
1302 263 1374
1549 1604 1663
1663 1549 1604
1604 1549 1663
1346 1108 2313
2313 1108 1346
1108 1346 2313
1766 549 1303
549 1303 1766
1303 549 1766
64 1590 2491
2491 64 1590
1590 64 2491
2835 923 2018
923 2018 2835
2018 923 2835
2343 1548 2798
1548 2343 2798
2798 1548 2343
784 745 1163
745 784 1163
1163 745 784
2610 1234 2585
2585 1234 2610
1234 2585 2610
2087 1688 2186
1688 2087 2186
2186 1688 2087
1765 2199 2395
2395 1765 2199
2199 1765 2395
1186 514 938
938 514 1186
514 938 1186
1794 1618 2065
1618 1794 2065
2065 1618 1794
333 667 2442
667 333 2442
2442 333 667
2226 436 897
897 436 2226
436 897 2226
967 953 2784
2784 953 967
953 967 2784
2689 340 1019
340 1019 2689
1019 340 2689
2117 803 1442
803 1442 2117
1442 803 2117
469 1307 2062
2062 469 1307
1307 469 2062
566 392 457
457 392 566
392 457 566
1409 892 1561
892 1409 1561
1561 892 1409
1372 851 2681
851 1372 2681
2681 851 1372
2856 848 1477
1477 848 2856
848 1477 2856
334 165 949
165 334 949
949 165 334
1449 1190 1331
1190 1331 1449
1331 1190 1449
1215 215 2204
215 1215 2204
2204 215 1215
1435 298 1451
1451 298 1435
298 1435 1451
1780 1764 2686
1764 1780 2686
2686 1764 1780
1055 845 1665
845 1055 1665
1665 845 1055
1098 1016 1466
1466 1016 1098
1016 1098 1466
56 371 1268
1268 56 371
371 56 1268
2035 857 1709
1709 857 2035
857 1709 2035
137 1093 2794
2794 137 1093
1093 137 2794
2262 662 1483
662 1483 2262
1483 662 2262
840 1671 1960
1671 840 1960
1960 840 1671
115 385 1675
1675 115 385
385 115 1675
2379 1623 2851
2851 1623 2379
1623 2379 2851
918 676 2307
676 918 2307
2307 676 918
219 711 2816
2816 219 711
711 219 2816
240 1056 1269
1269 240 1056
1056 240 1269
1657 1473 1565
1473 1565 1657
1565 1473 1657
885 774 1956
774 885 1956
1956 774 885
1364 1260 1284
1260 1284 1364
1284 1260 1364
1998 1555 2848
2848 1555 1998
1555 1998 2848
1022 337 2952
2952 337 1022
337 1022 2952
280 984 1320
984 280 1320
1320 280 984
1585 90 2699
90 1585 2699
2699 90 1585
2753 554 693
554 693 2753
693 554 2753
2591 1143 2173
2173 1143 2591
1143 2173 2591
1936 2787 2983
2983 1936 2787
2787 1936 2983
1507 772 2828
772 1507 2828
2828 772 1507
123 1082 2628
1082 123 2628
2628 123 1082
1527 838 1378
1378 838 1527
838 1378 1527
187 1236 2668
1236 187 2668
2668 187 1236
1903 384 642
642 384 1903
384 642 1903
1419 453 1381
453 1381 1419
1381 453 1419
1416 192 837
192 837 1416
837 192 1416
2146 404 2638
404 2146 2638
2638 404 2146
1919 322 2748
2748 322 1919
322 1919 2748
1341 1276 2688
2688 1276 1341
1276 1341 2688
2171 976 1893
1893 976 2171
976 1893 2171
1182 539 2987
2987 539 1182
539 1182 2987
94 559 2868
559 94 2868
2868 94 559
2197 4 788
4 788 2197
788 4 2197
2517 255 2740
255 2517 2740
2740 255 2517
523 1120 1592
1120 523 1592
1592 523 1120
2286 488 974
974 488 2286
488 974 2286
1211 378 2400
2400 378 1211
378 1211 2400
1743 1219 1835
1219 1743 1835
1835 1219 1743
761 2929 2976
2976 761 2929
2929 761 2976
437 1221 2489
1221 437 2489
2489 437 1221
889 142 2451
2451 142 889
142 889 2451
369 417 910
910 369 417
417 369 910
1491 1614 2560
1614 1491 2560
2560 1491 1614
1619 1641 2617
2617 1619 1641
1641 1619 2617
2894 842 1092
1092 842 2894
842 1092 2894
2162 1930 2115
2115 1930 2162
1930 2115 2162
2120 1745 2088
2088 1745 2120
1745 2088 2120
2413 2369 2500
2500 2369 2413
2369 2413 2500
2839 564 2288
564 2288 2839
2288 564 2839
2921 432 2572
2572 432 2921
432 2572 2921
1371 1154 1204
1204 1154 1371
1154 1204 1371
103 297 924
297 103 924
924 103 297
1285 338 1457
1457 338 1285
338 1285 1457
1424 2368 2837
2368 1424 2837
2837 1424 2368
1309 11 2187
2187 11 1309
11 1309 2187
424 1290 1676
1290 424 1676
1676 424 1290
591 860 2887
2887 591 860
860 591 2887
1379 562 2672
562 1379 2672
2672 562 1379
2263 1426 2085
2085 1426 2263
1426 2085 2263
2183 632 1974
632 1974 2183
1974 632 2183
1925 1414 1990
1990 1414 1925
1414 1925 1990
605 592 819
592 605 819
819 592 605
2019 899 2601
899 2019 2601
2601 899 2019
1011 243 1846
243 1011 1846
1846 243 1011
2701 734 2376
734 2376 2701
2376 734 2701
2803 2346 2649
2649 2346 2803
2346 2649 2803
1710 911 2810
2810 911 1710
911 1710 2810
1554 1569 1696
1569 1554 1696
1696 1554 1569
2124 319 2907
319 2124 2907
2907 319 2124
880 1076 2632
2632 880 1076
1076 880 2632
101 2306 2830
2830 101 2306
2306 101 2830
2715 2399 2733
2733 2399 2715
2399 2715 2733
902 2434 2652
2652 902 2434
2434 902 2652
254 144 2513
2513 144 254
144 254 2513
634 1739 2054
1739 634 2054
2054 634 1739
1818 391 2185
391 1818 2185
2185 391 1818
2885 1187 3000
3000 1187 2885
1187 2885 3000
1752 503 2163
503 1752 2163
2163 503 1752
2759 613 732
732 613 2759
613 732 2759
2605 1455 2991
1455 2605 2991
2991 1455 2605
2959 1217 2557
1217 2557 2959
2557 1217 2959
363 252 1538
252 363 1538
1538 252 363
1928 1629 2469
1629 1928 2469
2469 1629 1928
2924 1264 2841
1264 2841 2924
2841 1264 2924
372 1030 2000
1030 372 2000
2000 372 1030
747 376 1704
1704 376 747
376 747 1704
2723 2147 2522
2147 2522 2723
2522 2147 2723
1532 828 1489
828 1489 1532
1489 828 1532
2454 822 1405
822 1405 2454
1405 822 2454
1336 1075 2944
2944 1075 1336
1075 1336 2944
2373 1232 1461
1461 1232 2373
1232 1461 2373
2196 2150 2544
2544 2150 2196
2150 2196 2544
1339 1570 2495
1570 1339 2495
2495 1339 1570
491 212 883
883 212 491
212 491 883
2981 1214 2680
1214 2680 2981
2680 1214 2981
1689 458 1668
1668 458 1689
458 1668 1689
141 989 2090
2090 141 989
989 141 2090
480 1329 2041
2041 480 1329
1329 480 2041
1328 409 438
409 438 1328
438 409 1328
149 285 1999
285 149 1999
1999 149 285
2267 1587 1821
1821 1587 2267
1587 1821 2267
143 606 1480
606 143 1480
1480 143 606
2067 1397 1502
1502 1397 2067
1397 1502 2067
1223 753 1310
753 1223 1310
1310 753 1223
2030 512 589
589 512 2030
512 589 2030
826 922 1193
922 826 1193
1193 826 922
2480 1220 2494
1220 2480 2494
2494 1220 2480
1531 627 1210
627 1210 1531
1210 627 1531
1045 1037 1748
1748 1037 1045
1037 1045 1748
832 1985 2188
2188 832 1985
1985 832 2188
207 846 2859
846 207 2859
2859 207 846
1034 288 646
646 288 1034
288 646 1034
2249 489 2134
2134 489 2249
489 2134 2249
553 1312 2504
2504 553 1312
1312 553 2504
1445 1425 2919
2919 1425 1445
1425 1445 2919
1616 226 2807
2807 226 1616
226 1616 2807
874 154 1029
1029 154 874
154 874 1029
2654 903 1869
903 1869 2654
1869 903 2654
173 253 1326
253 173 1326
1326 173 253
1469 781 2026
781 1469 2026
2026 781 1469
664 1018 2573
1018 664 2573
2573 664 1018
1891 2317 2510
2510 1891 2317
2317 1891 2510
1790 1361 1465
1465 1361 1790
1361 1465 1790
2167 73 647
647 73 2167
73 647 2167
83 2055 2079
2055 83 2079
2079 83 2055
2726 1141 2324
1141 2324 2726
2324 1141 2726
2556 765 2700
2700 765 2556
765 2556 2700
973 1145 2406
2406 973 1145
1145 973 2406
790 1845 1885
1845 790 1885
1885 790 1845
824 875 2297
2297 824 875
875 824 2297
2675 568 778
568 778 2675
778 568 2675
1935 284 2464
2464 284 1935
284 1935 2464
524 2503 2563
2563 524 2503
2503 524 2563
1679 182 2111
182 1679 2111
2111 182 1679
1941 610 871
610 871 1941
871 610 1941
46 1670 2633
1670 46 2633
2633 46 1670
125 1370 1833
1833 125 1370
1370 125 1833
2995 493 1083
1083 493 2995
493 1083 2995
2419 153 1107
1107 153 2419
153 1107 2419
1735 449 1922
449 1735 1922
1922 449 1735
2175 354 725
354 725 2175
725 354 2175
561 1237 1890
1890 561 1237
1237 561 1890
2509 479 1963
479 1963 2509
1963 479 2509
1115 2012 2052
2052 1115 2012
2012 1115 2052
722 2074 2637
2637 722 2074
2074 722 2637
1358 1418 2793
1418 1358 2793
2793 1358 1418
1048 1499 2191
2191 1048 1499
1499 1048 2191
1832 1324 2295
1324 1832 2295
2295 1324 1832
1588 2657 2660
2657 1588 2660
2660 1588 2657
1567 1534 2910
2910 1534 1567
1534 1567 2910
1798 2023 2783
2023 1798 2783
2783 1798 2023
2237 2240 2298
2298 2237 2240
2240 2237 2298
1746 239 1151
1151 239 1746
239 1151 1746
1753 868 1492
1492 868 1753
868 1492 1753
927 1883 2943
1883 927 2943
2943 927 1883
1111 286 1697
1697 286 1111
286 1111 1697
53 714 2928
714 53 2928
2928 53 714
1949 1149 2577
2577 1149 1949
1149 1949 2577
1430 1868 2271
1868 1430 2271
2271 1430 1868
2214 1443 2659
2659 1443 2214
1443 2214 2659
660 1715 2973
2973 660 1715
1715 660 2973
961 344 2006
2006 344 961
344 961 2006
746 124 1453
124 746 1453
1453 124 746
1537 1476 2797
2797 1476 1537
1476 1537 2797
582 1281 2737
2737 582 1281
1281 582 2737
1562 913 2942
2942 913 1562
913 1562 2942
2486 395 1191
1191 395 2486
395 1191 2486
75 607 1516
1516 75 607
607 75 1516
1156 1617 1803
1617 1156 1803
1803 1156 1617
1407 987 2635
2635 987 1407
987 1407 2635
261 869 1875
869 261 1875
1875 261 869
518 2752 2879
2752 518 2879
2879 518 2752
2514 2116 2215
2116 2215 2514
2215 2116 2514
935 594 1392
1392 594 935
594 935 1392
1456 1383 1625
1383 1456 1625
1625 1383 1456
1105 498 1806
498 1105 1806
1806 498 1105
2957 648 2050
648 2050 2957
2050 648 2957
2091 876 1840
1840 876 2091
876 1840 2091
373 162 2016
162 373 2016
2016 162 373
825 954 2773
2773 825 954
954 825 2773
1966 2021 2994
2021 1966 2994
2994 1966 2021
1533 465 810
810 465 1533
465 810 1533
1865 1447 2838
2838 1447 1865
1447 1865 2838
614 2148 2361
2361 614 2148
2148 614 2361
1168 2827 2971
2827 1168 2971
2971 1168 2827
2836 426 1261
426 1261 2836
1261 426 2836
2261 85 1742
85 1742 2261
1742 85 2261
906 200 1563
1563 200 906
200 906 1563
2825 1009 2716
2716 1009 2825
1009 2716 2825
2436 216 1335
216 1335 2436
1335 216 2436
836 2333 2925
2333 836 2925
2925 836 2333
1714 81 467
81 467 1714
467 81 1714
1843 98 2580
2580 98 1843
98 1843 2580
1814 1933 2034
1933 1814 2034
2034 1814 1933
678 1000 2602
1000 678 2602
2602 678 1000
527 92 294
294 92 527
92 294 527
171 1705 2932
2932 171 1705
1705 171 2932
1559 158 1796
158 1559 1796
1796 158 1559
859 2025 2939
2025 859 2939
2939 859 2025
2809 1525 2955
2955 1525 2809
1525 2809 2955
702 170 172
172 170 702
170 172 702
1598 393 1230
1230 393 1598
393 1230 1598
1673 972 2785
2785 972 1673
972 1673 2785
43 816 2468
2468 43 816
816 43 2468
402 998 1870
998 402 1870
1870 402 998
2685 2070 2334
2334 2070 2685
2070 2334 2685
2729 1157 1797
1797 1157 2729
1157 1797 2729
10 287 992
287 10 992
992 10 287
2975 34 534
534 34 2975
34 534 2975
2618 681 2320
681 2320 2618
2320 681 2618
590 1412 2365
2365 590 1412
1412 590 2365
629 528 783
528 629 783
783 528 629
1575 1064 2645
1064 1575 2645
2645 1064 1575
2914 2603 2876
2876 2603 2914
2603 2876 2914
2387 925 2153
2153 925 2387
925 2153 2387
603 731 2311
731 603 2311
2311 603 731
264 2086 2352
2086 264 2352
2352 264 2086
1428 1130 2461
1130 1428 2461
2461 1130 1428
1683 443 2125
443 1683 2125
2125 443 1683
2429 208 2269
2269 208 2429
208 2269 2429
2966 2097 2586
2097 2586 2966
2586 2097 2966
1505 281 2745
2745 281 1505
281 1505 2745
800 931 1968
1968 800 931
931 800 1968
2855 696 2319
696 2319 2855
2319 696 2855
2337 769 1472
1472 769 2337
769 1472 2337
418 1983 2402
1983 418 2402
2402 418 1983
1586 1025 1576
1025 1576 1586
1576 1025 1586
377 697 1703
1703 377 697
697 377 1703
1672 979 1613
1613 979 1672
979 1613 1672
290 2132 2697
2132 290 2697
2697 290 2132
120 907 2531
907 120 2531
2531 120 907
1180 1004 1856
1856 1004 1180
1004 1180 1856
133 888 1189
1189 133 888
888 133 1189
1296 2020 2725
2725 1296 2020
2020 1296 2725
268 2238 2471
2238 268 2471
2471 268 2238
2231 677 760
677 760 2231
760 677 2231
1767 1486 2619
1486 1767 2619
2619 1486 1767
2375 2010 2936
2010 2375 2936
2936 2010 2375
2385 2289 2351
2289 2351 2385
2351 2289 2385
1450 1322 1962
1962 1322 1450
1322 1450 1962
386 601 1155
1155 386 601
601 386 1155
2754 1334 2092
2092 1334 2754
1334 2092 2754
2095 1727 2143
2143 1727 2095
1727 2095 2143
1238 366 1725
366 1238 1725
1725 366 1238
2455 425 2710
425 2455 2710
2710 425 2455
1059 1306 2642
2642 1059 1306
1306 1059 2642
762 1857 2516
2516 762 1857
1857 762 2516
1850 738 1404
1404 738 1850
738 1404 1850
99 1133 2599
2599 99 1133
1133 99 2599
537 1355 1944
1944 537 1355
1355 537 1944
638 1493 1783
1783 638 1493
1493 638 1783
1028 1362 2013
2013 1028 1362
1362 1028 2013
175 2616 2766
2766 175 2616
2616 175 2766
245 1597 2985
1597 245 2985
2985 245 1597
233 530 2840
530 233 2840
2840 233 530
1921 1446 1873
1446 1873 1921
1873 1446 1921
867 348 1508
1508 348 867
348 867 1508
1951 132 2624
132 1951 2624
2624 132 1951
1615 105 1026
1026 105 1615
105 1026 1615
2945 1560 2705
2705 1560 2945
1560 2705 2945
771 1915 2597
2597 771 1915
1915 771 2597
159 1701 2690
2690 159 1701
1701 159 2690
353 1330 2172
1330 353 2172
2172 353 1330
1610 651 2024
651 1610 2024
2024 651 1610
1102 370 1496
1496 370 1102
370 1102 1496
811 17 1262
17 811 1262
1262 17 811
408 79 185
79 185 408
185 79 408
80 329 666
666 80 329
329 80 666
1041 904 1955
1955 904 1041
904 1041 1955
929 428 2341
428 929 2341
2341 428 929
1838 787 1074
787 1074 1838
1074 787 1838
804 758 962
758 804 962
962 758 804
546 403 671
671 403 546
403 546 671
1984 278 2460
278 1984 2460
2460 278 1984
1917 965 1894
965 1894 1917
1894 965 1917
