187 98 136
98 136 187
136 98 187
265 17 255
255 17 265
17 255 265
239 30 108
108 30 239
30 108 239
162 8 34
8 34 162
34 8 162
194 33 61
61 33 194
33 61 194
231 93 124
93 124 231
124 93 231
158 160 226
160 158 226
226 158 160
22 172 228
172 22 228
228 22 172
24 122 127
127 24 122
122 24 127
130 58 137
137 58 130
58 130 137
209 73 99
73 99 209
99 73 209
113 169 300
300 113 169
169 113 300
52 25 120
25 52 120
120 25 52
66 77 195
77 66 195
195 66 77
114 47 81
81 47 114
47 81 114
161 288 295
288 161 295
295 161 288
144 84 216
84 144 216
216 84 144
254 16 27
16 27 254
27 16 254
270 76 168
168 76 270
76 168 270
188 183 260
183 188 260
260 183 188
167 57 102
102 57 167
57 102 167
41 7 252
7 41 252
252 7 41
12 2 210
2 12 210
210 2 12
91 44 69
69 44 91
44 69 91
87 70 179
179 70 87
70 87 179
63 1 200
1 63 200
200 1 63
101 56 291
56 101 291
291 56 101
50 215 250
215 50 250
250 50 215
245 189 233
189 233 245
233 189 245
131 177 230
177 131 230
230 131 177
82 74 107
74 82 107
107 74 82
142 213 299
299 142 213
213 142 299
244 164 284
284 164 244
164 244 284
135 80 234
234 80 135
80 135 234
138 60 224
60 138 224
224 60 138
140 125 259
125 140 259
259 125 140
276 229 269
269 229 276
229 269 276
42 14 95
95 14 42
14 42 95
225 186 283
186 225 283
283 186 225
109 196 286
196 109 286
286 109 196
159 59 251
251 59 159
59 159 251
178 20 65
65 20 178
20 65 178
43 96 147
96 43 147
147 43 96
253 11 68
68 11 253
11 68 253
156 181 248
248 156 181
181 156 248
279 89 143
89 143 279
143 89 279
227 97 271
271 97 227
97 227 271
264 55 198
55 198 264
198 55 264
133 6 258
6 133 258
258 6 133
203 72 223
72 203 223
223 72 203
104 67 298
298 67 104
67 104 298
152 153 241
241 152 153
153 152 241
191 115 151
151 115 191
115 151 191
35 184 257
257 35 184
184 35 257
171 5 193
5 171 193
193 5 171
51 170 235
170 51 235
235 51 170
185 39 173
173 39 185
39 173 185
287 75 204
204 75 287
75 204 287
281 19 205
19 205 281
205 19 281
48 180 237
180 48 237
237 48 180
62 46 53
53 46 62
46 53 62
290 119 211
119 211 290
211 119 290
36 112 263
263 36 112
112 36 263
145 202 275
202 145 275
275 145 202
18 23 296
296 18 23
23 18 296
207 201 212
212 201 207
201 207 212
37 83 221
83 37 221
221 37 83
121 10 190
10 121 190
190 10 121
123 155 273
273 123 155
155 123 273
106 166 218
218 106 166
166 106 218
220 116 157
157 116 220
116 157 220
277 21 165
21 165 277
165 21 277
117 154 247
154 117 247
247 117 154
163 13 26
26 13 163
13 26 163
297 208 240
208 240 297
240 208 297
92 141 197
141 92 197
197 92 141
128 111 243
243 111 128
111 128 243
272 199 219
219 199 272
199 219 272
214 94 268
94 214 268
268 94 214
139 9 118
9 118 139
118 9 139
29 78 176
78 29 176
176 29 78
54 40 246
246 40 54
40 54 246
4 146 261
261 4 146
146 4 261
222 32 103
103 32 222
32 103 222
294 38 150
38 150 294
150 38 294
148 206 292
206 148 292
292 148 206
126 105 285
105 126 285
285 105 126
132 182 236
182 132 236
236 132 182
175 79 280
79 175 280
280 79 175
293 217 232
232 217 293
217 232 293
192 49 149
49 149 192
149 49 192
249 31 266
31 249 266
266 31 249
278 45 267
267 45 278
45 267 278
110 129 256
129 110 256
256 110 129
28 100 289
289 28 100
100 28 289
85 15 86
86 15 85
15 85 86
71 88 282
282 71 88
88 71 282
238 174 242
242 174 238
174 238 242
3 64 90
90 3 64
64 3 90
134 262 274
262 134 274
274 134 262
