96 165 213
165 96 213
213 96 165
156 243 269
269 156 243
243 156 269
107 220 274
274 107 220
220 107 274
250 222 275
222 250 275
275 222 250
189 1 122
1 122 189
122 1 189
91 42 299
42 91 299
299 42 91
248 10 188
188 10 248
10 188 248
152 86 194
194 86 152
86 152 194
249 43 298
298 43 249
43 249 298
289 23 241
241 23 289
23 241 289
58 55 100
100 55 58
55 58 100
292 69 85
69 85 292
85 69 292
171 79 143
143 79 171
79 143 171
217 40 193
40 193 217
193 40 217
56 234 272
272 56 234
234 56 272
155 120 211
120 155 211
211 120 155
240 124 177
124 177 240
177 124 240
262 72 257
72 257 262
257 72 262
39 6 132
6 39 132
132 6 39
75 173 174
173 75 174
174 75 173
102 12 15
12 15 102
15 12 102
170 63 114
63 114 170
114 63 170
109 70 223
223 70 109
70 109 223
78 53 71
71 53 78
53 71 78
90 126 157
126 90 157
157 90 126
2 77 130
77 2 130
130 2 77
8 30 111
30 8 111
111 8 30
296 93 300
300 93 296
93 296 300
231 25 261
261 25 231
25 231 261
290 208 236
208 236 290
236 208 290
20 115 295
295 20 115
115 20 295
18 22 226
22 18 226
226 18 22
50 95 150
95 50 150
150 50 95
293 51 265
265 51 293
51 265 293
186 41 47
41 47 186
47 41 186
187 141 164
141 164 187
164 141 187
119 98 278
98 119 278
278 98 119
149 24 281
24 149 281
281 24 149
7 37 131
37 7 131
131 7 37
118 159 214
214 118 159
159 118 214
209 82 94
82 94 209
94 82 209
224 4 166
166 4 224
4 166 224
196 142 148
142 148 196
148 142 196
32 35 202
35 32 202
202 32 35
129 5 215
215 5 129
5 129 215
246 65 191
65 191 246
191 65 246
201 185 219
219 185 201
185 201 219
225 29 162
29 162 225
162 29 225
59 260 268
268 59 260
260 59 268
195 61 197
61 195 197
197 61 195
34 227 279
227 34 279
279 34 227
294 112 256
112 256 294
256 112 294
136 179 286
286 136 179
179 136 286
62 60 233
233 60 62
60 62 233
267 21 137
21 137 267
137 21 267
190 221 255
255 190 221
221 190 255
199 80 153
153 80 199
80 153 199
54 68 207
68 54 207
207 54 68
92 14 167
14 92 167
167 14 92
121 245 288
288 121 245
245 121 288
287 88 139
139 88 287
88 139 287
108 17 52
52 17 108
17 52 108
205 26 242
242 26 205
26 205 242
16 172 212
172 16 212
212 16 172
247 161 216
161 216 247
216 161 247
99 106 138
106 99 138
138 99 106
204 176 230
230 176 204
176 204 230
38 258 271
258 38 271
271 38 258
103 133 151
151 103 133
133 103 151
237 27 285
27 237 285
285 27 237
125 183 203
183 125 203
203 125 183
74 9 263
263 9 74
9 74 263
198 84 229
84 198 229
229 84 198
280 105 116
116 105 280
105 116 280
146 87 270
270 87 146
87 146 270
134 184 259
259 134 184
184 134 259
73 283 291
283 73 291
291 73 283
3 66 83
66 3 83
83 3 66
182 13 175
13 175 182
175 13 182
57 169 239
239 57 169
169 57 239
228 192 251
251 192 228
192 228 251
282 48 160
48 160 282
160 48 282
253 44 181
181 44 253
44 181 253
147 158 276
158 147 276
276 147 158
46 128 144
144 46 128
128 46 144
168 180 238
238 168 180
180 168 238
76 127 252
127 76 252
252 76 127
178 11 89
89 11 178
11 89 178
264 135 254
135 254 264
254 135 264
67 145 297
145 67 297
297 67 145
97 19 140
140 19 97
19 97 140
244 113 284
284 113 244
113 244 284
64 117 266
266 64 117
117 64 266
200 31 81
31 81 200
81 31 200
232 101 277
277 101 232
101 232 277
45 104 123
123 45 104
104 45 123
218 28 33
28 33 218
33 28 218
154 49 110
49 110 154
110 49 154
235 36 273
273 36 235
36 235 273
206 163 210
210 163 206
163 206 210
