1032 1037 1991
1991 1032 1037
1037 1032 1991
2562 1169 1420
1420 1169 2562
1169 1420 2562
1386 669 2884
669 1386 2884
2884 669 1386
1908 2368 2840
2840 1908 2368
2368 1908 2840
732 53 491
53 491 732
491 53 732
513 648 1083
648 513 1083
1083 513 648
680 81 1666
81 680 1666
1666 81 680
1353 101 1212
1212 101 1353
101 1212 1353
229 161 1029
161 229 1029
1029 161 229
2444 771 2686
771 2444 2686
2686 771 2444
766 61 890
61 766 890
890 61 766
1171 250 903
903 250 1171
250 903 1171
1554 689 824
824 689 1554
689 824 1554
2322 775 1959
775 1959 2322
1959 775 2322
1561 440 1071
440 1071 1561
1071 440 1561
2345 325 722
325 722 2345
722 325 2345
1692 2211 2764
2211 1692 2764
2764 1692 2211
904 138 1379
138 904 1379
1379 138 904
1787 28 2046
28 1787 2046
2046 28 1787
2307 472 2388
472 2307 2388
2388 472 2307
2376 1015 1691
1691 1015 2376
1015 1691 2376
203 16 2896
2896 16 203
16 203 2896
880 97 810
810 97 880
97 810 880
216 1199 2111
1199 216 2111
2111 216 1199
34 568 1559
1559 34 568
568 34 1559
1843 1211 2880
1211 1843 2880
2880 1211 1843
2110 456 541
456 541 2110
541 456 2110
815 2269 2792
2269 815 2792
2792 815 2269
2430 1967 2745
2745 1967 2430
1967 2430 2745
2105 1354 2136
2136 1354 2105
1354 2105 2136
2550 96 2949
2949 96 2550
96 2550 2949
2054 2243 2299
2299 2054 2243
2243 2054 2299
2542 1159 2390
2390 1159 2542
1159 2390 2542
1058 118 1351
1351 118 1058
118 1058 1351
2291 426 2120
2120 426 2291
426 2120 2291
1816 620 2697
2697 620 1816
620 1816 2697
1008 1475 2767
2767 1008 1475
1475 1008 2767
2358 1011 1085
1085 1011 2358
1011 1085 2358
1016 396 757
757 396 1016
396 757 1016
1831 393 2627
393 1831 2627
2627 393 1831
1723 2180 2759
2180 1723 2759
2759 1723 2180
2140 845 954
845 954 2140
954 845 2140
380 1799 2783
1799 380 2783
2783 380 1799
2716 1168 2061
1168 2061 2716
2061 1168 2716
2980 123 607
607 123 2980
123 607 2980
1495 623 734
734 623 1495
623 734 1495
1695 708 939
939 708 1695
708 939 1695
2185 238 1272
1272 238 2185
238 1272 2185
2891 1821 2997
2997 1821 2891
1821 2891 2997
483 1043 2048
1043 483 2048
2048 483 1043
1644 1352 2600
2600 1352 1644
1352 1644 2600
1336 1468 1500
1468 1336 1500
1500 1336 1468
2571 1246 1999
1246 1999 2571
1999 1246 2571
806 915 1939
915 806 1939
1939 806 915
1718 550 1533
1533 550 1718
550 1533 1718
208 1539 2289
2289 208 1539
1539 208 2289
2227 1869 2743
1869 2227 2743
2743 1869 2227
1517 2679 2984
2679 1517 2984
2984 1517 2679
624 636 787
636 624 787
787 624 636
2206 1538 2019
2019 1538 2206
1538 2019 2206
2609 565 944
565 944 2609
944 565 2609
311 100 772
772 100 311
100 311 772
1610 420 2917
420 1610 2917
2917 420 1610
1131 1281 1927
1281 1131 1927
1927 1131 1281
2467 753 1852
1852 753 2467
753 1852 2467
1660 1786 2619
2619 1660 1786
1786 1660 2619
1417 2798 2905
2905 1417 2798
2798 1417 2905
2872 441 626
626 441 2872
441 626 2872
1721 285 798
285 798 1721
798 285 1721
932 2346 2503
2503 932 2346
2346 932 2503
606 110 310
110 310 606
310 110 606
2781 361 2233
361 2233 2781
2233 361 2781
1469 517 1914
517 1469 1914
1914 517 1469
1835 1465 2660
1465 1835 2660
2660 1465 1835
1741 721 2936
2936 721 1741
721 1741 2936
2066 134 236
134 236 2066
236 134 2066
2955 563 2623
2623 563 2955
563 2623 2955
1696 195 206
195 206 1696
206 195 1696
2956 1035 2895
1035 2895 2956
2895 1035 2956
1744 267 1114
1114 267 1744
267 1114 1744
656 65 2521
65 656 2521
2521 65 656
2700 424 1413
424 1413 2700
1413 424 2700
2596 514 2605
514 2596 2605
2605 514 2596
332 1670 2883
1670 332 2883
2883 332 1670
2315 2027 2348
2348 2027 2315
2027 2315 2348
1275 1322 1534
1534 1275 1322
1322 1275 1534
2614 1763 2864
1763 2614 2864
2864 1763 2614
1392 387 1514
1514 387 1392
387 1392 1514
2360 588 1381
588 1381 2360
1381 588 2360
2773 929 2059
929 2059 2773
2059 929 2773
983 733 2340
2340 733 983
733 983 2340
2552 1668 2197
1668 2197 2552
2197 1668 2552
562 70 2928
70 562 2928
2928 70 562
2442 112 1197
112 1197 2442
1197 112 2442
2153 1488 2078
2078 1488 2153
1488 2078 2153
696 1385 2699
1385 696 2699
2699 696 1385
449 1045 1411
1045 449 1411
1411 449 1045
1798 179 2166
2166 179 1798
179 1798 2166
1834 1421 2691
1421 1834 2691
2691 1421 1834
2517 2125 2869
2125 2517 2869
2869 2125 2517
579 1709 1790
1709 579 1790
1790 579 1709
627 172 613
172 613 627
613 172 627
1441 756 2575
756 1441 2575
2575 756 1441
1349 2248 2868
2868 1349 2248
2248 1349 2868
548 573 621
621 548 573
573 548 621
2404 2482 2876
2482 2404 2876
2876 2404 2482
71 1883 2579
2579 71 1883
1883 71 2579
2074 50 2336
2336 50 2074
50 2074 2336
852 79 260
260 79 852
79 260 852
2217 213 2622
213 2217 2622
2622 213 2217
336 1143 1987
1987 336 1143
1143 336 1987
2023 335 372
372 335 2023
335 372 2023
916 340 2923
340 916 2923
2923 340 916
2079 1346 1769
1769 1346 2079
1346 1769 2079
1524 1184 2557
2557 1184 1524
1184 1524 2557
589 859 873
873 589 859
859 589 873
2930 559 1901
1901 559 2930
559 1901 2930
710 887 2145
887 710 2145
2145 710 887
802 978 1276
978 802 1276
1276 802 978
1245 1703 2805
1703 1245 2805
2805 1245 1703
1440 484 2477
2477 484 1440
484 1440 2477
122 927 2357
927 122 2357
2357 122 927
309 1162 2075
1162 309 2075
2075 309 1162
2946 119 764
119 764 2946
764 119 2946
843 241 948
241 843 948
948 241 843
451 47 438
438 47 451
47 438 451
783 523 1335
523 783 1335
1335 523 783
2543 2587 2676
2676 2543 2587
2587 2543 2676
595 1860 2863
2863 595 1860
1860 595 2863
2900 2274 2631
2274 2631 2900
2631 2274 2900
1449 108 2107
108 1449 2107
2107 108 1449
2813 1356 1544
1544 1356 2813
1356 1544 2813
1558 439 2761
439 1558 2761
2761 439 1558
2527 1722 2246
1722 2246 2527
2246 1722 2527
272 713 2983
713 272 2983
2983 272 713
570 850 1252
850 570 1252
1252 570 850
988 875 1462
1462 875 988
875 988 1462
1222 1551 1762
1551 1222 1762
1762 1222 1551
270 2040 2285
2285 270 2040
2040 270 2285
490 976 980
980 490 976
976 490 980
632 1358 1497
1497 632 1358
1358 632 1497
1278 863 1940
1940 863 1278
863 1278 1940
1526 432 1867
432 1526 1867
1867 432 1526
1047 290 2540
290 1047 2540
2540 290 1047
1218 1189 2811
2811 1189 1218
1189 1218 2811
322 2168 2803
2803 322 2168
2168 322 2803
2647 480 782
782 480 2647
480 782 2647
943 1069 2077
1069 943 2077
2077 943 1069
685 672 2637
672 685 2637
2637 672 685
162 113 2804
2804 113 162
113 162 2804
1832 985 2432
985 1832 2432
2432 985 1832
233 383 525
383 233 525
525 233 383
2405 24 2886
24 2405 2886
2886 24 2405
649 2491 2945
2491 649 2945
2945 649 2491
2208 1104 2022
1104 2022 2208
2022 1104 2208
1502 505 2183
2183 505 1502
505 1502 2183
2401 87 992
87 992 2401
992 87 2401
1121 1001 2251
1001 1121 2251
2251 1001 1121
1754 1313 2935
1313 1754 2935
2935 1313 1754
679 1846 2239
1846 679 2239
2239 679 1846
125 1082 2902
2902 125 1082
1082 125 2902
312 1314 2399
1314 312 2399
2399 312 1314
700 183 1464
183 700 1464
1464 183 700
177 922 2130
2130 177 922
922 177 2130
743 1225 2036
2036 743 1225
1225 743 2036
1809 160 1156
160 1156 1809
1156 160 1809
2260 886 2267
2267 886 2260
886 2260 2267
876 316 1888
316 876 1888
1888 316 876
2 1236 1616
1616 2 1236
1236 2 1616
2787 1255 2901
2901 1255 2787
1255 2787 2901
2413 454 2576
2576 454 2413
454 2413 2576
204 143 2814
143 204 2814
2814 143 204
2695 959 2223
959 2223 2695
2223 959 2695
375 817 2463
817 375 2463
2463 375 817
2740 1125 2271
2271 1125 2740
1125 2271 2740
581 1564 2474
1564 581 2474
2474 581 1564
2305 99 2555
99 2305 2555
2555 99 2305
1767 458 2881
2881 458 1767
458 1767 2881
2002 879 1876
879 1876 2002
1876 879 2002
2738 1089 1108
1089 1108 2738
1108 1089 2738
2138 367 2039
367 2039 2138
2039 367 2138
1825 950 1842
950 1825 1842
1842 950 1825
2108 164 1009
164 1009 2108
1009 164 2108
1897 1234 2220
2220 1234 1897
1234 1897 2220
1907 1375 1998
1998 1375 1907
1375 1907 1998
1136 1031 1628
1628 1031 1136
1031 1136 1628
2682 655 1424
1424 655 2682
655 1424 2682
2784 1766 2839
2839 1766 2784
1766 2784 2839
1157 610 1859
1859 610 1157
610 1157 1859
1300 90 889
90 889 1300
889 90 1300
1739 1105 2177
2177 1105 1739
1105 1739 2177
1965 1403 1528
1403 1528 1965
1528 1403 1965
1438 67 785
67 785 1438
785 67 1438
1764 812 2355
2355 812 1764
812 1764 2355
2256 376 2734
376 2256 2734
2734 376 2256
1372 727 1142
1142 727 1372
727 1142 1372
275 2129 2515
2129 275 2515
2515 275 2129
234 1531 2882
1531 234 2882
2882 234 1531
1048 344 1183
1183 344 1048
344 1048 1183
1109 80 647
80 647 1109
647 80 1109
2572 1906 2939
2939 1906 2572
1906 2572 2939
1712 650 2856
650 1712 2856
2856 650 1712
2297 2425 2957
2957 2297 2425
2425 2297 2957
590 1299 2379
1299 590 2379
2379 590 1299
2794 878 1090
878 1090 2794
1090 878 2794
1177 1261 2118
2118 1177 1261
1261 1177 2118
2212 1393 1640
1393 1640 2212
1640 1393 2212
945 476 2996
2996 476 945
476 945 2996
342 2429 2990
2429 342 2990
2990 342 2429
1625 770 1477
1477 770 1625
770 1477 1625
2599 29 1050
1050 29 2599
29 1050 2599
663 1944 2755
1944 663 2755
2755 663 1944
2890 745 1635
745 1635 2890
1635 745 2890
2476 823 1878
823 1878 2476
1878 823 2476
265 201 1737
201 265 1737
1737 201 265
2033 630 1046
1046 630 2033
630 1046 2033
2534 1697 2446
2446 1697 2534
1697 2446 2534
2570 560 777
777 560 2570
560 777 2570
955 839 2030
2030 839 955
839 955 2030
2589 117 2823
2823 117 2589
117 2589 2823
1200 1506 2909
1506 1200 2909
2909 1200 1506
999 448 715
715 448 999
448 715 999
761 261 2786
2786 261 761
261 761 2786
2918 691 2938
691 2918 2938
2938 691 2918
2548 580 2012
2012 580 2548
580 2012 2548
1044 957 2065
2065 957 1044
957 1044 2065
167 1622 2034
1622 167 2034
2034 167 1622
592 114 1547
1547 114 592
114 592 1547
2825 374 2922
374 2825 2922
2922 374 2825
1150 1525 2240
2240 1150 1525
1525 1150 2240
1732 2317 2412
2412 1732 2317
2317 1732 2412
796 225 2081
2081 225 796
225 796 2081
687 1460 1923
1923 687 1460
1460 687 1923
1170 2280 2859
2859 1170 2280
2280 1170 2859
2837 2452 2838
2452 2837 2838
2838 2452 2837
551 1019 1155
1019 551 1155
1155 551 1019
103 1595 2610
1595 103 2610
2610 103 1595
973 1926 2981
2981 973 1926
1926 973 2981
2820 1862 2143
1862 2143 2820
2143 1862 2820
481 22 2396
22 481 2396
2396 22 481
2163 666 2672
666 2163 2672
2672 666 2163
659 2408 2747
2408 659 2747
2747 659 2408
1663 2528 2965
2528 1663 2965
2965 1663 2528
94 220 1584
1584 94 220
220 94 1584
2330 193 269
193 269 2330
269 193 2330
808 2225 2567
2225 808 2567
2567 808 2225
987 2826 2860
2860 987 2826
2826 987 2860
2907 2073 2822
2822 2073 2907
2073 2822 2907
1410 55 2547
55 1410 2547
2547 55 1410
2283 586 1416
586 1416 2283
1416 586 2283
2753 867 1665
1665 867 2753
867 1665 2753
2709 305 1797
305 1797 2709
1797 305 2709
2833 2266 2366
2366 2266 2833
2266 2366 2833
2258 2095 2359
2359 2095 2258
2095 2258 2359
1256 92 1025
1025 92 1256
92 1025 1256
667 566 1447
1447 566 667
566 667 1447
1892 469 2148
2148 469 1892
469 1892 2148
1075 2585 2677
2585 1075 2677
2677 1075 2585
1597 382 1682
382 1597 1682
1682 382 1597
1811 1390 2435
2435 1390 1811
1390 1811 2435
2451 1153 1863
1153 1863 2451
1863 1153 2451
789 1097 1996
1097 789 1996
1996 789 1097
2067 1751 2524
1751 2067 2524
2524 1751 2067
299 555 2167
2167 299 555
555 299 2167
82 247 2302
2302 82 247
247 82 2302
2658 407 2943
407 2658 2943
2943 407 2658
2744 300 1941
300 1941 2744
1941 300 2744
1822 464 1535
1535 464 1822
464 1535 1822
1652 353 2278
2278 353 1652
353 1652 2278
558 389 1690
1690 389 558
389 558 1690
2751 1916 1956
1916 1956 2751
1956 1916 2751
1331 1319 2017
2017 1319 1331
1319 1331 2017
409 825 1875
825 409 1875
1875 409 825
1312 962 2290
2290 962 1312
962 1312 2290
1113 1270 1394
1270 1113 1394
1394 1113 1270
239 631 728
631 239 728
728 239 631
1086 1206 1569
1569 1086 1206
1206 1086 1569
45 616 942
942 45 616
616 45 942
1111 17 1207
1207 17 1111
17 1111 1207
1240 1543 1555
1543 1240 1555
1555 1240 1543
1857 1598 2306
1598 1857 2306
2306 1598 1857
178 1283 1745
1283 178 1745
1745 178 1283
2835 257 2735
257 2735 2835
2735 257 2835
883 816 1574
1574 816 883
816 883 1574
2133 1195 1873
1873 1195 2133
1195 1873 2133
2434 1735 3000
3000 1735 2434
1735 2434 3000
1325 897 2968
897 1325 2968
2968 897 1325
2347 1452 2634
1452 2347 2634
2634 1452 2347
2680 530 2582
530 2582 2680
2582 530 2680
184 1527 2756
1527 184 2756
2756 184 1527
2937 1549 1587
1549 1587 2937
1587 1549 2937
1942 421 1620
1620 421 1942
421 1620 1942
535 144 2292
144 535 2292
2292 144 535
2042 60 326
60 326 2042
326 60 2042
1925 1251 2471
2471 1251 1925
1251 1925 2471
444 1055 1094
1094 444 1055
1055 444 1094
2213 634 2188
2188 634 2213
634 2188 2213
2219 1282 2367
2367 1282 2219
1282 2219 2367
1357 158 2003
2003 158 1357
158 1357 2003
1077 152 1808
1808 152 1077
152 1077 1808
1868 254 2247
2247 254 1868
254 1868 2247
1856 1095 1563
1563 1095 1856
1095 1563 1856
191 760 834
834 191 760
760 191 834
166 2057 2899
2057 166 2899
2899 166 2057
2564 120 359
120 359 2564
359 120 2564
2704 2090 2854
2854 2090 2704
2090 2704 2854
1993 202 1099
1099 202 1993
202 1099 1993
2819 2018 2611
2018 2611 2819
2611 2018 2819
893 702 2577
702 893 2577
2577 702 893
2889 142 2263
2263 142 2889
142 2263 2889
2436 1768 2286
2286 1768 2436
1768 2286 2436
1946 1498 1750
1498 1750 1946
1750 1498 1946
146 2032 2465
2032 146 2465
2465 146 2032
917 1971 2398
2398 917 1971
1971 917 2398
2729 91 2464
91 2464 2729
2464 91 2729
1088 417 2343
417 1088 2343
2343 417 1088
1360 1274 2193
1274 1360 2193
2193 1274 1360
1054 529 2402
529 1054 2402
2402 529 1054
2481 1669 2507
1669 2481 2507
2507 1669 2481
111 406 1368
406 111 1368
1368 111 406
577 1634 2174
2174 577 1634
1634 577 2174
343 1792 2707
2707 343 1792
1792 343 2707
826 704 2684
704 826 2684
2684 704 826
1812 1953 2173
1953 1812 2173
2173 1812 1953
2953 1265 2060
1265 2060 2953
2060 1265 2953
2114 1432 1552
1432 1552 2114
1552 1432 2114
1476 695 1474
1474 695 1476
695 1474 1476
763 688 2519
688 763 2519
2519 688 763
675 256 2149
2149 256 675
256 675 2149
2642 518 1749
518 1749 2642
1749 518 2642
818 2231 2827
2827 818 2231
2231 818 2827
1566 674 2455
674 1566 2455
2455 674 1566
243 1133 2748
1133 243 2748
2748 243 1133
2235 498 1457
1457 498 2235
498 1457 2235
1396 534 2877
534 1396 2877
2877 534 1396
622 638 1603
638 622 1603
1603 622 638
1515 107 1226
1226 107 1515
107 1226 1515
2865 56 1633
1633 56 2865
56 1633 2865
2771 1710 2123
1710 2123 2771
2123 1710 2771
1310 2795 2888
2795 1310 2888
2888 1310 2795
912 443 2885
2885 443 912
443 912 2885
926 2655 2810
2810 926 2655
2655 926 2810
461 2041 2254
2041 461 2254
2254 461 2041
175 995 1305
995 175 1305
1305 175 995
1997 1579 1830
1830 1579 1997
1579 1830 1997
1573 996 2646
996 1573 2646
2646 996 1573
1701 308 1311
1311 308 1701
308 1311 1701
85 925 1215
925 85 1215
1215 85 925
1087 1490 2406
2406 1087 1490
1490 1087 2406
2069 192 765
765 192 2069
192 765 2069
2782 1194 1350
1350 1194 2782
1194 1350 2782
900 1699 2094
1699 900 2094
2094 900 1699
348 854 1540
1540 348 854
854 348 1540
2126 2556 2760
2556 2126 2760
2760 2126 2556
2165 39 2621
39 2165 2621
2621 39 2165
1884 13 1621
13 1621 1884
1621 13 1884
2828 413 1051
413 1051 2828
1051 413 2828
804 1770 2191
2191 804 1770
1770 804 2191
2198 1191 2320
2320 1191 2198
1191 2198 2320
991 1254 2546
1254 991 2546
2546 991 1254
271 1889 2420
1889 271 2420
2420 271 1889
2931 1508 2893
1508 2893 2931
2893 1508 2931
1287 2093 2593
2093 1287 2593
2593 1287 2093
2335 390 938
938 390 2335
390 938 2335
2758 905 1286
905 1286 2758
1286 905 2758
1160 643 2498
2498 643 1160
643 1160 2498
1849 855 1151
855 1151 1849
1151 855 1849
1262 341 2671
2671 341 1262
341 1262 2671
1686 1271 1317
1271 1317 1686
1317 1271 1686
1724 2440 2545
2440 1724 2545
2545 1724 2440
1614 327 1802
327 1614 1802
1802 327 1614
2710 453 2418
2418 453 2710
453 2418 2710
1536 2028 2400
2028 1536 2400
2400 1536 2028
2914 1922 2226
2226 1922 2914
1922 2226 2914
9 1409 1654
1654 9 1409
1409 9 1654
1887 660 877
660 877 1887
877 660 1887
221 849 2649
2649 221 849
849 221 2649
2558 1250 2971
2971 1250 2558
1250 2558 2971
1796 2384 2554
2384 1796 2554
2554 1796 2384
949 1433 2214
1433 949 2214
2214 949 1433
1436 2134 2448
2448 1436 2134
2134 1436 2448
223 1713 2438
1713 223 2438
2438 223 1713
531 884 2915
2915 531 884
884 531 2915
2096 364 1521
1521 364 2096
364 1521 2096
807 1145 1719
1719 807 1145
1145 807 1719
2469 729 2866
2866 729 2469
729 2469 2866
2685 779 2963
2963 779 2685
779 2685 2963
1196 2194 2959
2194 1196 2959
2959 1196 2194
1042 637 1091
637 1042 1091
1091 637 1042
561 352 2490
352 561 2490
2490 352 561
2669 790 1771
790 1771 2669
1771 790 2669
2713 188 1057
1057 188 2713
188 1057 2713
2502 801 2681
801 2502 2681
2681 801 2502
422 294 2831
294 422 2831
2831 294 422
741 455 1269
1269 455 741
455 741 1269
121 141 1473
141 121 1473
1473 121 141
1847 583 1373
1373 583 1847
583 1373 1847
2091 2279 2972
2972 2091 2279
2279 2091 2972
1578 150 2178
150 1578 2178
2178 150 1578
793 1507 2703
1507 793 2703
2703 793 1507
2586 303 2591
2591 303 2586
303 2586 2591
2768 259 1002
1002 259 2768
259 1002 2768
129 1263 1330
1263 129 1330
1330 129 1263
2245 1593 1700
1593 1700 2245
1700 1593 2245
140 1405 2722
2722 140 1405
1405 140 2722
1615 1936 2824
1936 1615 2824
2824 1615 1936
909 237 1720
237 909 1720
1720 237 909
1243 23 2000
23 1243 2000
2000 23 1243
575 74 2164
74 575 2164
2164 74 575
2683 12 75
75 12 2683
12 75 2683
403 262 1982
1982 262 403
262 403 1982
981 392 2016
392 981 2016
2016 392 981
2633 557 2097
2097 557 2633
557 2097 2633
902 1049 2750
1049 902 2750
2750 902 1049
2510 1453 2155
2155 1453 2510
1453 2155 2510
1060 479 2158
2158 479 1060
479 1060 2158
1486 194 2821
194 1486 2821
2821 194 1486
289 1975 2800
2800 289 1975
1975 289 2800
180 473 598
473 180 598
598 180 473
1224 549 1064
549 1064 1224
1064 549 1224
1541 106 1059
106 1059 1541
1059 106 1541
3 1774 2001
2001 3 1774
1774 3 2001
2363 1149 2843
1149 2363 2843
2843 1149 2363
2172 1370 1542
1370 1542 2172
1542 1370 2172
1715 719 969
719 969 1715
969 719 1715
628 1061 2229
2229 628 1061
1061 628 2229
1098 358 2844
2844 358 1098
358 1098 2844
8 2156 2689
2689 8 2156
2156 8 2689
51 934 1499
934 51 1499
1499 51 934
282 552 1704
1704 282 552
552 282 1704
709 1415 2380
1415 709 2380
2380 709 1415
2304 431 2301
2301 431 2304
431 2301 2304
1412 1785 1838
1838 1412 1785
1785 1412 1838
1324 5 1419
1419 5 1324
5 1324 1419
459 2024 2351
2024 459 2351
2351 459 2024
1879 795 2518
2518 795 1879
795 1879 2518
2201 171 345
171 345 2201
345 171 2201
1328 62 1491
62 1328 1491
1491 62 1328
1957 488 1290
1290 488 1957
488 1290 1957
1893 781 1529
781 1529 1893
1529 781 1893
381 698 2196
2196 381 698
698 381 2196
720 347 820
820 347 720
347 720 820
1911 1454 2295
2295 1454 1911
1454 1911 2295
2456 228 487
228 487 2456
487 228 2456
982 869 2855
2855 869 982
869 982 2855
2086 2313 2327
2313 2086 2327
2327 2086 2313
418 1326 2099
2099 418 1326
1326 418 2099
964 36 1630
36 964 1630
1630 36 964
1334 746 1062
746 1062 1334
1062 746 1334
553 478 2350
478 553 2350
2350 478 553
116 1389 1752
1389 116 1752
1752 116 1389
599 2272 2870
2870 599 2272
2272 599 2870
2459 578 1327
578 1327 2459
1327 578 2459
1516 447 990
447 990 1516
990 447 1516
2692 2106 2924
2106 2692 2924
2924 2106 2692
1202 1607 1899
1899 1202 1607
1607 1202 1899
2994 846 1172
1172 846 2994
846 1172 2994
2788 264 515
515 264 2788
264 515 2788
248 32 1363
1363 32 248
32 248 1363
2117 1609 1872
1872 1609 2117
1609 1872 2117
1969 830 1773
830 1773 1969
1773 830 1969
319 717 2312
2312 319 717
717 319 2312
1146 924 2026
924 1146 2026
2026 924 1146
2383 528 635
635 528 2383
528 635 2383
2218 89 1588
89 1588 2218
1588 89 2218
2323 173 1397
1397 173 2323
173 1397 2323
2995 935 1489
935 1489 2995
1489 935 2995
401 848 1435
848 401 1435
1435 401 848
2224 165 1203
165 1203 2224
1203 165 2224
1426 678 2112
2112 678 1426
678 1426 2112
2998 1223 1683
1683 1223 2998
1223 1683 2998
1681 1986 2851
2851 1681 1986
1986 1681 2851
2842 821 1126
821 1126 2842
1126 821 2842
2310 159 1371
1371 159 2310
159 1371 2310
1267 133 2493
133 1267 2493
2493 133 1267
1795 1205 1427
1205 1427 1795
1427 1205 1795
965 1065 2514
2514 965 1065
1065 965 2514
2014 1789 2324
1789 2014 2324
2324 1789 2014
828 1970 2952
1970 828 2952
2952 828 1970
2667 1456 2628
2628 1456 2667
1456 2628 2667
683 617 2730
2730 617 683
617 683 2730
1266 1932 2594
2594 1266 1932
1932 1266 2594
724 1950 2483
1950 724 2483
2483 724 1950
1667 402 1018
402 1018 1667
1018 402 1667
1733 1612 2486
1612 1733 2486
2486 1612 1733
1689 1072 2523
1072 1689 2523
2523 1072 1689
2382 2147 2222
2222 2147 2382
2147 2222 2382
2954 1132 1399
1399 1132 2954
1132 1399 2954
1239 941 2389
2389 941 1239
941 1239 2389
2887 1129 2137
1129 2137 2887
2137 1129 2887
1093 754 937
937 754 1093
754 937 1093
547 11 64
64 11 547
11 64 547
569 543 1777
543 569 1777
1777 543 569
2769 1874 1891
1891 1874 2769
1874 1891 2769
1905 908 1227
908 1227 1905
1227 908 1905
1383 295 1148
1148 295 1383
295 1148 1383
40 2052 2941
2052 40 2941
2941 40 2052
485 705 1192
705 485 1192
1192 485 705
604 224 1127
1127 224 604
224 604 1127
321 465 605
465 321 605
605 321 465
338 1216 1605
1605 338 1216
1216 338 1605
69 429 1646
429 69 1646
1646 69 429
540 2169 2277
2277 540 2169
2169 540 2277
2261 2087 2913
2913 2087 2261
2087 2261 2913
2874 572 2777
2777 572 2874
572 2777 2874
1298 2666 2988
2666 1298 2988
2988 1298 2666
281 124 210
124 210 281
210 124 281
2696 1144 1983
1144 1983 2696
1983 1144 2696
2873 1249 2538
1249 2538 2873
2538 1249 2873
1279 86 2530
2530 86 1279
86 1279 2530
1885 511 1178
511 1178 1885
1178 511 1885
493 127 137
137 127 493
127 137 493
791 452 644
452 644 791
644 452 791
769 1688 2423
1688 769 2423
2423 769 1688
30 646 1355
1355 30 646
646 30 1355
1903 1294 2025
2025 1294 1903
1294 1903 2025
1626 1134 2072
2072 1134 1626
1134 1626 2072
384 1880 2801
1880 384 2801
2801 384 1880
2298 742 947
742 947 2298
947 742 2298
412 2192 2450
2450 412 2192
2192 412 2450
278 1186 1492
1492 278 1186
1186 278 1492
350 936 2284
936 350 2284
2284 350 936
57 1586 2754
1586 57 2754
2754 57 1586
2652 1307 2739
2739 1307 2652
1307 2652 2739
2563 317 1801
1801 317 2563
317 1801 2563
1755 1027 1074
1074 1027 1755
1027 1074 1755
2926 501 838
838 501 2926
501 838 2926
1204 1445 2921
2921 1204 1445
1445 1204 2921
2973 1898 2645
2645 1898 2973
1898 2645 2973
1657 1924 2618
1924 1657 2618
2618 1657 1924
1833 1010 2329
2329 1010 1833
1010 1833 2329
187 1954 2624
1954 187 2624
2624 187 1954
1902 2234 2537
2234 1902 2537
2537 1902 2234
27 521 2861
2861 27 521
521 27 2861
2411 31 1166
31 1166 2411
1166 31 2411
1459 1705 2031
2031 1459 1705
1705 1459 2031
661 2741 2846
2741 661 2846
2846 661 2741
2209 967 2578
2578 967 2209
967 2209 2578
1619 619 1817
619 1619 1817
1817 619 1619
355 1920 2392
2392 355 1920
1920 355 2392
466 1201 2259
2259 466 1201
1201 466 2259
755 1585 1664
1585 755 1664
1664 755 1585
1217 773 2127
2127 773 1217
773 1217 2127
2862 1056 2742
2742 1056 2862
1056 2742 2862
2688 522 1848
1848 522 2688
522 1848 2688
780 463 1546
463 780 1546
1546 463 780
15 1070 2702
1070 15 2702
2702 15 1070
1213 1120 2875
2875 1120 1213
1120 1213 2875
2144 788 1139
788 1139 2144
1139 788 2144
1828 881 2410
881 1828 2410
2410 881 1828
41 377 2976
377 41 2976
2976 41 377
83 1494 2812
1494 83 2812
2812 83 1494
2378 758 1280
1280 758 2378
758 1280 2378
1756 591 1096
1096 591 1756
591 1096 1756
1636 2670 2858
2858 1636 2670
2670 1636 2858
2985 1581 2598
2598 1581 2985
1581 2598 2985
2829 544 1395
1395 544 2829
544 1395 2829
1124 2581 2802
2581 1124 2802
2802 1124 2581
1661 2151 2391
2391 1661 2151
2151 1661 2391
2349 1728 2766
2766 1728 2349
1728 2349 2766
2321 1103 1850
1103 1850 2321
1850 1103 2321
504 1174 1430
1430 504 1174
1174 504 1430
280 331 2987
331 280 2987
2987 280 331
170 416 1643
416 170 1643
1643 170 416
21 861 1161
1161 21 861
861 21 1161
1973 10 2395
2395 10 1973
10 1973 2395
2927 1128 1259
1259 1128 2927
1128 1259 2927
993 185 2497
2497 185 993
185 993 2497
1952 1675 1780
1780 1675 1952
1675 1780 1952
2203 219 1078
1078 219 2203
219 1078 2203
136 1238 2853
1238 136 2853
2853 136 1238
1067 2150 2303
2150 1067 2303
2303 1067 2150
997 651 1870
1870 651 997
651 997 1870
1671 2606 2718
2606 1671 2718
2718 1671 2606
827 870 2639
870 827 2639
2639 827 870
1014 546 1729
546 1014 1729
1729 546 1014
2724 1289 1760
1289 1760 2724
1760 1289 2724
2595 182 1080
182 1080 2595
1080 182 2595
1990 1022 1758
1022 1758 1990
1758 1022 1990
1487 198 1302
198 1302 1487
1302 198 1487
2841 629 1141
629 1141 2841
1141 629 2841
287 2414 2458
2414 287 2458
2458 287 2414
1632 914 2080
914 1632 2080
2080 914 1632
1800 567 692
692 567 1800
567 692 1800
2910 231 251
251 231 2910
231 251 2910
255 25 2711
25 255 2711
2711 25 255
1034 1404 1451
1451 1034 1404
1404 1034 1451
2341 1115 2867
2867 1115 2341
1115 2341 2867
910 2199 2281
2281 910 2199
2199 910 2281
814 1471 2275
1471 814 2275
2275 814 1471
1968 1118 2215
1118 1968 2215
2215 1118 1968
1332 52 2047
2047 52 1332
52 1332 2047
2906 797 2333
797 2333 2906
2333 797 2906
2273 1478 2960
1478 2273 2960
2960 1478 2273
739 888 2098
2098 739 888
888 739 2098
2013 751 1505
751 1505 2013
1505 751 2013
477 1384 2179
2179 477 1384
1384 477 2179
653 699 2644
2644 653 699
699 653 2644
249 894 1556
1556 249 894
894 249 1556
1320 851 970
851 970 1320
970 851 1320
837 668 2282
2282 668 837
668 837 2282
2663 1557 1877
1877 1557 2663
1557 1877 2663
1038 1711 2460
1711 1038 2460
2460 1038 1711
385 690 1747
1747 385 690
690 385 1747
318 1576 2288
1576 318 2288
2288 318 1576
2064 2608 2731
2608 2064 2731
2731 2064 2608
2626 776 2668
776 2626 2668
2668 776 2626
882 712 1511
1511 712 882
712 882 1511
681 1509 1736
1736 681 1509
1509 681 1736
2250 1337 2532
1337 2250 2532
2532 1337 2250
1974 1962 1964
1964 1962 1974
1962 1964 1974
189 19 2008
19 189 2008
2008 19 189
603 1988 2919
1988 603 2919
2919 603 1988
1647 1613 2255
1613 1647 2255
2255 1613 1647
2964 726 1135
1135 726 2964
726 1135 2964
805 411 2727
411 805 2727
2727 411 805
253 2636 2920
2636 253 2920
2920 253 2636
740 126 1662
1662 126 740
126 740 1662
1976 1776 2999
1776 1976 2999
2999 1776 1976
2009 323 533
323 533 2009
533 323 2009
1680 2043 2836
2043 1680 2836
2836 1680 2043
2139 1338 2447
2447 1338 2139
1338 2139 2447
1580 2472 2966
2966 1580 2472
2472 1580 2966
1185 1568 1977
1568 1185 1977
1977 1185 1568
853 245 1229
1229 245 853
245 853 1229
1921 391 2531
391 1921 2531
2531 391 1921
1422 457 2325
457 1422 2325
2325 457 1422
2068 1961 2257
1961 2068 2257
2257 1961 2068
1076 615 1180
1180 615 1076
615 1076 1180
371 1493 1707
1493 371 1707
1707 371 1493
1716 1481 1645
1645 1481 1716
1481 1645 1716
1119 654 972
972 654 1119
654 972 1119
2058 1631 1992
1631 1992 2058
1992 1631 2058
2473 497 748
497 748 2473
748 497 2473
794 975 1617
975 794 1617
1617 794 975
174 1611 2714
2714 174 1611
1611 174 2714
2475 1439 2746
2746 1439 2475
1439 2475 2746
2007 2053 2816
2053 2007 2816
2816 2007 2053
686 868 1340
868 686 1340
1340 686 868
2580 232 2674
232 2580 2674
2674 232 2580
718 154 337
154 337 718
337 154 718
333 921 1210
921 333 1210
1210 333 921
197 397 841
397 197 841
841 197 397
1805 874 2625
874 1805 2625
2625 874 1805
1734 831 1343
1343 831 1734
831 1343 1734
2102 2021 2635
2021 2102 2635
2635 2021 2102
1937 1017 2765
2765 1017 1937
1017 1937 2765
2176 139 911
139 911 2176
911 139 2176
258 102 1296
102 258 1296
1296 102 258
1641 1757 1775
1775 1641 1757
1757 1641 1775
2912 582 1485
1485 582 2912
582 1485 2912
1909 956 1401
956 1401 1909
1401 956 1909
1677 862 913
913 862 1677
862 913 1677
1084 652 2319
2319 652 1084
652 1084 2319
1837 4 1347
4 1347 1837
1347 4 1837
1512 1650 2015
2015 1512 1650
1650 1512 2015
1220 2484 2834
2834 1220 2484
2484 1220 2834
510 68 612
612 68 510
68 510 612
1984 750 1738
750 1738 1984
1738 750 1984
670 313 1341
313 670 1341
1341 313 670
2675 1387 2974
2974 1387 2675
1387 2675 2974
2977 363 574
363 574 2977
574 363 2977
639 2495 2762
2495 639 2762
2762 639 2495
1827 1472 2241
2241 1472 1827
1472 1827 2241
502 931 2331
2331 502 931
931 502 2331
1003 2403 2916
2916 1003 2403
2403 1003 2916
1658 1100 2509
2509 1100 1658
1100 1658 2509
2612 482 1900
1900 482 2612
482 1900 2612
1684 266 2338
266 1684 2338
2338 266 1684
2989 1836 2508
2508 1836 2989
1836 2508 2989
1164 1315 2190
1315 1164 2190
2190 1164 1315
1158 2673 2717
2673 1158 2717
2717 1158 2673
430 1052 2109
1052 430 2109
2109 430 1052
2038 2228 2894
2228 2038 2894
2894 2038 2228
1530 508 2135
508 1530 2135
2135 508 1530
2601 1101 1504
1101 1504 2601
1504 1101 2601
1839 222 1651
1651 222 1839
222 1651 1839
2387 930 1092
930 1092 2387
1092 930 2387
2720 1820 2085
1820 2085 2720
2085 1820 2720
33 1523 1606
1523 33 1606
1606 33 1523
1545 1562 1966
1562 1545 1966
1966 1545 1562
1928 84 1235
84 1235 1928
1235 84 1928
1285 516 1214
1214 516 1285
516 1214 1285
1958 786 1242
786 1242 1958
1242 786 1958
1783 288 2445
2445 288 1783
288 1783 2445
2706 205 1123
205 1123 2706
1123 205 2706
277 1036 1980
1980 277 1036
1036 277 1980
1179 919 2342
2342 919 1179
919 1179 2342
576 2011 2620
2620 576 2011
2011 576 2620
2439 506 2961
506 2439 2961
2961 506 2439
2664 677 2584
677 2584 2664
2584 677 2664
1434 971 1819
1819 971 1434
971 1434 1819
1672 405 2121
405 1672 2121
2121 405 1672
2752 1841 2175
2175 1841 2752
1841 2175 2752
227 898 1714
1714 227 898
898 227 1714
907 1041 2525
2525 907 1041
1041 907 2525
2588 1947 2630
2630 1947 2588
1947 2588 2630
1323 2045 2592
2592 1323 2045
2045 1323 2592
95 135 1068
135 95 1068
1068 95 135
1295 2501 2694
2694 1295 2501
2501 1295 2694
1367 240 768
768 240 1367
240 768 1367
974 829 1649
1649 829 974
829 974 1649
1746 1306 1985
1985 1306 1746
1306 1746 1985
2100 450 2089
450 2089 2100
2089 450 2100
2353 2084 2712
2712 2084 2353
2084 2353 2712
1844 872 2485
2485 872 1844
872 1844 2485
2904 276 664
276 664 2904
664 276 2904
1550 1522 1948
1522 1550 1948
1948 1522 1550
1537 2070 2249
2070 1537 2249
2249 1537 2070
1583 181 1510
181 1510 1583
1510 181 1583
215 662 2607
662 215 2607
2607 215 662
658 1470 1761
1761 658 1470
1470 658 1761
611 1388 2344
1388 611 2344
2344 611 1388
2159 778 986
986 778 2159
778 986 2159
1378 1781 2487
1781 1378 2487
2487 1378 1781
585 93 314
93 314 585
314 93 585
901 594 665
665 594 901
594 665 901
1 792 1428
792 1 1428
1428 1 792
2104 1772 2733
1772 2104 2733
2733 1772 2104
2422 1333 2237
1333 2237 2422
2237 1333 2422
207 2124 2568
2568 207 2124
2124 207 2568
2332 20 2377
20 2332 2377
2377 20 2332
1624 953 2690
2690 953 1624
953 1624 2690
736 963 1553
963 736 1553
1553 736 963
2062 701 2308
2308 701 2062
701 2062 2308
2991 984 2541
2541 984 2991
984 2541 2991
977 42 2708
2708 42 977
42 977 2708
1864 2615 2969
2615 1864 2969
2969 1864 2615
293 2232 2832
2232 293 2832
2832 293 2232
1840 2055 2161
2055 1840 2161
2161 1840 2055
860 1648 1725
1648 860 1725
1725 860 1648
1740 73 1237
73 1237 1740
1237 73 1740
2654 48 1727
1727 48 2654
48 1727 2654
2006 445 1247
1247 445 2006
445 1247 2006
1444 2533 2749
2749 1444 2533
2533 1444 2749
524 1865 2160
2160 524 1865
1865 524 2160
2566 1175 2386
2386 1175 2566
1175 2386 2566
1446 1890 2849
2849 1446 1890
1890 1446 2849
1198 339 1676
339 1198 1676
1676 339 1198
2128 131 832
832 131 2128
131 832 2128
2470 1484 2466
1484 2466 2470
2466 1484 2470
1604 1418 2944
2944 1418 1604
1418 1604 2944
1344 1659 2665
2665 1344 1659
1659 1344 2665
811 168 1292
168 811 1292
1292 168 811
2268 410 509
410 509 2268
509 410 2268
2265 1154 1813
1813 1154 2265
1154 1813 2265
2993 833 1594
1594 833 2993
833 1594 2993
618 1596 1979
1979 618 1596
1596 618 1979
2553 369 1765
369 1765 2553
1765 369 2553
1694 66 537
537 66 1694
66 537 1694
1591 2088 2932
2088 1591 2932
2932 1591 2088
500 1013 2520
1013 500 2520
2520 500 1013
2157 2426 2648
2648 2157 2426
2426 2157 2648
2063 865 1138
1138 865 2063
865 1138 2063
749 496 2650
496 749 2650
2650 496 749
885 115 2535
115 885 2535
2535 115 885
1005 1803 2372
2372 1005 1803
1803 1005 2372
2270 1033 1284
1284 1033 2270
1033 1284 2270
386 895 2453
895 386 2453
2453 386 895
2230 1896 2478
1896 2230 2478
2478 1896 2230
1904 1513 1917
1513 1904 1917
1917 1513 1904
302 1248 2597
1248 302 2597
2597 302 1248
2409 291 1359
1359 291 2409
291 1359 2409
951 351 2897
2897 351 951
351 951 2897
1600 1814 2181
2181 1600 1814
1814 1600 2181
76 928 2850
2850 76 928
928 76 2850
2010 38 918
918 38 2010
38 918 2010
306 442 1130
442 306 1130
1130 306 442
1693 2186 2560
2186 1693 2560
2560 1693 2186
584 2076 2705
2705 584 2076
2076 584 2705
2276 857 2659
857 2276 2659
2659 857 2276
1232 1570 2656
1570 1232 2656
2656 1232 1570
676 1458 2797
2797 676 1458
1458 676 2797
2371 378 2561
378 2371 2561
2561 378 2371
2293 858 1978
858 1978 2293
1978 858 2293
844 596 1369
596 844 1369
1369 596 844
1079 292 1784
292 1079 1784
1784 292 1079
1599 657 1934
1934 657 1599
657 1599 1934
495 1028 1030
1028 495 1030
1030 495 1028
346 532 2083
2083 346 532
532 346 2083
711 682 2253
2253 682 711
682 711 2253
156 373 2504
373 156 2504
2504 156 373
163 467 1678
1678 163 467
467 163 1678
252 556 2152
556 252 2152
2152 252 556
593 1794 1972
1972 593 1794
1794 593 1972
730 1955 1995
1995 730 1955
1955 730 1995
1431 1479 2415
1479 1431 2415
2415 1431 1479
2898 1871 2244
1871 2244 2898
2244 1871 2898
602 706 2326
706 602 2326
2326 602 706
836 433 554
433 554 836
554 433 836
1107 671 1929
671 1107 1929
1929 671 1107
813 1853 2763
2763 813 1853
1853 813 2763
503 2020 2879
2020 503 2879
2879 503 2020
1442 539 2970
539 1442 2970
2970 539 1442
1623 2892 2940
2892 1623 2940
2940 1623 2892
2818 871 1708
871 1708 2818
1708 871 2818
1731 423 1919
423 1731 1919
1919 423 1731
1548 157 2207
157 1548 2207
2207 157 1548
1895 14 2958
2958 14 1895
14 1895 2958
1467 1945 2617
1945 1467 2617
2617 1467 1945
2962 427 641
427 641 2962
641 427 2962
1233 1364 2433
1364 1233 2433
2433 1233 1364
315 866 896
896 315 866
866 315 896
475 2643 2715
2715 475 2643
2643 475 2715
1187 1443 2536
2536 1187 1443
1443 1187 2536
200 462 1437
462 200 1437
1437 200 462
1608 1173 1503
1173 1503 1608
1503 1173 1608
2616 933 2318
933 2318 2616
2318 933 2616
283 1361 2300
1361 283 2300
2300 283 1361
1618 196 2551
196 1618 2551
2551 196 1618
2500 538 2678
538 2500 2678
2678 538 2500
1147 1779 2005
2005 1147 1779
1779 1147 2005
26 1866 2131
1866 26 2131
2131 26 1866
2494 1053 1589
1053 1589 2494
1589 1053 2494
2847 471 1112
471 1112 2847
1112 471 2847
460 527 1933
1933 460 527
527 460 1933
2992 625 1301
1301 625 2992
625 1301 2992
77 2374 2638
2638 77 2374
2374 77 2638
425 388 399
399 388 425
388 399 425
153 542 2604
542 153 2604
2604 153 542
209 226 2397
2397 209 226
226 209 2397
1345 2454 2693
2454 1345 2693
2693 1345 2454
2911 2431 2775
2775 2431 2911
2431 2775 2911
2726 923 2698
2698 923 2726
923 2698 2726
2184 520 2723
520 2184 2723
2723 520 2184
1854 952 2791
952 1854 2791
2791 952 1854
1730 737 946
946 737 1730
737 946 1730
2522 1642 1858
1642 1858 2522
1858 1642 2522
1759 1400 1532
1532 1400 1759
1400 1532 1759
1742 1687 2238
2238 1687 1742
1687 1742 2238
1915 1316 1706
1316 1706 1915
1706 1316 1915
2364 2236 2978
2236 2364 2978
2978 2236 2364
2287 279 1463
279 1463 2287
1463 279 2287
1565 784 1260
1260 784 1565
784 1260 1565
1518 1455 2830
1455 1518 2830
2830 1455 1518
1702 1122 2583
2583 1122 1702
1122 1702 2583
1994 1407 1782
1407 1782 1994
1782 1407 1994
2947 415 609
609 415 2947
415 609 2947
1182 437 2205
2205 437 1182
437 1182 2205
2817 1391 2443
1391 2443 2817
2443 1391 2817
44 714 2480
2480 44 714
714 44 2480
507 435 2770
2770 435 507
435 507 2770
1163 284 2687
284 1163 2687
2687 284 1163
2719 966 1791
1791 966 2719
966 1791 2719
2132 320 2657
320 2132 2657
2657 320 2132
470 842 2328
2328 470 842
842 470 2328
212 1571 2407
1571 212 2407
2407 212 1571
1519 1304 2737
1304 1519 2737
2737 1304 1519
128 1685 2419
1685 128 2419
2419 128 1685
1063 1066 2334
1066 1063 2334
2334 1063 1066
835 1855 2505
1855 835 2505
2505 835 1855
1861 1466 2796
1466 1861 2796
2796 1466 1861
190 645 2385
645 190 2385
2385 190 645
360 2029 2512
2029 360 2512
2512 360 2029
2311 109 2778
2778 109 2311
109 2311 2778
414 105 2101
2101 105 414
105 414 2101
98 1190 1572
1190 98 1572
1572 98 1190
633 2050 2262
2050 633 2262
2262 633 2050
2204 1656 2187
1656 2187 2204
2187 1656 2204
7 419 774
774 7 419
419 7 774
1365 803 2499
2499 803 1365
803 1365 2499
1026 1000 2479
1000 1026 2479
2479 1000 1026
1913 2352 2468
2468 1913 2352
2352 1913 2468
2393 1012 2044
1012 2044 2393
2044 1012 2393
536 148 2416
148 536 2416
2416 148 536
2772 545 1461
545 1461 2772
1461 545 2772
468 72 1228
1228 72 468
72 468 1228
2141 63 2294
2294 63 2141
63 2141 2294
1339 104 298
298 104 1339
104 298 1339
370 1024 2790
1024 370 2790
2790 370 1024
1910 1081 2986
2986 1081 1910
1081 1910 2986
1560 1152 1886
1152 1560 1886
1886 1152 1560
357 37 2049
37 357 2049
2049 37 357
1007 35 2852
35 1007 2852
2852 35 1007
747 723 1110
723 747 1110
1110 723 747
2779 2171 2951
2951 2171 2779
2171 2779 2951
601 1981 2942
1981 601 2942
2942 601 1981
176 1342 2603
2603 176 1342
1342 176 2603
486 960 979
960 486 979
979 486 960
1918 1308 2296
2296 1308 1918
1308 1918 2296
1450 1021 1520
1520 1021 1450
1021 1450 1520
1116 1788 2807
2807 1116 1788
1788 1116 2807
684 1673 2162
1673 684 2162
2162 684 1673
2573 297 2195
2195 297 2573
297 2195 2573
2142 716 892
892 716 2142
716 892 2142
286 1778 2908
1778 286 2908
2908 286 1778
735 1102 2549
1102 735 2549
2549 735 1102
1006 307 1823
307 1006 1823
1823 307 1006
2437 394 2154
2154 394 2437
394 2154 2437
1321 2071 2513
2071 1321 2513
2513 1321 2071
329 1268 1376
1376 329 1268
1268 329 1376
2539 1815 2461
1815 2461 2539
2461 1815 2539
840 356 2728
2728 356 840
356 840 2728
2613 169 968
169 968 2613
968 169 2613
1181 989 2103
989 1181 2103
2103 989 1181
2845 1241 2721
1241 2721 2845
2721 1241 2845
379 214 349
214 349 379
349 214 379
1253 694 1698
694 1253 1698
1698 694 1253
1167 961 2651
961 1167 2651
2651 961 1167
2526 1004 1482
1482 1004 2526
1004 1482 2526
2337 354 1244
354 1244 2337
1244 354 2337
958 147 2732
2732 147 958
147 958 2732
1117 366 1653
1653 366 1117
366 1117 1653
2806 199 1851
199 1851 2806
1851 199 2806
1277 1602 2146
2146 1277 1602
1602 1277 2146
1639 186 494
186 494 1639
494 186 1639
2356 994 1829
994 1829 2356
1829 994 2356
1406 1288 2967
2967 1288 1406
1288 1406 2967
230 1807 2182
2182 230 1807
1807 230 2182
587 149 1930
149 587 1930
1930 149 587
1377 1176 2569
2569 1176 1377
1176 1377 2569
2216 1140 1717
1140 1717 2216
1717 1140 2216
2725 822 1638
822 1638 2725
1638 822 2725
1582 130 235
235 130 1582
130 235 1582
434 2602 2934
2602 434 2934
2934 434 2602
767 920 1040
1040 767 920
920 767 1040
2119 1023 2653
1023 2119 2653
2653 1023 2119
428 799 1273
1273 428 799
799 428 1273
88 365 395
365 88 395
395 88 365
2488 1193 1293
1293 1193 2488
1193 1293 2488
2221 800 2375
2375 800 2221
800 2221 2375
2975 151 2929
151 2929 2975
2929 151 2975
362 1575 1949
1575 362 1949
1949 362 1575
1601 1748 2056
1748 1601 2056
2056 1601 1748
2210 608 1496
608 1496 2210
1496 608 2210
673 1362 2496
2496 673 1362
1362 673 2496
2113 436 1726
1726 436 2113
436 1726 2113
268 2365 2492
2365 268 2492
2492 268 2365
597 1567 2462
2462 597 1567
1567 597 2462
273 2309 2925
2309 273 2925
2925 273 2309
330 6 2544
2544 6 330
6 330 2544
155 1398 2809
1398 155 2809
2809 155 1398
2793 296 2428
296 2428 2793
2428 296 2793
2815 1448 2565
1448 2565 2815
2565 1448 2815
2314 400 2361
400 2314 2361
2361 400 2314
2789 1258 1951
1951 1258 2789
1258 1951 2789
1912 864 1480
864 1480 1912
1480 864 1912
2381 1257 2878
1257 2381 2878
2878 1257 2381
1380 693 1627
1627 693 1380
693 1380 1627
1425 1208 2662
1208 1425 2662
2662 1208 1425
2857 571 2457
571 2457 2857
2457 571 2857
1073 1348 1845
1348 1073 1845
1845 1073 1348
697 940 2115
940 697 2115
2115 697 940
1264 1674 2799
2799 1264 1674
1674 1264 2799
2441 1637 1804
1637 1804 2441
1804 1637 2441
2489 446 1221
1221 446 2489
446 1221 2489
752 2004 2424
2004 752 2424
2424 752 2004
2506 59 2242
59 2242 2506
2242 59 2506
564 334 1219
1219 334 564
334 564 1219
145 1501 1793
1793 145 1501
1501 145 1793
244 1483 1629
1629 244 1483
1483 244 1629
1408 1209 2339
2339 1209 1408
1209 1408 2339
2449 512 2170
512 2170 2449
2170 512 2449
1810 640 1655
640 1655 1810
1655 640 1810
2774 2116 2632
2116 2632 2774
2632 2116 2774
132 738 1753
1753 132 738
738 132 1753
2427 1366 2950
1366 2427 2950
2950 1366 2427
2640 1806 2417
1806 2417 2640
2417 1806 2640
1297 1935 2516
1935 1297 2516
2516 1297 1935
