29553 8200 19159
8200 19159 29553
19159 8200 29553
17401 19969 23415
19969 17401 23415
23415 17401 19969
2286 1032 19759
1032 2286 19759
19759 1032 2286
28683 8477 26911
26911 8477 28683
8477 26911 28683
10651 6432 14285
6432 10651 14285
14285 6432 10651
951 2485 22019
22019 951 2485
2485 951 22019
15780 10238 26638
10238 15780 26638
26638 10238 15780
12332 2645 23004
23004 2645 12332
2645 12332 23004
14256 10332 24195
24195 10332 14256
10332 14256 24195
6443 4145 16237
16237 4145 6443
4145 6443 16237
17226 13956 19615
13956 17226 19615
19615 13956 17226
17971 26482 27458
27458 17971 26482
26482 17971 27458
11729 21068 26543
21068 11729 26543
26543 11729 21068
29568 450 29344
29344 450 29568
450 29344 29568
3869 10354 25181
25181 3869 10354
10354 3869 25181
10719 2778 9626
9626 2778 10719
2778 9626 10719
17063 15505 18599
15505 17063 18599
18599 15505 17063
6769 25218 26084
25218 6769 26084
26084 6769 25218
17489 12863 20835
20835 12863 17489
12863 17489 20835
5142 8456 24315
24315 5142 8456
8456 5142 24315
27854 545 17023
545 17023 27854
17023 545 27854
15465 771 24875
771 15465 24875
24875 771 15465
1806 12024 18268
18268 1806 12024
12024 1806 18268
8421 3824 14068
3824 8421 14068
14068 3824 8421
15847 14649 27669
14649 15847 27669
27669 14649 15847
17930 4801 20992
4801 17930 20992
20992 4801 17930
23031 6014 7831
7831 6014 23031
6014 7831 23031
22203 15245 24372
24372 15245 22203
15245 22203 24372
28459 5277 23493
5277 23493 28459
23493 5277 28459
422 14467 28497
28497 422 14467
14467 422 28497
7460 6396 19978
19978 6396 7460
6396 7460 19978
16079 4343 8760
8760 4343 16079
4343 8760 16079
18112 22724 25276
22724 18112 25276
25276 18112 22724
28125 2571 11435
2571 11435 28125
11435 2571 28125
21290 2277 6149
2277 6149 21290
6149 2277 21290
12294 2020 5606
5606 2020 12294
2020 5606 12294
9841 13288 23868
23868 9841 13288
13288 9841 23868
633 11478 21668
11478 633 21668
21668 633 11478
9771 2783 25765
2783 9771 25765
25765 2783 9771
11796 13602 18459
13602 11796 18459
18459 11796 13602
15772 24390 26347
24390 15772 26347
26347 15772 24390
18405 22946 26008
26008 18405 22946
22946 18405 26008
24892 7859 10415
7859 10415 24892
10415 7859 24892
9537 5482 21345
21345 5482 9537
5482 9537 21345
9445 2459 14106
2459 9445 14106
14106 2459 9445
25326 26645 27281
27281 25326 26645
26645 25326 27281
19673 20593 25878
25878 19673 20593
20593 19673 25878
10087 5797 10010
10010 5797 10087
5797 10010 10087
20081 11146 20219
11146 20081 20219
20219 11146 20081
11714 1248 21824
21824 1248 11714
1248 11714 21824
13621 12920 21012
21012 12920 13621
12920 13621 21012
17714 14211 14504
14504 14211 17714
14211 14504 17714
14968 5856 7214
5856 7214 14968
7214 5856 14968
12263 179 12730
179 12263 12730
12730 179 12263
22545 20961 24012
20961 22545 24012
24012 20961 22545
10724 6024 17819
6024 10724 17819
17819 6024 10724
25692 1522 18840
1522 18840 25692
18840 1522 25692
15860 10464 29195
29195 10464 15860
10464 15860 29195
9772 18708 19605
19605 9772 18708
18708 9772 19605
8934 1547 17407
17407 1547 8934
1547 8934 17407
20521 4354 8530
4354 8530 20521
8530 4354 20521
10289 25039 29499
29499 10289 25039
25039 10289 29499
8885 10458 22423
10458 8885 22423
22423 8885 10458
8703 1484 28228
28228 1484 8703
1484 8703 28228
22132 15152 17096
15152 17096 22132
17096 15152 22132
5200 14202 29464
29464 5200 14202
14202 5200 29464
24859 26966 29948
26966 24859 29948
29948 24859 26966
20541 13964 28559
28559 13964 20541
13964 20541 28559
9610 3556 14042
14042 3556 9610
3556 9610 14042
4449 1356 28937
1356 4449 28937
28937 1356 4449
22738 6715 22149
22149 6715 22738
6715 22149 22738
26452 18180 26216
18180 26216 26452
26216 18180 26452
20119 12427 26795
26795 12427 20119
12427 20119 26795
8294 10514 18003
10514 8294 18003
18003 8294 10514
26126 8778 23406
8778 23406 26126
23406 8778 26126
21625 8864 9208
9208 8864 21625
8864 9208 21625
12386 2561 28181
2561 12386 28181
28181 2561 12386
5340 20 29557
29557 20 5340
20 5340 29557
20127 6380 9373
9373 6380 20127
6380 9373 20127
24545 17398 20776
17398 20776 24545
20776 17398 24545
9622 10187 29347
10187 9622 29347
29347 9622 10187
25961 22433 27517
22433 25961 27517
27517 22433 25961
11100 16190 21000
16190 11100 21000
21000 11100 16190
6645 12888 19914
12888 6645 19914
19914 6645 12888
1064 8668 29902
8668 1064 29902
29902 1064 8668
25889 1871 20489
20489 1871 25889
1871 20489 25889
16065 22959 29692
22959 16065 29692
29692 16065 22959
27076 8635 12106
12106 8635 27076
8635 12106 27076
16854 21628 24880
21628 16854 24880
24880 16854 21628
24219 2540 13080
2540 13080 24219
13080 2540 24219
3441 14740 19967
14740 3441 19967
19967 3441 14740
14620 13330 21896
21896 13330 14620
13330 14620 21896
16519 9748 15761
15761 9748 16519
9748 15761 16519
12197 15283 26953
26953 12197 15283
15283 12197 26953
8846 4943 9310
4943 8846 9310
9310 4943 8846
14044 13280 24577
24577 13280 14044
13280 14044 24577
17073 6236 7137
6236 7137 17073
7137 6236 17073
480 4930 14520
4930 480 14520
14520 480 4930
6724 6653 11294
11294 6653 6724
6653 6724 11294
9150 1065 11389
11389 1065 9150
1065 9150 11389
26054 9183 19867
9183 19867 26054
19867 9183 26054
19981 5074 25121
25121 5074 19981
5074 19981 25121
837 11082 25968
11082 837 25968
25968 837 11082
10043 24752 28975
24752 10043 28975
28975 10043 24752
26510 6746 29371
29371 6746 26510
6746 26510 29371
3730 1045 8007
8007 1045 3730
1045 3730 8007
22140 25525 28804
28804 22140 25525
25525 22140 28804
14249 15289 22555
22555 14249 15289
15289 14249 22555
7676 15598 19683
19683 7676 15598
15598 7676 19683
26091 23411 29085
23411 26091 29085
29085 23411 26091
24429 11010 25762
25762 11010 24429
11010 24429 25762
25328 3822 10888
3822 10888 25328
10888 3822 25328
17434 3585 22260
22260 3585 17434
3585 17434 22260
12018 7343 22229
7343 12018 22229
22229 7343 12018
4507 5258 24198
5258 4507 24198
24198 4507 5258
23988 15818 29052
29052 15818 23988
15818 23988 29052
26968 11138 19422
19422 11138 26968
11138 19422 26968
19561 4310 28483
4310 19561 28483
28483 4310 19561
3133 14258 18221
14258 3133 18221
18221 3133 14258
26581 725 19225
19225 725 26581
725 19225 26581
14090 8513 15169
8513 14090 15169
15169 8513 14090
10838 296 3513
3513 296 10838
296 3513 10838
276 19996 28621
19996 276 28621
28621 276 19996
3976 3630 20890
20890 3630 3976
3630 3976 20890
16004 19670 24119
24119 16004 19670
19670 16004 24119
8492 1677 24647
24647 1677 8492
1677 8492 24647
24743 13358 20319
13358 20319 24743
20319 13358 24743
1579 5413 16224
16224 1579 5413
5413 1579 16224
5618 14502 24430
14502 5618 24430
24430 5618 14502
81 5779 18281
18281 81 5779
5779 81 18281
15831 18030 19276
18030 15831 19276
19276 15831 18030
15244 1968 17877
17877 1968 15244
1968 15244 17877
2175 5709 7908
7908 2175 5709
5709 2175 7908
19758 15747 22759
15747 19758 22759
22759 15747 19758
15784 16698 16982
16982 15784 16698
16698 15784 16982
23532 416 8278
8278 416 23532
416 8278 23532
1418 7230 27997
7230 1418 27997
27997 1418 7230
22097 1487 14575
1487 14575 22097
14575 1487 22097
7642 458 26539
26539 458 7642
458 7642 26539
23738 658 716
658 716 23738
716 658 23738
23119 13881 27603
13881 23119 27603
27603 13881 23119
24778 12634 14648
14648 12634 24778
12634 14648 24778
13541 2587 14683
14683 2587 13541
2587 13541 14683
16196 9200 20534
9200 16196 20534
20534 9200 16196
13499 17765 29036
17765 13499 29036
29036 13499 17765
24546 3008 22050
22050 3008 24546
3008 22050 24546
29984 5229 20289
5229 20289 29984
20289 5229 29984
6594 20564 29939
20564 6594 29939
29939 6594 20564
5869 2432 14277
14277 2432 5869
2432 5869 14277
8352 164 8871
8871 164 8352
164 8352 8871
592 4654 15535
4654 592 15535
15535 592 4654
8888 5935 28829
5935 8888 28829
28829 5935 8888
78 16326 22693
16326 78 22693
22693 78 16326
17046 552 9274
552 9274 17046
9274 552 17046
4040 16344 27636
16344 4040 27636
27636 4040 16344
7361 4635 27180
4635 7361 27180
27180 4635 7361
11893 10408 21842
21842 10408 11893
10408 11893 21842
13142 9382 21671
21671 9382 13142
9382 13142 21671
18533 13828 23231
13828 18533 23231
23231 13828 18533
16158 10596 22796
10596 16158 22796
22796 10596 16158
27432 13504 22990
13504 22990 27432
22990 13504 27432
8317 12996 22554
12996 8317 22554
22554 8317 12996
2619 7830 14920
14920 2619 7830
7830 2619 14920
28870 129 8382
129 8382 28870
8382 129 28870
20044 14181 21809
14181 20044 21809
21809 14181 20044
2413 19227 24231
24231 2413 19227
19227 2413 24231
22307 8366 13623
8366 13623 22307
13623 8366 22307
6362 2350 29665
29665 2350 6362
2350 6362 29665
4170 1448 16091
16091 1448 4170
1448 4170 16091
28347 3926 7003
3926 7003 28347
7003 3926 28347
28156 16147 21460
21460 16147 28156
16147 21460 28156
15635 12688 19872
12688 15635 19872
19872 12688 15635
2408 9979 10445
10445 2408 9979
9979 2408 10445
25345 2766 13321
13321 2766 25345
2766 13321 25345
1509 13690 14480
14480 1509 13690
13690 1509 14480
1884 22045 29651
22045 1884 29651
29651 1884 22045
14907 12768 26720
12768 14907 26720
26720 12768 14907
20017 15521 15556
15521 15556 20017
15556 15521 20017
24483 15002 17317
15002 17317 24483
17317 15002 24483
29327 7813 19848
19848 7813 29327
7813 19848 29327
19418 495 10780
10780 495 19418
495 10780 19418
4907 8627 9905
9905 4907 8627
8627 4907 9905
21789 3429 17511
3429 17511 21789
17511 3429 21789
13716 91 17752
91 13716 17752
17752 91 13716
19646 4666 17053
17053 4666 19646
4666 17053 19646
20250 6051 26809
6051 20250 26809
26809 6051 20250
10924 12675 14682
14682 10924 12675
12675 10924 14682
22027 744 5300
5300 744 22027
744 5300 22027
16059 7016 10068
10068 7016 16059
7016 10068 16059
7439 22987 23455
22987 7439 23455
23455 7439 22987
14694 24097 25428
24097 14694 25428
25428 14694 24097
17536 17953 19448
19448 17536 17953
17953 17536 19448
6651 13966 17630
13966 6651 17630
17630 6651 13966
5702 1315 17072
1315 5702 17072
17072 1315 5702
26727 3879 22116
3879 22116 26727
22116 3879 26727
7037 687 24570
24570 687 7037
687 7037 24570
28534 5875 27065
5875 27065 28534
27065 5875 28534
10041 20677 27311
27311 10041 20677
20677 10041 27311
24803 9221 13594
9221 13594 24803
13594 9221 24803
11396 9480 25853
9480 11396 25853
25853 9480 11396
3047 18612 21931
18612 3047 21931
21931 3047 18612
26118 8497 9412
9412 8497 26118
8497 9412 26118
4650 10815 25662
10815 4650 25662
25662 4650 10815
6828 22757 23653
23653 6828 22757
22757 6828 23653
13075 10054 28732
10054 13075 28732
28732 10054 13075
12597 7237 19119
7237 12597 19119
19119 7237 12597
9161 2859 11956
11956 2859 9161
2859 9161 11956
9356 4839 20508
20508 4839 9356
4839 9356 20508
17989 13880 23047
23047 13880 17989
13880 17989 23047
16903 811 3108
3108 811 16903
811 3108 16903
14443 11891 25490
11891 14443 25490
25490 11891 14443
3152 14229 15548
15548 3152 14229
14229 3152 15548
2534 4671 21802
4671 2534 21802
21802 2534 4671
11235 6074 9880
6074 9880 11235
9880 6074 11235
1316 5486 21410
5486 1316 21410
21410 1316 5486
28373 10278 26256
10278 26256 28373
26256 10278 28373
3005 2275 4661
2275 3005 4661
4661 2275 3005
23637 14326 26735
26735 14326 23637
14326 23637 26735
18724 11657 12641
11657 12641 18724
12641 11657 18724
14257 10 16087
16087 10 14257
10 14257 16087
6181 12848 20664
20664 6181 12848
12848 6181 20664
2691 15775 18598
18598 2691 15775
15775 2691 18598
8747 1574 25916
1574 8747 25916
25916 1574 8747
17632 1179 1801
1801 1179 17632
1179 1801 17632
2420 2729 24686
24686 2420 2729
2729 2420 24686
10463 1829 19082
1829 10463 19082
19082 1829 10463
26127 24056 24729
24056 24729 26127
24729 24056 26127
29421 6623 29776
6623 29421 29776
29776 6623 29421
27908 10192 28464
10192 27908 28464
28464 10192 27908
26695 3283 9548
9548 3283 26695
3283 9548 26695
21521 13731 29502
13731 21521 29502
29502 13731 21521
28107 16149 28386
28386 16149 28107
16149 28107 28386
13527 3794 16745
3794 13527 16745
16745 3794 13527
16521 6618 18389
6618 16521 18389
18389 6618 16521
16287 5595 27883
27883 5595 16287
5595 16287 27883
2819 14594 17035
14594 2819 17035
17035 2819 14594
26278 11545 20701
20701 11545 26278
11545 20701 26278
27176 12740 25701
25701 12740 27176
12740 25701 27176
28091 2772 21836
21836 2772 28091
2772 21836 28091
6439 9438 21906
21906 6439 9438
9438 6439 21906
6517 14015 28270
28270 6517 14015
14015 6517 28270
22685 23876 26568
26568 22685 23876
23876 22685 26568
18983 20853 26223
26223 18983 20853
20853 18983 26223
4806 425 7576
425 4806 7576
7576 425 4806
28505 22127 28501
28501 22127 28505
22127 28501 28505
15736 12900 24805
24805 12900 15736
12900 15736 24805
4422 5860 8080
5860 4422 8080
8080 4422 5860
17600 4113 14915
14915 4113 17600
4113 14915 17600
16513 5323 10129
10129 5323 16513
5323 10129 16513
21431 13023 24830
13023 21431 24830
24830 13023 21431
24681 16006 26062
26062 16006 24681
16006 24681 26062
21360 4399 10368
10368 4399 21360
4399 10368 21360
29666 12778 13182
13182 12778 29666
12778 13182 29666
6531 11605 15213
11605 6531 15213
15213 6531 11605
24124 4684 11150
11150 4684 24124
4684 11150 24124
29426 11418 14238
14238 11418 29426
11418 14238 29426
27403 17061 20499
17061 20499 27403
20499 17061 27403
2685 2331 8892
8892 2331 2685
2331 2685 8892
18721 1319 26048
1319 18721 26048
26048 1319 18721
14711 21733 28883
21733 14711 28883
28883 14711 21733
10029 7617 12356
12356 7617 10029
7617 10029 12356
14352 3782 14874
14874 3782 14352
3782 14352 14874
26388 12230 23542
23542 12230 26388
12230 23542 26388
637 8845 14598
8845 637 14598
14598 637 8845
14973 3963 13924
3963 13924 14973
13924 3963 14973
12207 7032 28470
28470 7032 12207
7032 12207 28470
29307 25134 28806
25134 28806 29307
28806 25134 29307
21548 5233 26248
5233 21548 26248
26248 5233 21548
25553 11715 17440
11715 17440 25553
17440 11715 25553
13471 1962 15898
1962 13471 15898
15898 1962 13471
29328 23102 28400
28400 23102 29328
23102 28400 29328
17500 4996 6832
4996 6832 17500
6832 4996 17500
16763 1577 9733
1577 9733 16763
9733 1577 16763
13849 8134 12133
8134 12133 13849
12133 8134 13849
2166 9538 26634
9538 2166 26634
26634 2166 9538
28246 1351 13996
1351 13996 28246
13996 1351 28246
28041 2701 21086
2701 21086 28041
21086 2701 28041
4039 28726 29941
28726 4039 29941
29941 4039 28726
11681 17756 27535
17756 11681 27535
27535 11681 17756
11336 28231 28944
28944 11336 28231
28231 11336 28944
3438 20098 28756
20098 3438 28756
28756 3438 20098
1531 15946 25397
25397 1531 15946
15946 1531 25397
3599 13704 23285
13704 3599 23285
23285 3599 13704
11917 2335 4809
4809 2335 11917
2335 4809 11917
21579 4050 15595
4050 15595 21579
15595 4050 21579
29271 13014 28668
13014 28668 29271
28668 13014 29271
4750 13460 28543
28543 4750 13460
13460 4750 28543
19874 12120 27267
12120 19874 27267
27267 12120 19874
5871 2975 23280
2975 5871 23280
23280 2975 5871
14995 18365 21237
21237 14995 18365
18365 14995 21237
27011 16375 16779
16375 16779 27011
16779 16375 27011
17147 11426 17581
17581 11426 17147
11426 17147 17581
14787 6863 17243
17243 6863 14787
6863 14787 17243
1519 21485 28049
21485 1519 28049
28049 1519 21485
15077 16705 28322
28322 15077 16705
16705 15077 28322
29619 8109 9475
8109 9475 29619
9475 8109 29619
8671 15983 20021
20021 8671 15983
15983 8671 20021
6995 10390 11072
10390 6995 11072
11072 6995 10390
7800 1318 28592
1318 7800 28592
28592 1318 7800
19263 18350 28412
18350 19263 28412
28412 18350 19263
2573 7190 8616
7190 2573 8616
8616 2573 7190
24594 18896 27665
27665 18896 24594
18896 24594 27665
28701 21425 28945
21425 28701 28945
28945 21425 28701
8536 8860 19375
8860 8536 19375
19375 8536 8860
15027 11471 25391
25391 11471 15027
11471 15027 25391
9908 6333 27400
6333 9908 27400
27400 6333 9908
23625 6409 20660
6409 20660 23625
20660 6409 23625
1249 14357 18869
18869 1249 14357
14357 1249 18869
28360 4318 10433
4318 10433 28360
10433 4318 28360
14705 12003 23344
23344 12003 14705
12003 14705 23344
9810 13100 14398
13100 9810 14398
14398 9810 13100
4243 7808 19170
7808 4243 19170
19170 4243 7808
2941 9430 16368
9430 2941 16368
16368 2941 9430
7678 610 19355
610 7678 19355
19355 610 7678
28367 10758 11816
10758 11816 28367
11816 10758 28367
4982 12156 21674
21674 4982 12156
12156 4982 21674
16904 302 18762
302 16904 18762
18762 302 16904
26421 1596 17104
17104 1596 26421
1596 17104 26421
22973 10882 20449
10882 20449 22973
20449 10882 22973
29507 8316 15034
8316 15034 29507
15034 8316 29507
6505 4482 10314
4482 6505 10314
10314 4482 6505
17731 3905 6186
3905 6186 17731
6186 3905 17731
664 2426 13984
13984 664 2426
2426 664 13984
24780 15271 26629
26629 15271 24780
15271 24780 26629
14133 8064 23178
8064 14133 23178
23178 8064 14133
217 5238 27679
5238 217 27679
27679 217 5238
19808 1850 27192
27192 1850 19808
1850 19808 27192
6044 19853 28331
28331 6044 19853
19853 6044 28331
19163 12933 16548
16548 12933 19163
12933 16548 19163
15620 5848 9609
9609 5848 15620
5848 9609 15620
9500 3788 24254
24254 3788 9500
3788 9500 24254
14789 12302 22730
22730 12302 14789
12302 14789 22730
8392 14560 17829
17829 8392 14560
14560 8392 17829
23335 12669 27645
12669 23335 27645
27645 12669 23335
14168 1312 21947
1312 14168 21947
21947 1312 14168
21249 743 22627
743 21249 22627
22627 743 21249
16294 14338 28346
14338 16294 28346
28346 14338 16294
5047 322 25120
322 5047 25120
25120 322 5047
1802 8658 25436
25436 1802 8658
8658 1802 25436
25062 7196 18703
18703 7196 25062
7196 18703 25062
8010 8859 28590
8859 8010 28590
28590 8010 8859
8451 20368 24121
24121 8451 20368
20368 8451 24121
23704 9585 10401
9585 10401 23704
10401 9585 23704
26158 1245 4593
1245 4593 26158
4593 1245 26158
26379 13921 17123
17123 13921 26379
13921 17123 26379
6158 12919 22199
22199 6158 12919
12919 6158 22199
8491 8169 24057
24057 8169 8491
8169 8491 24057
403 11779 24015
11779 403 24015
24015 403 11779
1018 13968 16818
13968 1018 16818
16818 1018 13968
23842 7597 19880
19880 7597 23842
7597 19880 23842
10717 7440 21470
7440 10717 21470
21470 7440 10717
222 3783 16511
3783 222 16511
16511 222 3783
21723 15573 26920
15573 21723 26920
26920 15573 21723
26073 581 9368
581 9368 26073
9368 581 26073
4075 1472 3439
3439 1472 4075
1472 3439 4075
22758 4510 11252
11252 4510 22758
4510 11252 22758
361 3745 11099
3745 361 11099
11099 361 3745
19513 2903 6732
6732 2903 19513
2903 6732 19513
20519 9682 22630
9682 20519 22630
22630 9682 20519
19887 13294 16646
13294 16646 19887
16646 13294 19887
7755 784 3396
3396 784 7755
784 3396 7755
26852 16840 24412
24412 16840 26852
16840 24412 26852
10485 7352 27992
27992 7352 10485
7352 10485 27992
23630 9999 18933
9999 18933 23630
18933 9999 23630
4663 14871 28183
14871 4663 28183
28183 4663 14871
28807 14842 16867
16867 14842 28807
14842 16867 28807
16068 27696 28073
27696 16068 28073
28073 16068 27696
15185 23030 25333
23030 15185 25333
25333 15185 23030
27582 2490 8908
2490 8908 27582
8908 2490 27582
18851 3774 24129
3774 18851 24129
24129 3774 18851
20881 10171 12176
10171 12176 20881
12176 10171 20881
14195 1006 12438
1006 12438 14195
12438 1006 14195
2584 7844 24164
7844 2584 24164
24164 2584 7844
15976 5361 6970
6970 5361 15976
5361 6970 15976
11541 24568 25257
24568 11541 25257
25257 11541 24568
11550 510 5091
5091 510 11550
510 5091 11550
12456 2144 16594
2144 12456 16594
16594 2144 12456
6121 4245 28072
28072 4245 6121
4245 6121 28072
5936 7682 16216
16216 5936 7682
7682 5936 16216
27371 2108 18984
18984 2108 27371
2108 18984 27371
17552 20651 22536
20651 17552 22536
22536 17552 20651
2922 1277 6686
1277 2922 6686
6686 1277 2922
26777 9463 17285
17285 9463 26777
9463 17285 26777
24643 1771 19434
19434 1771 24643
1771 19434 24643
18071 11933 12859
11933 12859 18071
12859 11933 18071
182 24528 27469
27469 182 24528
24528 182 27469
26159 20557 28695
20557 26159 28695
28695 20557 26159
25824 11787 16211
11787 16211 25824
16211 11787 25824
9793 13497 17017
13497 9793 17017
17017 9793 13497
15222 5701 19343
5701 15222 19343
19343 5701 15222
7975 1618 19173
19173 1618 7975
1618 7975 19173
8788 14754 25819
25819 8788 14754
14754 8788 25819
23954 10967 18911
10967 18911 23954
18911 10967 23954
27443 9813 25838
9813 25838 27443
25838 9813 27443
29096 10363 19411
10363 19411 29096
19411 10363 29096
29416 10825 15218
15218 10825 29416
10825 15218 29416
9144 8982 15801
8982 9144 15801
15801 8982 9144
18822 10153 29578
10153 18822 29578
29578 10153 18822
7892 10824 12008
10824 7892 12008
12008 7892 10824
26838 270 20989
270 20989 26838
20989 270 26838
15168 24226 29592
29592 15168 24226
24226 15168 29592
16821 6596 17758
6596 16821 17758
17758 6596 16821
2774 4358 28062
4358 2774 28062
28062 2774 4358
18090 9117 23169
9117 18090 23169
23169 9117 18090
8789 10908 20650
10908 8789 20650
20650 8789 10908
25773 12546 29775
29775 12546 25773
12546 25773 29775
13264 3738 29541
29541 3738 13264
3738 13264 29541
5813 432 25590
432 5813 25590
25590 432 5813
4873 13845 14390
13845 4873 14390
14390 4873 13845
24735 20649 29198
29198 20649 24735
20649 24735 29198
7834 10755 25174
25174 7834 10755
10755 7834 25174
21994 3335 29500
3335 21994 29500
29500 3335 21994
10892 6847 14487
14487 6847 10892
6847 10892 14487
6285 3389 10144
3389 6285 10144
10144 3389 6285
1545 4814 21114
21114 1545 4814
4814 1545 21114
1182 7666 21899
7666 1182 21899
21899 1182 7666
28113 362 7887
362 7887 28113
7887 362 28113
16633 12841 26551
12841 16633 26551
26551 12841 16633
20888 22459 25816
22459 20888 25816
25816 20888 22459
24921 1727 10076
10076 1727 24921
1727 10076 24921
1572 13869 26200
26200 1572 13869
13869 1572 26200
4257 16385 26166
16385 4257 26166
26166 4257 16385
22099 1252 15265
15265 1252 22099
1252 15265 22099
10275 14932 20241
20241 10275 14932
14932 10275 20241
14930 1989 7715
7715 1989 14930
1989 7715 14930
2346 2319 10688
2319 2346 10688
10688 2319 2346
21302 9629 23205
23205 9629 21302
9629 21302 23205
27579 8462 14571
14571 8462 27579
8462 14571 27579
12250 5511 18334
18334 5511 12250
5511 12250 18334
29699 26478 29524
26478 29524 29699
29524 26478 29699
28670 14617 17055
17055 14617 28670
14617 17055 28670
9918 3591 11975
11975 3591 9918
3591 9918 11975
25087 7612 18135
7612 18135 25087
18135 7612 25087
23820 8106 28539
28539 8106 23820
8106 23820 28539
27810 13424 14030
13424 14030 27810
14030 13424 27810
4900 15969 19727
19727 4900 15969
15969 4900 19727
992 8257 26975
8257 992 26975
26975 992 8257
18190 10077 26745
26745 10077 18190
10077 18190 26745
2558 23901 24351
24351 2558 23901
23901 2558 24351
13163 294 13634
294 13163 13634
13634 294 13163
5982 2138 3291
2138 3291 5982
3291 2138 5982
17702 5172 23427
23427 5172 17702
5172 17702 23427
11199 11644 27704
11644 11199 27704
27704 11199 11644
18749 14893 26487
14893 18749 26487
26487 14893 18749
24975 12795 20091
12795 20091 24975
20091 12795 24975
20763 18301 23860
18301 20763 23860
23860 18301 20763
12659 22004 23009
22004 12659 23009
23009 12659 22004
20749 10798 20374
20374 10798 20749
10798 20374 20749
5331 16776 18705
16776 5331 18705
18705 5331 16776
10466 2178 12662
2178 10466 12662
12662 2178 10466
2583 3004 10881
10881 2583 3004
3004 2583 10881
8420 618 1021
618 1021 8420
1021 618 8420
22534 5962 13082
13082 5962 22534
5962 13082 22534
14544 3742 17732
17732 3742 14544
3742 14544 17732
17849 1175 20910
1175 17849 20910
20910 1175 17849
23444 16736 17717
17717 16736 23444
16736 17717 23444
27986 9008 13538
9008 13538 27986
13538 9008 27986
19435 2369 11868
11868 2369 19435
2369 11868 19435
20963 18693 23981
18693 20963 23981
23981 18693 20963
2210 16777 29172
16777 2210 29172
29172 2210 16777
22308 5717 15542
15542 5717 22308
5717 15542 22308
9469 24395 29521
29521 9469 24395
24395 9469 29521
9143 1268 7659
1268 7659 9143
7659 1268 9143
6606 6825 9116
6825 6606 9116
9116 6606 6825
4472 9786 16721
16721 4472 9786
9786 4472 16721
1731 5884 24578
24578 1731 5884
5884 1731 24578
19578 25676 27247
25676 19578 27247
27247 19578 25676
28993 4373 23603
23603 4373 28993
4373 23603 28993
19189 2172 4044
4044 2172 19189
2172 4044 19189
28460 3470 15155
15155 3470 28460
3470 15155 28460
15851 10547 18153
10547 15851 18153
18153 10547 15851
10870 5704 9981
5704 9981 10870
9981 5704 10870
22904 23115 27711
27711 22904 23115
23115 22904 27711
27414 13556 21308
21308 13556 27414
13556 21308 27414
17753 18198 18404
18404 17753 18198
18198 17753 18404
26657 15839 24903
15839 24903 26657
24903 15839 26657
4255 17290 17810
17290 4255 17810
17810 4255 17290
17766 1791 29445
1791 17766 29445
29445 1791 17766
3145 23695 29197
29197 3145 23695
23695 3145 29197
11210 17658 25689
25689 11210 17658
17658 11210 25689
26758 15033 19307
19307 15033 26758
15033 19307 26758
29098 18249 29806
29806 18249 29098
18249 29098 29806
22997 12645 22220
22220 12645 22997
12645 22220 22997
18613 6864 24030
24030 6864 18613
6864 18613 24030
20647 20575 25452
20575 20647 25452
25452 20575 20647
7563 18848 21123
18848 7563 21123
21123 7563 18848
11626 18720 21353
18720 11626 21353
21353 11626 18720
8227 6073 14631
6073 8227 14631
14631 6073 8227
11136 4095 19836
4095 11136 19836
19836 4095 11136
6660 15381 21659
21659 6660 15381
15381 6660 21659
28356 17423 22384
17423 22384 28356
22384 17423 28356
13476 69 20025
20025 69 13476
69 13476 20025
28018 13436 22967
13436 22967 28018
22967 13436 28018
28865 5532 20854
20854 5532 28865
5532 20854 28865
7240 5060 13991
13991 5060 7240
5060 7240 13991
11279 1336 9960
9960 1336 11279
1336 9960 11279
19744 5031 22436
5031 19744 22436
22436 5031 19744
3295 7478 18507
7478 3295 18507
18507 3295 7478
1116 5159 21432
5159 1116 21432
21432 1116 5159
10417 23487 29297
29297 10417 23487
23487 10417 29297
22638 20669 29711
29711 20669 22638
20669 22638 29711
11701 8144 20117
8144 11701 20117
20117 8144 11701
8332 18622 28968
18622 8332 28968
28968 8332 18622
1167 4517 11049
4517 1167 11049
11049 1167 4517
20912 1390 21315
1390 20912 21315
21315 1390 20912
24738 26033 26604
26033 24738 26604
26604 24738 26033
75 9136 29169
9136 75 29169
29169 75 9136
26739 15278 19340
19340 15278 26739
15278 19340 26739
18064 11080 11586
11080 11586 18064
11586 11080 18064
11093 2817 29306
29306 2817 11093
2817 11093 29306
213 570 11534
11534 213 570
570 213 11534
28510 14878 17179
14878 17179 28510
17179 14878 28510
18343 4159 24979
24979 4159 18343
4159 18343 24979
17764 11350 24811
24811 11350 17764
11350 17764 24811
23511 19113 20501
20501 19113 23511
19113 20501 23511
7447 12853 28991
12853 7447 28991
28991 7447 12853
3985 20587 26513
20587 3985 26513
26513 3985 20587
13072 14289 23069
14289 13072 23069
23069 13072 14289
6015 2844 27880
2844 6015 27880
27880 2844 6015
1134 3460 9840
9840 1134 3460
3460 1134 9840
8567 10326 28532
10326 8567 28532
28532 8567 10326
4937 16041 25089
25089 4937 16041
16041 4937 25089
6830 6235 21977
21977 6235 6830
6235 6830 21977
25469 6640 18439
18439 6640 25469
6640 18439 25469
13188 3525 27018
3525 13188 27018
27018 3525 13188
12122 315 25116
25116 315 12122
315 12122 25116
23232 9088 16680
16680 9088 23232
9088 16680 23232
10986 17645 27793
27793 10986 17645
17645 10986 27793
7606 11014 11867
11014 7606 11867
11867 7606 11014
6826 9729 20079
9729 6826 20079
20079 6826 9729
17754 15810 29517
15810 17754 29517
29517 15810 17754
22350 5325 7436
7436 5325 22350
5325 7436 22350
9075 6908 7381
6908 7381 9075
7381 6908 9075
26234 5280 16826
5280 16826 26234
16826 5280 26234
6337 8672 23575
8672 6337 23575
23575 6337 8672
12312 15910 17316
17316 12312 15910
15910 12312 17316
14624 11091 22646
11091 14624 22646
22646 11091 14624
29859 12428 21378
12428 21378 29859
21378 12428 29859
4013 8416 14687
8416 4013 14687
14687 4013 8416
10618 12170 29128
12170 10618 29128
29128 10618 12170
5793 8510 26115
8510 5793 26115
26115 5793 8510
13477 4520 10638
10638 4520 13477
4520 10638 13477
8339 11288 29870
11288 8339 29870
29870 8339 11288
26509 514 27719
514 26509 27719
27719 514 26509
740 3616 29982
29982 740 3616
3616 740 29982
26895 5090 29761
5090 26895 29761
29761 5090 26895
28747 1440 24394
24394 1440 28747
1440 24394 28747
17825 5872 9848
5872 9848 17825
9848 5872 17825
18386 3523 25188
3523 18386 25188
25188 3523 18386
12070 20420 29342
20420 12070 29342
29342 12070 20420
2145 24275 26131
24275 2145 26131
26131 2145 24275
16342 242 2599
2599 242 16342
242 2599 16342
4561 17395 21913
21913 4561 17395
17395 4561 21913
10806 9128 24635
24635 9128 10806
9128 10806 24635
20296 5471 26648
26648 5471 20296
5471 20296 26648
17625 6706 26774
26774 6706 17625
6706 17625 26774
16228 2239 17680
2239 16228 17680
17680 2239 16228
29576 5734 27835
27835 5734 29576
5734 27835 29576
5182 12328 28770
28770 5182 12328
12328 5182 28770
12896 5891 22751
22751 5891 12896
5891 12896 22751
20589 22989 23238
23238 20589 22989
22989 20589 23238
25622 89 21817
89 21817 25622
21817 89 25622
7618 10768 23922
10768 7618 23922
23922 7618 10768
6839 17524 19932
19932 6839 17524
17524 6839 19932
19785 5198 8926
5198 8926 19785
8926 5198 19785
25214 12912 13644
13644 12912 25214
12912 13644 25214
16919 9557 18099
18099 9557 16919
9557 16919 18099
351 14188 19937
19937 351 14188
14188 351 19937
7171 18645 29413
29413 7171 18645
18645 7171 29413
25826 727 28663
28663 727 25826
727 25826 28663
12590 19936 20794
20794 12590 19936
19936 12590 20794
1597 817 18253
817 1597 18253
18253 817 1597
23537 19070 24233
19070 23537 24233
24233 19070 23537
18574 1541 7189
1541 7189 18574
7189 1541 18574
13124 5643 12917
5643 12917 13124
12917 5643 13124
11755 619 10698
619 10698 11755
10698 619 11755
5694 16890 22154
22154 5694 16890
16890 5694 22154
1970 4391 6873
6873 1970 4391
4391 1970 6873
23397 1707 25823
25823 1707 23397
1707 23397 25823
28240 609 4785
4785 609 28240
609 4785 28240
11980 27349 28682
28682 11980 27349
27349 11980 28682
1923 8935 10836
8935 1923 10836
10836 1923 8935
9688 21049 22070
21049 9688 22070
22070 9688 21049
13111 892 22560
892 13111 22560
22560 892 13111
12878 21111 22543
21111 12878 22543
22543 12878 21111
14146 7256 25168
25168 7256 14146
7256 14146 25168
3049 13493 21127
13493 3049 21127
21127 3049 13493
24838 16930 29639
16930 24838 29639
29639 16930 24838
22380 3670 21429
21429 3670 22380
3670 21429 22380
22395 5892 27190
27190 5892 22395
5892 22395 27190
26219 6410 12699
6410 12699 26219
12699 6410 26219
28533 13574 17775
13574 17775 28533
17775 13574 28533
20598 9056 24644
24644 9056 20598
9056 20598 24644
17339 19017 27975
19017 17339 27975
27975 17339 19017
6027 4098 14527
4098 6027 14527
14527 4098 6027
16757 1229 14499
1229 14499 16757
14499 1229 16757
18138 19197 29886
29886 18138 19197
19197 18138 29886
25376 18760 27389
27389 18760 25376
18760 25376 27389
14455 2508 23572
2508 14455 23572
23572 2508 14455
4206 7384 13328
13328 4206 7384
7384 4206 13328
9370 799 8817
799 8817 9370
8817 799 9370
10245 25384 28215
25384 10245 28215
28215 10245 25384
9957 3756 8879
3756 8879 9957
8879 3756 9957
23622 17618 26257
17618 23622 26257
26257 17618 23622
6253 13442 19306
13442 6253 19306
19306 6253 13442
5438 18868 20703
20703 5438 18868
18868 5438 20703
13900 12384 27785
27785 12384 13900
12384 13900 27785
1530 9363 17563
17563 1530 9363
9363 1530 17563
25599 25202 25403
25202 25403 25599
25403 25202 25599
571 130 5853
5853 130 571
130 571 5853
7706 18471 20047
20047 7706 18471
18471 7706 20047
23181 8685 25710
8685 23181 25710
25710 8685 23181
1473 1098 12382
12382 1098 1473
1098 1473 12382
23721 875 9894
875 9894 23721
9894 875 23721
1696 5504 8308
5504 1696 8308
8308 1696 5504
8575 6009 26449
6009 8575 26449
26449 6009 8575
10519 13156 25464
13156 10519 25464
25464 10519 13156
11954 8473 28794
8473 11954 28794
28794 8473 11954
10034 11153 11542
11153 10034 11542
11542 10034 11153
29060 21074 24243
24243 21074 29060
21074 24243 29060
8240 5729 23156
5729 8240 23156
23156 5729 8240
26893 18503 23160
23160 18503 26893
18503 23160 26893
29792 21993 23204
21993 23204 29792
23204 21993 29792
20369 11004 26491
26491 11004 20369
11004 20369 26491
17496 5881 19643
5881 17496 19643
19643 5881 17496
13438 10889 17071
10889 13438 17071
17071 10889 13438
25571 8612 16911
16911 8612 25571
8612 16911 25571
22767 1120 11801
1120 11801 22767
11801 1120 22767
5968 7749 24147
24147 5968 7749
7749 5968 24147
21278 6548 20532
6548 20532 21278
20532 6548 21278
6297 728 26092
728 6297 26092
26092 728 6297
23005 6829 29813
29813 6829 23005
6829 23005 29813
6226 2465 2543
2465 2543 6226
2543 2465 6226
326 573 18202
573 326 18202
18202 326 573
17331 2002 20637
2002 17331 20637
20637 2002 17331
24130 7871 25330
25330 7871 24130
7871 24130 25330
24064 1662 12518
1662 12518 24064
12518 1662 24064
29411 11848 17719
17719 11848 29411
11848 17719 29411
11067 8124 28712
28712 8124 11067
8124 11067 28712
19686 4838 20029
20029 4838 19686
4838 19686 20029
20542 12589 27813
12589 20542 27813
27813 12589 20542
13814 16247 20977
16247 13814 20977
20977 13814 16247
10584 5278 27221
5278 10584 27221
27221 5278 10584
24467 10701 17013
17013 10701 24467
10701 17013 24467
788 12259 28954
28954 788 12259
12259 788 28954
7258 393 7587
7587 393 7258
393 7258 7587
18032 11576 27940
27940 11576 18032
11576 18032 27940
1161 11897 23971
23971 1161 11897
11897 1161 23971
15662 20272 26215
20272 15662 26215
26215 15662 20272
24217 20920 23762
20920 23762 24217
23762 20920 24217
16679 12932 19527
12932 16679 19527
19527 12932 16679
6822 11016 17580
11016 6822 17580
17580 6822 11016
14177 11740 16621
11740 14177 16621
16621 11740 14177
7584 11876 13855
11876 7584 13855
13855 7584 11876
174 8585 28341
28341 174 8585
8585 174 28341
29451 19960 22409
19960 22409 29451
22409 19960 29451
21414 7582 15469
15469 7582 21414
7582 15469 21414
28852 4324 26763
4324 26763 28852
26763 4324 28852
219 656 2928
2928 219 656
656 219 2928
18050 8048 14321
14321 8048 18050
8048 14321 18050
19406 2827 14622
14622 2827 19406
2827 14622 19406
12512 9801 29064
29064 9801 12512
9801 12512 29064
3665 25301 25652
25652 3665 25301
25301 3665 25652
6905 25226 27888
27888 6905 25226
25226 6905 27888
12819 1320 21796
21796 1320 12819
1320 12819 21796
14293 2833 8782
8782 2833 14293
2833 8782 14293
16442 13919 16929
13919 16442 16929
16929 13919 16442
13060 5770 25472
5770 13060 25472
25472 5770 13060
18022 3213 8632
3213 8632 18022
8632 3213 18022
7092 17414 26208
26208 7092 17414
17414 7092 26208
19570 13625 25313
25313 13625 19570
13625 19570 25313
8651 9992 23468
23468 8651 9992
9992 8651 23468
21968 3566 18149
3566 18149 21968
18149 3566 21968
24316 3414 8636
3414 8636 24316
8636 3414 24316
12736 26111 26832
26111 12736 26832
26832 12736 26111
22848 2149 4794
4794 2149 22848
2149 4794 22848
28823 18415 20929
20929 18415 28823
18415 20929 28823
16636 9732 15886
9732 15886 16636
15886 9732 16636
15306 13539 16328
13539 15306 16328
16328 13539 15306
5464 2255 6625
6625 2255 5464
2255 5464 6625
20659 18739 24864
24864 18739 20659
18739 20659 24864
8210 13380 23456
23456 8210 13380
13380 8210 23456
10132 2373 28950
2373 10132 28950
28950 2373 10132
1940 19003 26475
19003 1940 26475
26475 1940 19003
10219 9025 9680
9025 9680 10219
9680 9025 10219
18232 3877 12657
12657 3877 18232
3877 12657 18232
27750 1183 8907
8907 1183 27750
1183 8907 27750
13394 3130 7801
7801 3130 13394
3130 7801 13394
2897 22249 29831
29831 2897 22249
22249 2897 29831
6086 9721 28161
9721 6086 28161
28161 6086 9721
10432 293 28713
28713 293 10432
293 10432 28713
10019 16803 29992
29992 10019 16803
16803 10019 29992
15365 8967 29025
29025 8967 15365
8967 15365 29025
7246 18993 19117
18993 7246 19117
19117 7246 18993
220 1047 8840
8840 220 1047
1047 220 8840
1373 3176 21286
21286 1373 3176
3176 1373 21286
11642 16033 16752
16752 11642 16033
16033 11642 16752
19071 6805 7655
7655 6805 19071
6805 7655 19071
16849 5611 26528
26528 5611 16849
5611 16849 26528
29373 2515 3967
2515 3967 29373
3967 2515 29373
11742 15711 18063
18063 11742 15711
15711 11742 18063
2044 1471 24768
24768 1471 2044
1471 2044 24768
13913 6679 8556
8556 6679 13913
6679 8556 13913
24794 224 20409
224 20409 24794
20409 224 24794
20891 1273 27541
1273 20891 27541
27541 1273 20891
27956 8870 9357
8870 9357 27956
9357 8870 27956
15583 24587 25498
25498 15583 24587
24587 15583 25498
28197 23615 27900
27900 23615 28197
23615 27900 28197
4172 251 6903
6903 251 4172
251 4172 6903
17372 10078 13098
10078 13098 17372
13098 10078 17372
9345 11927 21909
21909 9345 11927
11927 9345 21909
29006 14024 21213
21213 14024 29006
14024 21213 29006
16132 28644 28997
28997 16132 28644
28644 16132 28997
3861 3962 25524
3962 3861 25524
25524 3861 3962
41 1818 5046
1818 41 5046
5046 41 1818
26788 25949 26309
26309 25949 26788
25949 26309 26788
17690 6846 14286
14286 6846 17690
6846 14286 17690
15728 2122 27829
2122 15728 27829
27829 2122 15728
21316 3887 11643
3887 11643 21316
11643 3887 21316
3656 1992 6456
6456 1992 3656
1992 3656 6456
12538 2112 24465
24465 2112 12538
2112 12538 24465
13914 2813 29866
29866 2813 13914
2813 13914 29866
2888 18053 25655
25655 2888 18053
18053 2888 25655
26055 6928 7232
7232 6928 26055
6928 7232 26055
22486 16940 29958
16940 22486 29958
29958 16940 22486
16954 6319 15435
6319 15435 16954
15435 6319 16954
6870 3999 12459
12459 3999 6870
3999 6870 12459
25049 1901 14356
1901 14356 25049
14356 1901 25049
16015 8136 25840
25840 8136 16015
8136 16015 25840
3352 9044 18515
18515 3352 9044
9044 3352 18515
29227 13507 27902
27902 13507 29227
13507 27902 29227
28709 6973 8630
8630 6973 28709
6973 8630 28709
258 13899 21664
13899 258 21664
21664 258 13899
15226 7795 26399
7795 15226 26399
26399 7795 15226
2926 11492 12857
12857 2926 11492
11492 2926 12857
12998 14424 18043
18043 12998 14424
14424 12998 18043
18523 6281 25896
6281 18523 25896
25896 6281 18523
14450 26689 29318
26689 14450 29318
29318 14450 26689
29474 15483 27423
15483 27423 29474
27423 15483 29474
8589 7279 9541
7279 8589 9541
9541 7279 8589
23682 4630 14378
4630 14378 23682
14378 4630 23682
27298 5267 18452
18452 5267 27298
5267 18452 27298
16064 5214 23973
23973 5214 16064
5214 16064 23973
11786 19824 24582
19824 11786 24582
24582 11786 19824
192 6841 11938
11938 192 6841
6841 192 11938
402 4748 23172
4748 402 23172
23172 402 4748
8965 7664 16357
16357 7664 8965
7664 8965 16357
23724 7978 12362
12362 7978 23724
7978 12362 23724
14516 3497 3989
3989 3497 14516
3497 3989 14516
13135 9230 20764
9230 13135 20764
20764 9230 13135
1626 14530 19456
14530 1626 19456
19456 1626 14530
18328 15180 24669
15180 18328 24669
24669 15180 18328
17629 3875 22399
22399 3875 17629
3875 17629 22399
12159 1676 2336
2336 1676 12159
1676 2336 12159
22214 6529 16583
16583 6529 22214
6529 16583 22214
29447 10407 29304
29304 10407 29447
10407 29304 29447
759 7702 27146
27146 759 7702
7702 759 27146
16760 5763 12091
12091 5763 16760
5763 12091 16760
3433 15225 29462
15225 3433 29462
29462 3433 15225
29266 1276 11403
11403 1276 29266
1276 11403 29266
13822 9163 29226
29226 9163 13822
9163 13822 29226
17796 1733 13451
13451 1733 17796
1733 13451 17796
13445 420 971
971 420 13445
420 971 13445
17957 7022 12704
7022 12704 17957
12704 7022 17957
22377 10621 26011
26011 10621 22377
10621 22377 26011
8532 8159 21073
21073 8159 8532
8159 8532 21073
11348 3986 25064
3986 11348 25064
25064 3986 11348
10934 3434 19453
3434 10934 19453
19453 3434 10934
17669 19669 26390
26390 17669 19669
19669 17669 26390
28455 12144 29721
12144 28455 29721
29721 12144 28455
7243 1283 21691
21691 1283 7243
1283 7243 21691
1895 26680 29225
26680 1895 29225
29225 1895 26680
5509 7202 7556
7202 5509 7556
7556 5509 7202
21445 14600 22852
22852 14600 21445
14600 21445 22852
5346 2462 4033
2462 4033 5346
4033 2462 5346
20860 9559 25298
9559 20860 25298
25298 9559 20860
24612 21544 25304
25304 21544 24612
21544 24612 25304
1432 5821 22286
5821 1432 22286
22286 1432 5821
10250 2105 23822
2105 10250 23822
23822 2105 10250
7683 25148 26316
26316 7683 25148
25148 7683 26316
6557 16321 18345
18345 6557 16321
16321 6557 18345
7481 2705 19180
2705 7481 19180
19180 2705 7481
28984 5400 21852
21852 5400 28984
5400 21852 28984
24514 18847 20831
20831 18847 24514
18847 20831 24514
11723 4687 10578
10578 4687 11723
4687 10578 11723
14720 5524 6080
5524 6080 14720
6080 5524 14720
14162 19327 28662
28662 14162 19327
19327 14162 28662
2177 20630 21341
20630 2177 21341
21341 2177 20630
15019 19132 21474
19132 15019 21474
21474 15019 19132
24573 650 25935
650 24573 25935
25935 650 24573
20052 1985 16242
1985 16242 20052
