879 1016 2980
2980 879 1016
1016 879 2980
416 804 1118
804 416 1118
1118 416 804
689 1687 2975
2975 689 1687
1687 689 2975
926 866 1763
1763 866 926
866 926 1763
2314 966 2670
966 2314 2670
2670 966 2314
1174 2095 2498
2498 1174 2095
2095 1174 2498
1730 618 1128
618 1128 1730
1128 618 1730
2364 790 1951
790 1951 2364
1951 790 2364
1667 79 1507
1507 79 1667
79 1507 1667
1750 423 2885
423 1750 2885
2885 423 1750
2219 1156 2552
1156 2219 2552
2552 1156 2219
1973 756 2558
756 1973 2558
2558 756 1973
1819 418 1121
418 1121 1819
1121 418 1819
2256 1279 2264
1279 2256 2264
2264 1279 2256
2928 635 2319
635 2319 2928
2319 635 2928
2055 2817 2944
2944 2055 2817
2817 2055 2944
42 2162 2716
2716 42 2162
2162 42 2716
739 950 1605
950 739 1605
1605 739 950
77 102 2106
102 77 2106
2106 77 102
1464 1716 1903
1716 1464 1903
1903 1464 1716
598 249 1264
1264 249 598
249 598 1264
2833 480 1496
1496 480 2833
480 1496 2833
1398 1194 2560
2560 1194 1398
1194 1398 2560
544 136 1672
136 544 1672
1672 136 544
2935 2732 2823
2732 2823 2935
2823 2732 2935
2815 528 536
536 528 2815
528 536 2815
409 186 2115
2115 186 409
186 409 2115
1138 1160 2740
2740 1138 1160
1160 1138 2740
2306 931 2959
2959 931 2306
931 2306 2959
2522 1357 2014
1357 2014 2522
2014 1357 2522
417 1113 1494
1494 417 1113
1113 417 1494
1807 829 1534
1534 829 1807
829 1534 1807
1253 1508 1816
1508 1253 1816
1816 1253 1508
2100 234 2754
234 2100 2754
2754 234 2100
50 415 1104
1104 50 415
415 50 1104
797 614 1884
1884 614 797
614 797 1884
1497 643 1697
1697 643 1497
643 1497 1697
956 1565 2502
2502 956 1565
1565 956 2502
935 449 660
660 449 935
449 660 935
2989 862 2999
2999 862 2989
862 2989 2999
195 892 2413
2413 195 892
892 195 2413
1315 513 2134
2134 513 1315
513 1315 2134
1550 1015 1745
1745 1015 1550
1015 1550 1745
1058 517 2449
2449 517 1058
517 1058 2449
1743 410 1012
1012 410 1743
410 1012 1743
819 560 1186
560 819 1186
1186 560 819
1310 780 1670
1670 780 1310
780 1310 1670
2864 523 1196
523 1196 2864
1196 523 2864
1046 280 395
395 280 1046
280 395 1046
1805 302 1772
1772 302 1805
302 1772 1805
1366 98 1765
98 1366 1765
1765 98 1366
832 213 441
213 441 832
441 213 832
932 270 1668
1668 270 932
270 932 1668
2741 2225 2447
2447 2225 2741
2225 2447 2741
2923 1455 2494
2494 1455 2923
1455 2494 2923
1537 1659 2204
2204 1537 1659
1659 1537 2204
2069 720 2894
720 2069 2894
2894 720 2069
1892 1771 2599
2599 1771 1892
1771 1892 2599
2900 36 1145
36 1145 2900
1145 36 2900
1744 468 1642
1642 468 1744
468 1642 1744
437 474 898
898 437 474
474 437 898
2745 2603 2672
2603 2672 2745
2672 2603 2745
2040 1270 1350
1270 1350 2040
1350 1270 2040
56 1424 1930
1930 56 1424
1424 56 1930
1039 96 2170
2170 96 1039
96 1039 2170
303 482 1987
1987 303 482
482 303 1987
216 1855 2208
2208 216 1855
1855 216 2208
1374 207 549
207 549 1374
549 207 1374
2623 564 768
768 564 2623
564 768 2623
95 1608 2786
1608 95 2786
2786 95 1608
2171 295 1444
1444 295 2171
295 1444 2171
304 122 1074
122 304 1074
1074 122 304
934 1544 2223
2223 934 1544
1544 934 2223
2585 498 1732
498 1732 2585
1732 498 2585
1438 1663 2476
1663 1438 2476
2476 1438 1663
848 1175 2080
1175 848 2080
2080 848 1175
2971 576 2595
2595 576 2971
576 2595 2971
2485 1615 2656
1615 2485 2656
2656 1615 2485
996 58 2760
58 996 2760
2760 58 996
2669 1166 1385
1166 1385 2669
1385 1166 2669
29 76 378
76 29 378
378 29 76
707 2663 2676
2676 707 2663
2663 707 2676
2984 2268 2415
2268 2415 2984
2415 2268 2984
1019 251 1673
251 1019 1673
1673 251 1019
2872 267 358
267 358 2872
358 267 2872
488 2122 2516
2122 488 2516
2516 488 2122
1598 1032 2461
1032 1598 2461
2461 1032 1598
1794 373 428
373 428 1794
428 373 1794
1883 201 1325
201 1325 1883
1325 201 1883
1159 2050 2783
2050 1159 2783
2783 1159 2050
372 2518 2844
2844 372 2518
2518 372 2844
1327 1873 2395
1873 1327 2395
2395 1327 1873
2914 853 2375
2375 853 2914
853 2375 2914
2440 563 2366
563 2366 2440
2366 563 2440
1343 2021 2250
2250 1343 2021
2021 1343 2250
2006 891 2188
891 2006 2188
2188 891 2006
1073 1031 1471
1471 1031 1073
1031 1073 1471
1395 1442 2749
2749 1395 1442
1442 1395 2749
2060 322 870
870 322 2060
322 870 2060
2062 622 2657
2657 622 2062
622 2062 2657
65 2771 2918
2918 65 2771
2771 65 2918
1519 886 1095
1095 886 1519
886 1095 1519
1938 2374 2652
2374 1938 2652
2652 1938 2374
454 1739 1871
1739 454 1871
1871 454 1739
1602 81 2289
2289 81 1602
81 1602 2289
1436 1634 2576
2576 1436 1634
1634 1436 2576
1641 611 839
611 839 1641
839 611 1641
1216 1208 2169
1208 1216 2169
2169 1208 1216
2330 396 1677
1677 396 2330
396 1677 2330
1038 733 2556
2556 733 1038
733 1038 2556
681 230 2210
2210 230 681
230 681 2210
1116 68 2296
68 1116 2296
2296 68 1116
2165 2346 2557
2346 2165 2557
2557 2165 2346
2532 572 1045
1045 572 2532
572 1045 2532
2660 1087 2763
2763 1087 2660
1087 2660 2763
2152 2133 2587
2587 2133 2152
2133 2152 2587
319 1748 2337
2337 319 1748
1748 319 2337
2074 1735 2805
1735 2074 2805
2805 1735 2074
2304 667 1646
1646 667 2304
667 1646 2304
1224 1284 2735
1284 1224 2735
2735 1224 1284
1101 300 1064
1064 300 1101
300 1064 1101
318 1664 2583
1664 318 2583
2583 318 1664
2112 1477 1710
1477 1710 2112
1710 1477 2112
1408 1119 1699
1119 1408 1699
1699 1119 1408
1680 1640 2480
2480 1640 1680
1640 1680 2480
1341 83 2182
83 1341 2182
2182 83 1341
653 714 2272
2272 653 714
714 653 2272
889 333 2161
333 889 2161
2161 333 889
1835 21 355
355 21 1835
21 355 1835
2960 652 1694
652 1694 2960
1694 652 2960
1323 1262 1956
1956 1262 1323
1262 1323 1956
1681 2101 2890
2890 1681 2101
2101 1681 2890
665 1463 2519
2519 665 1463
1463 665 2519
490 184 1339
184 490 1339
1339 184 490
695 1313 1757
1757 695 1313
1313 695 1757
1456 893 1000
1000 893 1456
893 1000 1456
89 349 2173
349 89 2173
2173 89 349
496 1554 2996
2996 496 1554
1554 496 2996
920 285 722
722 285 920
285 722 920
436 1469 1856
1469 436 1856
1856 436 1469
2886 276 637
637 276 2886
276 637 2886
744 1589 2839
2839 744 1589
1589 744 2839
1959 648 1432
1432 648 1959
648 1432 1959
1980 257 929
257 929 1980
929 257 1980
811 1523 2420
1523 811 2420
2420 811 1523
1282 806 887
806 887 1282
887 806 1282
534 1204 2731
1204 534 2731
2731 534 1204
2780 163 2821
163 2780 2821
2821 163 2780
808 183 2088
2088 183 808
183 808 2088
2156 151 751
751 151 2156
151 751 2156
1967 583 1775
1775 583 1967
583 1775 1967
2373 1912 2807
2807 1912 2373
1912 2373 2807
307 1353 1619
1353 307 1619
1619 307 1353
2053 1633 2877
2877 1633 2053
1633 2053 2877
2026 679 1394
679 1394 2026
1394 679 2026
2255 506 1149
1149 506 2255
506 1149 2255
559 107 1387
1387 107 559
107 559 1387
425 1047 2457
1047 425 2457
2457 425 1047
2704 827 1940
1940 827 2704
827 1940 2704
2634 2514 2785
2514 2634 2785
2785 2514 2634
1522 1460 1620
1620 1460 1522
1460 1522 1620
2142 2222 2961
2961 2142 2222
2222 2142 2961
485 99 823
823 99 485
99 485 823
2229 532 1950
532 1950 2229
1950 532 2229
1346 1304 2411
1304 1346 2411
2411 1304 1346
226 786 2813
786 226 2813
2813 226 786
2458 379 1610
1610 379 2458
379 1610 2458
2879 483 2526
483 2526 2879
2526 483 2879
2313 2083 2137
2083 2137 2313
2137 2083 2313
901 356 2705
2705 356 901
356 901 2705
1585 726 2665
2665 726 1585
726 1585 2665
1766 961 2298
2298 961 1766
961 1766 2298
25 457 2908
457 25 2908
2908 25 457
781 1330 2598
1330 781 2598
2598 781 1330
2881 426 1727
426 1727 2881
1727 426 2881
1657 868 2767
868 1657 2767
2767 868 1657
815 181 2262
181 815 2262
2262 181 815
1426 2087 2582
2087 1426 2582
2582 1426 2087
87 1020 1103
1020 87 1103
1103 87 1020
2116 960 1591
960 1591 2116
1591 960 2116
389 2000 2862
2862 389 2000
2000 389 2862
1596 1294 2755
1294 1596 2755
2755 1294 1596
2726 341 1781
341 1781 2726
1781 341 2726
1129 1078 2138
1078 1129 2138
2138 1078 1129
142 989 1981
989 142 1981
1981 142 989
1945 1939 2051
1939 1945 2051
2051 1939 1945
2281 179 1998
1998 179 2281
179 1998 2281
2698 2291 2423
2291 2423 2698
2423 2291 2698
2317 1728 2947
1728 2317 2947
2947 1728 2317
1176 1287 1639
1287 1176 1639
1639 1176 1287
1514 606 1989
606 1514 1989
1989 606 1514
2629 117 2099
2099 117 2629
117 2099 2629
114 20 2253
2253 20 114
20 114 2253
2391 921 1797
1797 921 2391
921 1797 2391
1434 2075 2936
2936 1434 2075
2075 1434 2936
1985 1076 2371
2371 1076 1985
1076 1985 2371
903 2117 2858
2117 903 2858
2858 903 2117
2285 298 1010
298 1010 2285
1010 298 2285
297 1337 2911
2911 297 1337
1337 297 2911
2412 239 644
644 239 2412
239 644 2412
1157 376 2551
376 1157 2551
2551 376 1157
1625 462 682
682 462 1625
462 682 1625
210 427 2146
427 210 2146
2146 210 427
232 1564 2427
1564 232 2427
2427 232 1564
1784 1332 2422
1332 1784 2422
2422 1332 1784
531 1461 1648
1461 531 1648
1648 531 1461
1392 557 2435
557 1392 2435
2435 557 1392
1200 1305 2531
1305 1200 2531
2531 1200 1305
40 548 2238
548 40 2238
2238 40 548
2649 1671 1698
1671 1698 2649
1698 1671 2649
877 306 471
306 471 877
471 306 877
475 299 1001
299 475 1001
1001 299 475
647 290 359
290 359 647
359 290 647
1637 2077 2573
2077 1637 2573
2573 1637 2077
1700 541 1957
541 1700 1957
1957 541 1700
60 527 840
527 60 840
840 60 527
2277 745 1562
745 1562 2277
1562 745 2277
1948 717 1684
717 1684 1948
1684 717 1948
2196 1190 1825
1190 1825 2196
1825 1190 2196
994 520 2418
2418 520 994
520 994 2418
2414 1563 2474
2474 1563 2414
1563 2414 2474
1880 86 885
86 885 1880
885 86 1880
49 712 1705
1705 49 712
712 49 1705
2757 1708 2810
1708 2757 2810
2810 1708 2757
952 535 1990
1990 535 952
535 952 1990
2399 2004 2945
2004 2399 2945
2945 2004 2399
693 2379 2383
2383 693 2379
2379 693 2383
1803 388 2619
2619 388 1803
388 1803 2619
2659 666 1887
1887 666 2659
666 1887 2659
305 139 1706
139 305 1706
1706 139 305
2685 2002 2729
2002 2685 2729
2729 2002 2685
2631 963 2958
963 2631 2958
2958 963 2631
987 2126 2728
2728 987 2126
2126 987 2728
1661 381 1963
1963 381 1661
381 1661 1963
1141 1487 2433
1487 1141 2433
2433 1141 1487
465 1758 1878
1878 465 1758
1758 465 1878
1811 1169 2209
1169 1811 2209
2209 1169 1811
1187 85 1802
1802 85 1187
85 1187 1802
2023 631 1359
1359 631 2023
631 1359 2023
420 206 1666
206 420 1666
1666 206 420
1971 323 2464
323 1971 2464
2464 323 1971
167 1184 2368
1184 167 2368
2368 167 1184
59 716 1479
1479 59 716
716 59 1479
2809 1650 2753
2753 1650 2809
1650 2753 2809
153 766 837
766 153 837
837 153 766
1135 260 1932
260 1135 1932
1932 260 1135
789 727 2318
2318 727 789
727 789 2318
1689 152 2131
152 1689 2131
2131 152 1689
1515 93 463
463 93 1515
93 463 1515
2278 999 2566
999 2278 2566
2566 999 2278
2444 266 1795
1795 266 2444
266 1795 2444
2641 1280 1847
1847 1280 2641
1280 1847 2641
2005 364 2036
2036 364 2005
364 2005 2036
943 2147 2540
2540 943 2147
2147 943 2540
2465 1316 2759
1316 2465 2759
2759 1316 2465
1454 1335 2803
2803 1335 1454
1335 1454 2803
1266 664 2284
2284 664 1266
664 1266 2284
814 1539 2695
2695 814 1539
1539 814 2695
2410 894 1222
894 1222 2410
1222 894 2410
995 1006 1482
1006 995 1482
1482 995 1006
1427 1720 2483
1720 1427 2483
2483 1427 1720
458 1713 2071
2071 458 1713
1713 458 2071
2734 348 530
348 530 2734
530 348 2734
204 2568 2703
2703 204 2568
2568 204 2703
1571 1227 2130
1227 1571 2130
2130 1227 1571
2854 451 860
860 451 2854
451 860 2854
354 160 2235
160 354 2235
2235 160 354
1105 1556 2297
2297 1105 1556
1556 1105 2297
1425 1239 2326
2326 1239 1425
1239 1425 2326
2846 880 1466
880 1466 2846
1466 880 2846
345 732 1082
1082 345 732
732 345 1082
1760 256 2882
256 1760 2882
2882 256 1760
587 33 661
661 33 587
33 587 661
386 1536 1649
1649 386 1536
1536 386 1649
822 242 1023
242 822 1023
1023 242 822
54 1331 1691
1691 54 1331
1331 54 1691
1378 1490 1715
1715 1378 1490
1490 1378 1715
421 1551 2154
2154 421 1551
1551 421 2154
1285 578 1226
578 1226 1285
1226 578 1285
705 188 314
188 314 705
314 188 705
1976 1193 2974
2974 1193 1976
1193 1976 2974
663 1472 1997
1472 663 1997
1997 663 1472
1731 884 2537
2537 884 1731
884 1731 2537
1303 1558 1609
1558 1303 1609
1609 1303 1558
2426 1072 1271
1271 1072 2426
1072 1271 2426
497 1458 2527
2527 497 1458
1458 497 2527
2098 710 2640
710 2098 2640
2640 710 2098
2727 80 131
131 80 2727
80 131 2727
1961 440 856
440 856 1961
856 440 1961
573 327 1752
1752 327 573
327 573 1752
1431 156 2259
156 1431 2259
2259 156 1431
2155 1692 1862
1692 1862 2155
1862 1692 2155
711 690 791
690 711 791
791 690 711
1201 2067 2119
2119 1201 2067
2067 1201 2119
1733 1597 1852
1597 1733 1852
1852 1597 1733
1888 997 1510
1510 997 1888
997 1510 1888
221 1277 2012
2012 221 1277
1277 221 2012
109 296 1002
296 109 1002
1002 109 296
125 493 1261
493 125 1261
1261 125 493
942 1756 2724
1756 942 2724
2724 942 1756
979 219 1278
1278 219 979
219 979 1278
1922 2400 2835
2400 1922 2835
2835 1922 2400
1580 494 2081
2081 494 1580
494 1580 2081
1215 2258 2991
2991 1215 2258
2258 1215 2991
1320 1902 2548
1902 1320 2548
2548 1320 1902
595 1358 2455
2455 595 1358
1358 595 2455
2596 38 2982
2982 38 2596
38 2596 2982
1449 309 1898
309 1449 1898
1898 309 1449
1709 729 2931
2931 729 1709
729 1709 2931
397 1440 2343
1440 397 2343
2343 397 1440
2261 1870 2927
2927 1870 2261
1870 2261 2927
1849 580 2567
2567 580 1849
580 1849 2567
1774 703 2841
703 1774 2841
2841 703 1774
2227 175 2403
2403 175 2227
175 2227 2403
2404 476 2907
476 2404 2907
2907 476 2404
623 1833 2774
2774 623 1833
1833 623 2774
540 218 2647
2647 218 540
218 540 2647
1231 1944 2431
1944 1231 2431
2431 1231 1944
2311 334 1921
334 1921 2311
1921 334 2311
1836 1612 2722
1612 1836 2722
2722 1612 1836
2648 1726 2510
2510 1726 2648
1726 2510 2648
802 2007 2387
2007 802 2387
2387 802 2007
1543 281 1777
1777 281 1543
281 1543 1777
1259 317 2260
2260 317 1259
317 1259 2260
764 1027 1790
1790 764 1027
1027 764 1790
2120 229 1834
229 1834 2120
1834 229 2120
775 12 2769
12 775 2769
2769 12 775
1481 2008 2866
2008 1481 2866
2866 1481 2008
1188 27 2417
2417 27 1188
27 1188 2417
1916 1147 2492
1147 1916 2492
2492 1147 1916
1628 414 1969
1969 414 1628
414 1628 1969
2979 1229 2902
2902 1229 2979
1229 2902 2979
1035 158 1234
1234 158 1035
158 1035 1234
1125 1611 2025
2025 1125 1611
1611 1125 2025
274 150 537
150 274 537
537 150 274
2174 2386 2773
2773 2174 2386
2386 2174 2773
2714 1524 2811
1524 2714 2811
2811 1524 2714
978 968 1041
1041 968 978
968 978 1041
2467 805 2011
2011 805 2467
805 2011 2467
1322 1120 2873
2873 1120 1322
1120 1322 2873
2544 875 1734
1734 875 2544
875 1734 2544
1832 1110 1326
1110 1326 1832
1326 1110 1832
222 2097 2621
2621 222 2097
2097 222 2621
104 2037 2761
2037 104 2761
2761 104 2037
1541 162 2655
162 1541 2655
2655 162 1541
1645 331 601
331 601 1645
601 331 1645
171 807 1893
1893 171 807
807 171 1893
433 284 1875
284 433 1875
1875 284 433
448 90 487
90 448 487
487 90 448
2507 1106 1167
1106 1167 2507
1167 1106 2507
2200 2145 2466
2466 2145 2200
2145 2200 2466
923 538 787
538 787 923
787 538 923
2883 63 909
909 63 2883
63 909 2883
2451 749 2327
2327 749 2451
749 2327 2451
1077 632 2658
2658 632 1077
632 1077 2658
1721 1761 2416
2416 1721 1761
1761 1721 2416
574 371 2922
371 574 2922
2922 371 574
2360 18 697
18 697 2360
697 18 2360
2542 1238 2575
2575 1238 2542
1238 2542 2575
1199 2153 2806
2153 1199 2806
2806 1199 2153
478 272 1559
1559 272 478
272 478 1559
1351 1079 1158
1079 1158 1351
1158 1079 1351
2860 1837 2678
1837 2678 2860
2678 1837 2860
556 1439 2593
1439 556 2593
2593 556 1439
959 2082 2700
2700 959 2082
2082 959 2700
2220 340 750
340 750 2220
750 340 2220
1896 747 2044
747 1896 2044
2044 747 1896
2396 1532 2172
1532 2172 2396
2172 1532 2396
630 851 2352
851 630 2352
2352 630 851
2359 1402 1529
1529 1402 2359
1402 1529 2359
1004 9 113
113 9 1004
9 113 1004
2046 577 2096
577 2046 2096
2096 577 2046
876 890 1858
1858 876 890
890 876 1858
2425 734 2681
2681 734 2425
734 2425 2681
1937 521 1430
521 1430 1937
1430 521 1937
48 2017 2988
2017 48 2988
2988 48 2017
2348 450 1686
1686 450 2348
450 1686 2348
2280 52 2402
2402 52 2280
52 2280 2402
377 103 382
382 103 377
103 377 382
1318 1228 2538
1228 1318 2538
2538 1228 1318
2642 2857 2942
2857 2642 2942
2942 2642 2857
1254 2528 2748
2748 1254 2528
2528 1254 2748
19 335 2511
335 19 2511
2511 19 335
2354 1319 2353
1319 2353 2354
2353 1319 2354
2772 2228 2577
2228 2577 2772
2577 2228 2772
2876 254 1942
254 1942 2876
1942 254 2876
2892 1172 1897
1172 1897 2892
1897 1172 2892
2992 1988 2680
2680 1988 2992
1988 2680 2992
224 2048 2687
2687 224 2048
2048 224 2687
2024 133 1624
1624 133 2024
133 1624 2024
2054 357 2114
357 2054 2114
2114 357 2054
1909 735 854
735 854 1909
854 735 1909
1493 1962 2990
2990 1493 1962
1962 1493 2990
2781 778 2964
2964 778 2781
778 2781 2964
2709 2300 2834
2300 2709 2834
2834 2300 2709
1914 453 2645
453 1914 2645
2645 453 1914
164 2157 2739
2157 164 2739
2739 164 2157
1309 1652 2321
2321 1309 1652
1652 1309 2321
110 264 2758
2758 110 264
264 110 2758
2121 1773 2132
1773 2121 2132
2132 1773 2121
235 715 1924
1924 235 715
715 235 1924
346 2181 2861
2861 346 2181
2181 346 2861
1492 1206 2249
1206 1492 2249
2249 1206 1492
1638 283 2185
2185 283 1638
283 1638 2185
2633 2345 2473
2345 2473 2633
2473 2345 2633
332 936 1647
1647 332 936
936 332 1647
405 1080 1908
1908 405 1080
1080 405 1908
2579 1581 2550
1581 2550 2579
2550 1581 2579
2600 422 1741
1741 422 2600
422 1741 2600
2139 39 2351
39 2139 2351
2351 39 2139
138 144 1769
1769 138 144
144 138 1769
2924 2178 2332
2332 2178 2924
2178 2332 2924
1578 2199 2679
2679 1578 2199
2199 1578 2679
2797 1423 2901
1423 2797 2901
2901 1423 2797
13 1391 1810
1810 13 1391
1391 13 1810
157 1764 2151
2151 157 1764
1764 157 2151
841 192 725
192 725 841
725 192 841
286 1289 2428
2428 286 1289
1289 286 2428
106 568 1344
1344 106 568
568 106 1344
464 473 1195
1195 464 473
473 464 1195
1489 512 824
824 512 1489
512 824 1489
510 255 1144
1144 255 510
255 510 1144
246 529 2363
2363 246 529
529 246 2363
591 265 1230
265 591 1230
1230 265 591
2320 1895 2845
1895 2320 2845
2845 1895 2320
460 740 977
977 460 740
740 460 977
1102 539 2738
2738 539 1102
539 1102 2738
2776 1368 1812
1812 1368 2776
1368 1812 2776
1561 288 1446
288 1446 1561
1446 288 1561
2983 553 1241
553 1241 2983
1241 553 2983
2486 492 2970
2970 492 2486
492 2486 2970
2677 8 62
62 8 2677
8 62 2677
2569 2267 2482
2267 2482 2569
2482 2267 2569
1778 329 873
873 329 1778
329 873 1778
2110 231 1457
1457 231 2110
231 1457 2110
1181 271 2459
2459 271 1181
271 1181 2459
211 11 2690
2690 11 211
11 211 2690
2597 519 2022
2022 519 2597
519 2022 2597
825 965 2712
2712 825 965
965 825 2712
2342 863 1500
1500 863 2342
863 1500 2342
1005 2187 2513
2513 1005 2187
2187 1005 2513
187 1804 2962
1804 187 2962
2962 187 1804
1017 728 1928
728 1017 1928
1928 728 1017
477 1546 2955
2955 477 1546
1546 477 2955
779 1913 2639
2639 779 1913
1913 779 2639
1342 588 1450
588 1342 1450
1450 588 1342
1857 940 2301
2301 940 1857
940 1857 2301
708 730 1272
730 708 1272
1272 708 730
608 1075 2218
2218 608 1075
1075 608 2218
1738 1355 2667
2667 1355 1738
1355 1738 2667
2065 2192 2299
2192 2065 2299
2299 2065 2192
1014 1693 2778
2778 1014 1693
1693 1014 2778
2830 1636 2406
1636 2406 2830
2406 1636 2830
2916 566 2118
2118 566 2916
566 2118 2916
2691 31 736
736 31 2691
31 736 2691
2608 2445 2762
2445 2608 2762
2762 2445 2608
1979 1300 2570
1300 1979 2570
2570 1300 1979
70 1604 2949
2949 70 1604
1604 70 2949
981 998 2380
2380 981 998
998 981 2380
1999 233 1586
1586 233 1999
233 1586 1999
289 137 702
702 137 289
137 289 702
2920 461 655
655 461 2920
461 655 2920
1669 1067 1122
1122 1067 1669
1067 1122 1669
554 906 1975
906 554 1975
1975 554 906
2646 419 975
975 419 2646
419 975 2646
2269 1445 2183
2183 1445 2269
1445 2183 2269
783 362 2160
2160 362 783
362 783 2160
1722 1531 2085
2085 1531 1722
1531 1722 2085
2394 672 1453
1453 672 2394
672 1453 2394
861 1237 2951
1237 861 2951
2951 861 1237
2195 1428 1618
1618 1428 2195
1428 1618 2195
818 53 1542
1542 53 818
53 818 1542
1846 1299 1334
1334 1299 1846
1299 1334 1846
2358 67 1283
1283 67 2358
67 1283 2358
469 1970 2113
1970 469 2113
2113 469 1970
406 1066 1437
1437 406 1066
1066 406 1437
918 94 810
94 810 918
810 94 918
2240 509 2241
2241 509 2240
509 2240 2241
1701 1356 2175
2175 1356 1701
1356 1701 2175
1126 650 1788
650 1126 1788
1788 650 1126
1296 1495 1499
1499 1296 1495
1495 1296 1499
1056 562 1724
562 1056 1724
1724 562 1056
1429 567 2244
567 1429 2244
2244 567 1429
547 1265 2232
2232 547 1265
1265 547 2232
1211 1416 2590
1416 1211 2590
2590 1211 1416
2592 1083 1441
1441 1083 2592
1083 1441 2592
470 1660 2068
1660 470 2068
2068 470 1660
1755 196 205
196 205 1755
205 196 1755
1703 1776 1813
1776 1703 1813
1813 1703 1776
2279 1754 2488
1754 2279 2488
2488 1754 2279
542 1009 1242
1242 542 1009
1009 542 1242
752 639 2717
2717 639 752
639 752 2717
215 1131 1594
1594 215 1131
1131 215 1594
1091 320 1164
320 1091 1164
1164 320 1091
1003 1853 2239
1853 1003 2239
2239 1003 1853
1377 169 1753
1753 169 1377
169 1377 1753
602 118 1547
118 602 1547
1547 118 602
788 411 1132
1132 411 788
411 788 1132
97 212 1162
1162 97 212
212 97 1162
1736 2622 2825
2825 1736 2622
2622 1736 2825
1247 2523 2613
2613 1247 2523
2523 1247 2613
1044 1117 2303
1117 1044 2303
2303 1044 1117
2217 1127 1786
1786 1127 2217
1127 1786 2217
2 1214 2968
2968 2 1214
1214 2 2968
2302 1260 2034
2034 1260 2302
1260 2034 2302
2533 1051 1789
1789 1051 2533
1051 1789 2533
455 2355 2468
2468 455 2355
2355 455 2468
656 61 500
500 61 656
61 500 656
724 1063 2477
2477 724 1063
1063 724 2477
446 904 1447
904 446 1447
1447 446 904
743 1486 1822
1822 743 1486
1486 743 1822
985 128 1345
128 985 1345
1345 128 985
342 1826 1872
1826 342 1872
1872 342 1826
2662 1683 2787
2787 1683 2662
1683 2662 2787
400 2245 2952
2952 400 2245
2245 400 2952
120 2325 2816
2325 120 2816
2816 120 2325
2777 1665 2233
2233 1665 2777
1665 2233 2777
938 2316 2617
2617 938 2316
2316 938 2617
2718 141 1251
141 1251 2718
1251 141 2718
2013 367 699
367 699 2013
699 367 2013
1588 2462 2875
2875 1588 2462
2462 1588 2875
2407 241 2176
241 2176 2407
2176 241 2407
1502 261 1400
1400 261 1502
261 1400 1502
2441 1281 2506
1281 2441 2506
2506 1281 2441
2954 1314 2274
2274 1314 2954
1314 2274 2954
2978 638 2957
638 2957 2978
2957 638 2978
1954 800 1516
800 1516 1954
1516 800 1954
593 2064 2561
2561 593 2064
2064 593 2561
2059 2039 2305
2039 2059 2305
2305 2039 2059
1365 2870 2909
2909 1365 2870
2870 1365 2909
1474 370 1255
1255 370 1474
370 1255 1474
1503 1725 2453
2453 1503 1725
1725 1503 2453
845 259 677
259 677 845
677 259 845
258 2149 2463
2149 258 2463
2463 258 2149
869 291 1533
1533 291 869
291 869 1533
2654 1577 1958
1958 1577 2654
1577 1958 2654
1026 34 2539
34 1026 2539
2539 34 1026
2751 1130 2713
1130 2713 2751
2713 1130 2751
610 434 1040
434 610 1040
1040 434 610
612 1848 2020
1848 612 2020
2020 612 1848
668 1171 2948
2948 668 1171
1171 668 2948
2035 84 511
84 511 2035
511 84 2035
2031 1115 2254
2254 1115 2031
1115 2031 2254
155 2030 2541
2030 155 2541
2541 155 2030
2546 761 1936
761 1936 2546
1936 761 2546
73 991 2063
991 73 2063
2063 73 991
2471 55 1512
55 1512 2471
1512 55 2471
2356 1742 1791
1791 1742 2356
1742 1791 2356
773 1838 1941
1941 773 1838
1838 773 1941
1328 2586 2790
2586 1328 2790
2790 1328 2586
1148 831 1800
1800 831 1148
831 1148 1800
1011 1252 1307
1307 1011 1252
1252 1011 1307
394 545 1905
545 394 1905
1905 394 545
1528 2701 2766
2701 1528 2766
2766 1528 2701
2977 857 2650
2650 857 2977
857 2650 2977
2003 435 2752
2752 435 2003
435 2003 2752
2535 1168 2696
2696 1168 2535
1168 2535 2696
253 32 971
971 32 253
32 253 971
658 586 2409
586 658 2409
2409 586 658
100 1569 1707
1569 100 1707
1707 100 1569
2432 1854 2946
2946 1854 2432
1854 2432 2946
1037 413 911
911 413 1037
413 911 1037
2707 1018 1864
1864 1018 2707
1018 1864 2707
2009 1210 1240
1240 1210 2009
1210 1240 2009
2644 1475 2743
2743 1475 2644
1475 2644 2743
438 1197 2282
2282 438 1197
1197 438 2282
1574 850 2207
2207 850 1574
850 1574 2207
1243 949 1817
949 1243 1817
1817 949 1243
1737 316 2436
316 1737 2436
2436 316 1737
338 1212 1827
1212 338 1827
1827 338 1212
2372 1635 2390
1635 2372 2390
2390 1635 2372
673 445 1382
445 673 1382
1382 445 673
1480 1459 2814
1459 1480 2814
2814 1459 1480
2288 882 1221
882 1221 2288
1221 882 2288
1607 2308 2878
2878 1607 2308
2308 1607 2878
1824 491 2742
2742 491 1824
491 1824 2742
1622 600 1065
600 1065 1622
1065 600 1622
2543 223 407
223 407 2543
407 223 2543
852 308 2832
2832 308 852
308 852 2832
795 1953 2276
1953 795 2276
2276 795 1953
2430 817 859
859 817 2430
817 859 2430
1338 315 2737
2737 315 1338
315 1338 2737
759 1796 1894
1796 759 1894
1894 759 1796
1723 1134 2194
2194 1134 1723
1134 1723 2194
1217 1244 1256
1244 1217 1256
1256 1217 1244
2378 917 2336
917 2336 2378
2336 917 2378
2469 1910 2479
2479 1910 2469
1910 2469 2479
1590 616 1370
616 1370 1590
1370 616 1590
2865 858 2829
2829 858 2865
858 2829 2865
1841 2534 2584
2534 1841 2584
2584 1841 2534
755 190 954
190 755 954
954 190 755
1798 1517 2589
1517 1798 2589
2589 1517 1798
1675 1780 2424
1780 1675 2424
2424 1675 1780
1235 143 1978
143 1235 1978
1978 143 1235
1354 524 763
524 763 1354
763 524 1354
442 604 2770
604 442 2770
2770 442 604
161 687 1275
1275 161 687
687 161 1275
1573 191 1465
1465 191 1573
191 1465 1573
351 883 1182
883 351 1182
1182 351 883
1843 505 659
505 659 1843
659 505 1843
738 1301 2601
1301 738 2601
2601 738 1301
1155 844 2591
2591 844 1155
844 1155 2591
1885 782 1509
782 1509 1885
1509 782 1885
1504 2028 2994
2994 1504 2028
2028 1504 2994
915 197 1904
197 915 1904
1904 197 915
1373 1267 2602
2602 1267 1373
1267 1373 2602
278 1140 1868
1868 278 1140
1140 278 1868
7 798 2517
798 7 2517
2517 7 798
472 2490 2847
2847 472 2490
2490 472 2847
2329 691 1269
691 1269 2329
1269 691 2329
1286 1034 1268
1268 1034 1286
1034 1268 1286
1028 1108 2625
2625 1028 1108
1108 1028 2625
2842 499 2859
2859 499 2842
499 2842 2859
628 1380 2730
1380 628 2730
2730 628 1380
1579 1918 2292
1918 1579 2292
2292 1579 1918
849 74 1180
1180 74 849
74 849 1180
1396 279 1161
1161 279 1396
279 1161 1396
2895 2628 2733
2733 2628 2895
2628 2733 2895
2197 585 1124
585 1124 2197
1124 585 2197
2086 2688 2699
2699 2086 2688
2688 2086 2699
565 172 236
236 172 565
172 236 565
988 361 1792
1792 361 988
361 988 1792
646 1407 1785
1785 646 1407
1407 646 1785
1749 865 1960
865 1749 1960
1960 865 1749
78 1535 2609
2609 78 1535
1535 78 2609
185 719 1614
1614 185 719
719 185 1614
1048 173 1759
1759 173 1048
173 1048 1759
757 2016 2214
2214 757 2016
2016 757 2214
2333 1097 2896
2896 1097 2333
1097 2333 2896
2243 1718 2664
1718 2243 2664
2664 1718 2243
2242 227 2747
2747 227 2242
227 2242 2747
1054 2234 2504
2234 1054 2504
2504 1054 2234
1052 905 1929
1929 905 1052
905 1052 1929
2144 1293 2554
1293 2144 2554
2554 1293 2144
443 1049 2177
2177 443 1049
1049 443 2177
2666 867 1505
867 1505 2666
1505 867 2666
2179 1567 1651
1567 1651 2179
1651 1567 2179
178 964 2270
964 178 2270
2270 178 964
1111 908 2061
2061 908 1111
908 1111 2061
2547 1220 1623
1220 1623 2547
1623 1220 2547
1291 248 2231
2231 248 1291
248 1291 2231
2338 948 2643
2643 948 2338
948 2338 2643
1643 748 1470
748 1470 1643
1470 748 1643
2571 385 2620
385 2571 2620
2620 385 2571
2605 311 1865
311 1865 2605
1865 311 2605
1150 202 1379
1379 202 1150
202 1150 1379
582 444 1123
444 582 1123
1123 444 582
1993 1869 2108
2108 1869 1993
1869 1993 2108
2981 758 2689
758 2689 2981
2689 758 2981
28 6 1276
1276 6 28
6 28 1276
847 2033 2553
2033 847 2553
2553 847 2033
2651 310 1568
310 1568 2651
1568 310 2651
896 91 2973
91 896 2973
2973 91 896
2347 194 1069
1069 194 2347
194 1069 2347
2312 2052 2746
2746 2052 2312
2052 2312 2746
2124 970 1994
1994 970 2124
970 1994 2124
1717 1376 2283
2283 1376 1717
1376 1717 2283
2266 678 737
737 678 2266
678 737 2266
2328 594 1782
1782 594 2328
594 1782 2328
1702 2365 2452
2452 1702 2365
2365 1702 2452
2377 1859 2382
2382 1859 2377
1859 2377 2382
2043 134 1820
1820 134 2043
134 1820 2043
208 2826 2940
2940 208 2826
2826 208 2940
198 366 1867
1867 198 366
366 198 1867
946 412 1767
412 946 1767
1767 412 946
2626 1840 2491
2491 1840 2626
1840 2491 2626
1435 1405 1830
1405 1435 1830
1830 1405 1435
1485 888 1934
888 1485 1934
1934 888 1485
2405 596 1530
596 1530 2405
1530 596 2405
2190 605 1317
605 1317 2190
1317 605 2190
2093 384 957
957 384 2093
384 957 2093
2880 1088 2437
1088 2437 2880
2437 1088 2880
2764 543 2148
2148 543 2764
543 2148 2764
177 912 1050
912 177 1050
1050 177 912
82 2565 2837
2565 82 2837
2837 82 2565
1202 621 1321
1321 621 1202
621 1202 1321
1476 1906 2963
1906 1476 2963
2963 1476 1906
1410 694 2481
694 1410 2481
2481 694 1410
2058 193 2128
2128 193 2058
193 2058 2128
1142 481 2397
481 1142 2397
2397 481 1142
2607 555 2997
555 2607 2997
2997 555 2607
599 1371 2246
1371 599 2246
2246 599 1371
1151 1098 1915
1915 1098 1151
1098 1151 1915
1926 64 2615
2615 64 1926
64 1926 2615
287 1288 2725
1288 287 2725
2725 287 1288
2812 1891 2158
1891 2158 2812
2158 1891 2812
1143 501 820
501 820 1143
820 501 1143
2450 88 2796
2796 88 2450
88 2450 2796
2525 313 1656
1656 313 2525
313 1656 2525
35 813 2799
813 35 2799
2799 35 813
456 350 2580
2580 350 456
350 456 2580
2472 2109 2164
2164 2109 2472
2109 2164 2472
2630 514 1297
514 1297 2630
1297 514 2630
277 365 2987
365 277 2987
2987 277 365
1165 619 2341
2341 619 1165
619 1165 2341
2906 928 2251
2251 928 2906
928 2251 2906
620 2838 2926
2926 620 2838
2838 620 2926
2889 294 1192
294 1192 2889
1192 294 2889
237 347 1383
347 237 1383
1383 237 347
962 325 1886
1886 325 962
325 962 1886
1042 301 2497
301 1042 2497
2497 301 1042
1363 1070 2307
2307 1070 1363
1070 1363 2307
1685 640 1933
640 1685 1933
1933 640 1685
2103 1617 1882
1617 1882 2103
1882 1617 2103
2562 176 467
467 176 2562
176 467 2562
1467 701 1583
1583 701 1467
701 1467 1583
1417 105 328
328 105 1417
105 328 1417
1295 148 1679
1679 148 1295
148 1295 1679
1626 247 1806
247 1626 1806
1806 247 1626
2398 1089 2721
1089 2398 2721
2721 1089 2398
2808 1525 1575
1575 1525 2808
1525 1575 2808
1369 919 992
919 992 1369
992 919 1369
1851 447 2564
2564 447 1851
447 1851 2564
1360 769 1185
769 1185 1360
1185 769 1360
2230 550 2287
2287 550 2230
550 2230 2287
2263 1719 2315
1719 2263 2315
2315 1719 2263
390 2290 2938
2290 390 2938
2938 390 2290
51 2203 2237
2203 51 2237
2237 51 2203
1401 1920 2549
2549 1401 1920
1920 1401 2549
2693 771 2903
2903 771 2693
771 2693 2903
1943 124 398
124 398 1943
398 124 1943
684 657 2612
2612 657 684
657 684 2612
1751 706 2168
2168 706 1751
706 1751 2168
2084 1179 1203
1179 1203 2084
1203 1179 2084
45 101 170
170 45 101
101 45 170
293 1592 2668
2668 293 1592
1592 293 2668
112 2941 2993
2993 112 2941
2941 112 2993
633 774 1996
774 633 1996
1996 633 774
2867 1829 2512
2512 1829 2867
1829 2512 2867
2295 1109 2788
2788 1109 2295
1109 2295 2788
166 121 1258
1258 121 166
121 166 1258
2822 2010 2863
2010 2822 2863
2863 2010 2822
925 392 2206
2206 392 925
392 925 2206
1257 930 2335
930 1257 2335
2335 930 1257
2079 508 1173
1173 508 2079
508 1173 2079
1024 713 1191
713 1024 1191
1191 713 1024
127 3 1292
3 127 1292
1292 3 127
2448 575 1783
575 1783 2448
1783 575 2448
1007 1152 1364
1152 1007 1364
1364 1007 1152
2446 642 674
642 674 2446
674 642 2446
645 4 228
4 228 645
228 4 645
1139 698 1747
698 1139 1747
1747 698 1139
1312 344 2684
2684 344 1312
344 1312 2684
1057 72 1219
72 1057 1219
1219 72 1057
2682 1090 1100
1100 1090 2682
1090 1100 2682
947 2092 2795
2092 947 2795
2795 947 2092
2768 368 2198
2198 368 2768
368 2198 2768
2694 939 2827
2827 939 2694
939 2694 2827
1828 1381 2604
1381 1828 2604
2604 1381 1828
1107 581 1814
581 1107 1814
1814 581 1107
2509 796 2775
2775 796 2509
796 2509 2775
174 507 718
718 174 507
507 174 718
200 459 2273
2273 200 459
459 200 2273
10 767 1513
1513 10 767
767 10 1513
5 2521 2793
2793 5 2521
2521 5 2793
696 23 1566
23 696 1566
1566 23 696
2798 1631 2334
1631 2334 2798
2334 1631 2798
794 2484 2897
2484 794 2897
2897 794 2484
2966 1601 2478
2478 1601 2966
1601 2478 2966
812 686 1526
1526 686 812
686 812 1526
2094 1274 1863
1274 1863 2094
1863 1274 2094
1393 399 1094
1094 399 1393
399 1094 1393
958 69 1845
1845 69 958
69 958 1845
1889 607 2202
2202 607 1889
607 1889 2202
1198 1682 1964
1682 1198 1964
1964 1198 1682
1746 1548 2555
1548 1746 2555
2555 1548 1746
1860 902 2637
2637 902 1860
902 1860 2637
2388 503 609
609 503 2388
503 609 2388
838 685 760
760 685 838
685 760 838
2520 2496 2967
2967 2496 2520
2496 2520 2967
2614 1768 2831
2831 1768 2614
1768 2614 2831
986 26 123
26 123 986
123 26 986
1170 933 1420
933 1170 1420
1420 933 1170
1850 168 552
168 552 1850
552 168 1850
37 1433 1511
1511 37 1433
1433 37 1511
709 533 1218
1218 533 709
533 709 1218
2286 1084 2508
2508 1084 2286
1084 2286 2508
1205 1403 2801
1403 1205 2801
2801 1205 1403
1306 624 1062
1062 624 1306
624 1062 1306
770 1925 2143
1925 770 2143
2143 770 1925
1443 910 1540
1540 910 1443
910 1443 1540
2141 913 2692
2692 913 2141
913 2141 2692
816 1043 2683
1043 816 2683
2683 816 1043
516 1418 1560
1418 516 1560
1560 516 1418
2389 1538 1901
1538 1901 2389
1901 1538 2389
353 916 2247
2247 353 916
916 353 2247
1361 1146 2495
2495 1146 1361
1146 1361 2495
2588 1899 2804
2804 1899 2588
1899 2588 2804
2711 1352 1501
1352 1501 2711
1501 1352 2711
2888 1375 2135
1375 2135 2888
2135 1375 2888
561 324 2706
2706 324 561
324 561 2706
1092 1498 1842
1842 1092 1498
1498 1092 1842
1986 1844 2456
2456 1844 1986
1844 1986 2456
1412 830 2661
830 1412 2661
2661 830 1412
1621 1599 2361
1599 1621 2361
2361 1599 1621
1984 2019 2953
2953 1984 2019
2019 1984 2953
1213 16 833
833 16 1213
16 833 1213
2392 75 972
972 75 2392
75 972 2392
1248 967 2779
967 1248 2779
2779 967 1248
130 1308 2163
1308 130 2163
2163 130 1308
1799 654 2849
654 1799 2849
2849 654 1799
1413 1367 1484
1484 1367 1413
1367 1413 1484
1290 1488 1983
1488 1290 1983
1983 1290 1488
430 558 881
881 430 558
558 430 881
1821 613 2369
2369 613 1821
613 1821 2369
238 617 1397
617 238 1397
1397 238 617
2818 1676 2921
1676 2818 2921
2921 1676 2818
2616 1333 2819
2819 1333 2616
1333 2616 2819
2042 579 927
927 579 2042
579 927 2042
352 116 1584
1584 116 352
116 352 1584
129 651 2719
2719 129 651
651 129 2719
479 723 2501
2501 479 723
723 479 2501
2475 269 1036
1036 269 2475
269 1036 2475
1059 2898 2913
2913 1059 2898
2898 1059 2913
375 1414 1690
1414 375 1690
1690 375 1414
2111 402 1462
1462 402 2111
402 1462 2111
2136 268 2271
2271 268 2136
268 2136 2271
393 1600 2697
2697 393 1600
1600 393 2697
2057 669 2851
2851 669 2057
669 2057 2851
976 154 1576
1576 154 976
154 976 1576
2893 44 2855
44 2855 2893
2855 44 2893
518 2015 2530
2015 518 2530
2530 518 2015
2191 2339 2802
2802 2191 2339
2339 2191 2802
2937 1114 2221
1114 2221 2937
2221 1114 2937
140 1644 2791
2791 140 1644
1644 140 2791
1399 1911 2840
2840 1399 1911
1911 1399 2840
2125 772 2736
772 2125 2736
2736 772 2125
2211 165 391
165 391 2211
391 165 2211
683 1654 2800
1654 683 2800
2800 683 1654
1263 92 2166
2166 92 1263
92 1263 2166
1793 1955 2309
2309 1793 1955
1955 1793 2309
2344 941 2972
2972 941 2344
941 2344 2972
2091 1603 2671
1603 2091 2671
2671 1603 2091
1555 2385 2985
2385 1555 2985
2985 1555 2385
649 330 2869
2869 330 649
330 649 2869
680 1273 2350
1273 680 2350
2350 680 1273
1349 569 809
569 809 1349
809 569 1349
147 408 2572
408 147 2572
2572 147 408
126 1917 2189
1917 126 2189
2189 126 1917
2610 799 1025
1025 799 2610
799 1025 2610
1386 1422 1801
1801 1386 1422
1422 1386 1801
2226 273 2066
2066 273 2226
273 2066 2226
592 1232 1404
1404 592 1232
1232 592 1404
1823 2127 2470
2470 1823 2127
2127 1823 2470
2884 626 2956
2956 626 2884
626 2884 2956
525 1831 1839
1839 525 1831
1831 525 1839
1086 801 2047
2047 801 1086
801 1086 2047
466 15 1478
15 466 1478
1478 15 466
3000 1053 2001
1053 2001 3000
2001 1053 3000
2995 452 1527
452 1527 2995
1527 452 2995
2912 149 937
937 149 2912
149 937 2912
969 785 1931
785 969 1931
1931 785 969
1593 1298 2500
2500 1298 1593
1298 1593 2500
615 589 2636
589 615 2636
2636 589 615
762 1630 2515
2515 762 1630
1630 762 2515
2442 2140 2904
2140 2442 2904
2904 2140 2442
2257 2167 2310
2167 2257 2310
2310 2167 2257
2384 2824 2934
2824 2384 2934
2934 2384 2824
2563 30 1008
1008 30 2563
30 1008 2563
1085 1154 1473
1473 1085 1154
1154 1085 1473
1071 1311 2624
1311 1071 2624
2624 1071 1311
2930 369 907
907 369 2930
369 907 2930
1483 484 2635
484 1483 2635
2635 484 1483
2408 262 1655
1655 262 2408
262 1655 2408
2265 2102 2201
2201 2102 2265
2102 2201 2265
2049 1223 2969
2969 1223 2049
1223 2049 2969
1552 1949 2041
1949 1552 2041
2041 1552 1949
282 43 1881
43 282 1881
1881 43 282
955 1236 2362
1236 955 2362
2362 955 1236
571 1627 2215
2215 571 1627
1627 571 2215
431 2029 2349
2349 431 2029
2029 431 2349
1712 2294 2653
2653 1712 2294
2294 1712 2653
1336 803 2524
2524 803 1336
803 1336 2524
2401 46 2248
46 2248 2401
2248 46 2401
1572 203 603
603 203 1572
203 603 1572
2899 974 1302
974 1302 2899
1302 974 2899
1809 214 1946
214 1809 1946
1946 214 1809
1952 2744 2828
2828 1952 2744
2744 1952 2828
1153 1972 2216
2216 1153 1972
1972 1153 2216
629 1877 2460
2460 629 1877
1877 629 2460
387 1 2340
2340 1 387
1 387 2340
634 41 1419
1419 41 634
41 634 1419
217 864 2765
2765 217 864
864 217 2765
1415 951 2836
951 1415 2836
2836 951 1415
754 135 363
135 363 754
363 135 754
1974 1225 1866
1225 1866 1974
1866 1225 1974
2750 2107 2710
2107 2710 2750
2710 2107 2750
1968 636 2150
636 1968 2150
2150 636 1968
2686 337 1207
337 1207 2686
1207 337 2686
1674 1570 2493
2493 1570 1674
1570 1674 2493
836 292 2887
292 836 2887
2887 292 836
2275 522 944
522 944 2275
944 522 2275
1658 321 2073
321 1658 2073
2073 321 1658
984 700 2782
700 984 2782
2782 700 984
1068 502 2381
502 1068 2381
2381 502 1068
404 900 2874
2874 404 900
900 404 2874
1390 2070 2505
2070 1390 2505
2505 1390 2070
2499 1695 1696
1696 1695 2499
1695 1696 2499
1613 742 1874
742 1613 1874
1874 742 1613
1688 486 1992
1992 486 1688
486 1688 1992
1557 1033 2324
2324 1033 1557
1033 1557 2324
1081 990 1982
990 1081 1982
1982 990 1081
2917 66 1096
66 1096 2917
1096 66 2917
146 1977 2723
1977 146 2723
2723 146 1977
2673 401 1678
401 1678 2673
1678 401 2673
1879 1818 2965
2965 1818 1879
1818 1879 2965
1060 47 1189
1189 47 1060
47 1060 1189
1808 1927 2078
2078 1808 1927
1927 1808 2078
2429 1061 1632
1632 1061 2429
1061 1632 2429
1409 895 1861
895 1409 1861
1861 895 1409
1178 2027 2618
2027 1178 2618
2618 1178 2027
24 671 776
776 24 671
671 24 776
1900 1099 2056
2056 1099 1900
1099 1900 2056
1249 1411 2184
1411 1249 2184
2184 1249 1411
2323 1704 2186
1704 2186 2323
2186 1704 2323
2843 834 1177
834 1177 2843
1177 834 2843
189 495 2322
495 189 2322
2322 189 495
1250 326 2076
2076 326 1250
326 1250 2076
1183 180 2856
2856 180 1183
180 1183 2856
1491 108 1549
1549 108 1491
108 1491 1549
753 546 922
546 753 922
922 546 753
1606 627 731
731 627 1606
627 731 1606
2932 1966 2205
2205 1966 2932
1966 2205 2932
2224 263 2454
263 2224 2454
2454 263 2224
22 1421 1520
1520 22 1421
1421 22 1520
225 2123 2252
2123 225 2252
2252 225 2123
2443 1787 2090
2090 1787 2443
1787 2090 2443
1890 688 1779
688 1779 1890
1779 688 1890
2193 119 924
924 119 2193
119 924 2193
439 1209 1553
1209 439 1553
1553 439 1209
842 1714 2905
1714 842 2905
2905 842 1714
2487 199 793
793 199 2487
199 793 2487
662 252 2018
2018 252 662
252 662 2018
2919 1518 2792
1518 2792 2919
2792 1518 2919
360 1347 2072
2072 360 1347
1347 360 2072
2089 2503 2943
2503 2089 2943
2943 2089 2503
403 1729 2331
1729 403 2331
2331 403 1729
1452 826 973
826 973 1452
973 826 1452
2915 1112 2180
2180 1112 2915
1112 2180 2915
2545 897 2638
897 2545 2638
2638 897 2545
2784 57 2789
2789 57 2784
57 2784 2789
2536 182 1521
182 1521 2536
1521 182 2536
1965 2632 2848
2848 1965 2632
2632 1965 2848
625 159 2675
159 625 2675
2675 159 625
1451 741 1545
1545 741 1451
741 1451 1545
1022 1448 1587
1587 1022 1448
1448 1022 1587
2627 792 2439
2439 792 2627
792 2439 2627
1468 489 1762
1762 489 1468
489 1468 1762
945 111 2929
2929 111 945
111 945 2929
1653 383 2578
383 1653 2578
2578 383 1653
2594 432 2853
432 2594 2853
2853 432 2594
526 312 874
312 526 874
874 312 526
343 245 2045
2045 245 343
245 343 2045
1246 821 2376
2376 821 1246
821 1246 2376
1995 115 424
115 424 1995
424 115 1995
1030 828 1389
1389 828 1030
828 1030 1389
2357 570 765
765 570 2357
570 765 2357
2933 1021 2129
2129 1021 2933
1021 2129 2933
336 244 641
641 244 336
244 336 641
2529 746 784
