263 95 156
95 156 263
156 95 263
80 139 277
139 80 277
277 80 139
93 63 108
63 93 108
108 63 93
286 72 112
72 112 286
112 72 286
125 6 206
6 125 206
206 6 125
173 193 283
283 173 193
193 173 283
251 47 117
47 117 251
117 47 251
62 195 265
265 62 195
195 62 265
245 75 218
218 75 245
75 218 245
180 172 200
172 180 200
200 172 180
21 249 254
249 21 254
254 21 249
101 13 256
256 13 101
13 101 256
253 82 174
174 82 253
82 174 253
126 211 230
230 126 211
211 126 230
41 25 203
25 41 203
203 25 41
77 20 238
20 77 238
238 20 77
191 143 297
143 191 297
297 143 191
247 8 43
43 8 247
8 43 247
266 231 241
231 241 266
241 231 266
189 24 85
85 24 189
24 85 189
70 74 115
115 70 74
74 70 115
158 94 299
94 158 299
299 94 158
86 179 278
179 86 278
278 86 179
292 58 78
58 78 292
78 58 292
252 29 76
76 29 252
29 76 252
272 216 262
262 216 272
216 262 272
154 17 38
38 17 154
17 38 154
44 264 285
285 44 264
264 44 285
274 26 273
26 273 274
273 26 274
22 119 300
300 22 119
119 22 300
169 87 240
240 87 169
87 169 240
36 177 219
177 36 219
219 36 177
137 60 257
60 137 257
257 60 137
244 19 50
50 19 244
19 50 244
237 148 246
246 148 237
148 237 246
42 79 127
127 42 79
79 42 127
14 124 183
183 14 124
124 14 183
141 69 282
282 69 141
69 141 282
16 147 166
166 16 147
147 16 166
2 9 188
188 2 9
9 2 188
88 37 73
37 73 88
73 37 88
49 207 227
207 49 227
227 49 207
67 128 153
153 67 128
128 67 153
131 226 260
226 131 260
260 131 226
40 113 136
136 40 113
113 40 136
205 3 144
144 3 205
3 144 205
181 186 224
224 181 186
186 181 224
276 220 243
243 220 276
220 243 276
170 10 27
27 10 170
10 27 170
59 18 269
18 59 269
269 18 59
98 4 12
4 12 98
12 4 98
228 31 33
31 33 228
33 31 228
294 66 212
66 212 294
212 66 294
161 130 175
130 161 175
175 130 161
30 61 215
215 30 61
61 30 215
122 129 196
129 122 196
196 122 129
123 132 287
287 123 132
132 123 287
118 46 155
46 118 155
155 46 118
68 202 267
202 68 267
267 68 202
110 121 135
121 110 135
135 110 121
52 90 201
90 52 201
201 52 90
99 171 208
171 99 208
208 99 171
168 116 178
178 116 168
116 168 178
11 199 268
199 11 268
268 11 199
234 194 217
194 217 234
217 194 234
258 190 248
248 190 258
190 248 258
15 149 284
149 15 284
284 15 149
279 5 84
84 5 279
5 84 279
140 92 109
109 92 140
92 109 140
55 54 176
176 54 55
54 55 176
102 97 270
270 97 102
97 102 270
65 56 145
145 56 65
56 65 145
198 64 167
167 64 198
64 167 198
197 134 232
232 134 197
134 197 232
221 81 259
81 221 259
259 81 221
32 233 261
261 32 233
233 32 261
275 120 210
210 120 275
120 210 275
192 164 288
164 192 288
288 164 192
104 114 152
152 104 114
114 104 152
162 142 182
142 162 182
182 142 162
223 160 281
160 223 281
281 160 223
214 1 107
107 1 214
1 107 214
51 57 229
229 51 57
57 51 229
39 138 159
138 39 159
159 39 138
291 185 222
185 222 291
222 185 291
91 35 48
48 35 91
35 48 91
184 239 298
298 184 239
239 184 298
34 255 290
290 34 255
255 34 290
103 236 296
296 103 236
236 103 296
28 225 242
242 28 225
225 28 242
293 23 289
23 289 293
289 23 293
187 111 204
204 111 187
111 187 204
83 96 100
100 83 96
96 83 100
45 53 295
53 45 295
295 45 53
209 105 163
105 163 209
163 105 209
157 7 151
7 151 157
151 7 157
271 71 89
89 71 271
71 89 271
280 150 213
150 213 280
213 150 280
133 146 165
146 133 165
165 133 146
250 106 235
106 235 250
235 106 250
