131 72 100
100 72 131
72 100 131
210 14 261
14 210 261
261 14 210
11 223 247
223 11 247
247 11 223
188 25 224
224 25 188
25 188 224
58 234 296
296 58 234
234 58 296
292 71 127
127 71 292
71 127 292
235 44 111
111 44 235
44 111 235
142 175 229
175 142 229
229 142 175
255 28 196
196 28 255
28 196 255
27 46 143
143 27 46
46 27 143
211 17 272
272 17 211
17 211 272
59 2 232
2 59 232
232 2 59
107 209 236
209 107 236
236 107 209
136 90 200
200 90 136
90 136 200
238 109 163
109 163 238
163 109 238
274 21 280
21 274 280
280 21 274
216 192 270
270 192 216
192 216 270
12 89 152
152 12 89
89 12 152
99 42 191
42 99 191
191 42 99
258 116 291
116 258 291
291 116 258
187 113 276
276 113 187
113 187 276
144 151 164
151 144 164
164 144 151
104 231 282
231 104 282
282 104 231
266 260 287
287 260 266
260 266 287
130 7 118
7 118 130
118 7 130
299 64 112
112 64 299
64 112 299
177 41 115
41 115 177
115 41 177
257 95 153
153 95 257
95 153 257
126 117 217
117 126 217
217 117 126
227 162 244
244 162 227
162 227 244
205 43 91
43 91 205
91 43 205
245 176 241
176 241 245
241 176 245
226 34 75
75 34 226
34 75 226
155 198 277
277 155 198
198 155 277
181 185 250
185 181 250
250 181 185
165 96 300
300 96 165
96 165 300
60 79 105
79 60 105
105 60 79
94 85 201
201 85 94
85 94 201
51 147 279
279 51 147
147 51 279
225 20 31
20 31 225
31 20 225
267 129 203
129 203 267
203 129 267
16 53 77
53 16 77
77 16 53
264 78 269
78 264 269
269 78 264
137 84 283
283 84 137
84 137 283
256 32 56
56 32 256
32 56 256
98 121 297
121 98 297
297 98 121
149 259 295
259 149 295
295 149 259
268 86 167
167 86 268
86 167 268
37 73 160
160 37 73
73 37 160
36 183 281
183 36 281
281 36 183
293 108 222
108 222 293
222 108 293
182 30 52
52 30 182
30 52 182
1 166 215
215 1 166
166 1 215
298 172 180
172 180 298
180 172 298
133 212 249
212 133 249
249 133 212
253 138 148
148 138 253
138 148 253
169 57 197
197 57 169
57 169 197
97 157 233
157 97 233
233 97 157
125 61 221
61 125 221
221 61 125
161 265 286
286 161 265
265 161 286
70 3 62
62 3 70
3 62 70
39 195 290
195 39 290
290 39 195
8 40 168
168 8 40
40 8 168
139 35 273
273 35 139
35 139 273
65 110 246
246 65 110
110 65 246
240 158 289
158 240 289
289 158 240
248 29 171
171 29 248
29 171 248
120 6 83
83 6 120
6 83 120
15 24 101
101 15 24
24 15 101
55 5 123
123 5 55
5 55 123
92 146 294
146 92 294
294 92 146
38 132 170
170 38 132
132 38 170
214 213 237
237 213 214
213 214 237
26 13 102
13 26 102
102 13 26
278 262 271
262 271 278
271 262 278
50 93 150
150 50 93
93 50 150
194 208 242
208 194 242
242 194 208
178 9 45
45 9 178
9 45 178
54 23 193
193 23 54
23 54 193
103 81 204
81 103 204
204 81 103
19 254 285
285 19 254
254 19 285
239 48 159
48 159 239
159 48 239
49 106 134
134 49 106
106 49 134
4 76 88
76 4 88
88 4 76
82 141 284
141 82 284
284 82 141
47 189 252
189 47 252
252 47 189
173 219 220
219 173 220
220 173 219
228 154 179
179 154 228
154 179 228
74 68 218
218 68 74
68 74 218
18 206 207
207 18 206
206 18 207
22 140 230
140 22 230
230 22 140
243 69 135
69 135 243
135 69 243
288 63 124
124 63 288
63 124 288
80 10 145
10 80 145
145 10 80
66 128 156
156 66 128
128 66 156
184 87 199
199 87 184
87 184 199
186 119 263
263 119 186
119 186 263
275 122 190
122 190 275
190 122 275
251 67 202
67 202 251
202 67 251
33 114 174
114 33 174
174 33 114
