457 937 2975
2975 457 937
937 457 2975
570 540 2407
2407 540 570
540 570 2407
1918 1044 1601
1044 1601 1918
1601 1044 1918
151 116 1435
116 151 1435
1435 116 151
989 125 421
125 421 989
421 125 989
2215 1436 1729
1729 1436 2215
1436 1729 2215
1704 200 1396
1396 200 1704
200 1396 1704
885 303 2448
2448 303 885
303 885 2448
16 1644 1659
1644 16 1659
1659 16 1644
1904 46 709
709 46 1904
46 709 1904
2379 1374 2559
1374 2379 2559
2559 1374 2379
251 1147 1328
1147 251 1328
1328 251 1147
2278 1369 2357
2357 1369 2278
1369 2278 2357
516 131 2991
131 516 2991
2991 131 516
686 1519 2123
2123 686 1519
1519 686 2123
2993 1122 2877
2877 1122 2993
1122 2877 2993
1362 661 1876
1876 661 1362
661 1362 1876
2604 886 2830
886 2604 2830
2830 886 2604
1834 408 2336
2336 408 1834
408 1834 2336
513 852 2177
852 513 2177
2177 513 852
2158 206 797
797 206 2158
206 797 2158
2980 305 1820
305 1820 2980
1820 305 2980
328 81 2931
81 328 2931
2931 81 328
1493 764 2841
2841 764 1493
764 1493 2841
2513 527 1825
1825 527 2513
527 1825 2513
1263 499 2373
499 1263 2373
2373 499 1263
2987 67 1024
1024 67 2987
67 1024 2987
1754 154 1333
154 1333 1754
1333 154 1754
1596 339 2095
2095 339 1596
339 1596 2095
504 179 314
179 314 504
314 179 504
1882 414 1511
1511 414 1882
414 1511 1882
41 870 2576
870 41 2576
2576 41 870
1136 274 1029
1029 274 1136
274 1029 1136
467 1701 2656
1701 467 2656
2656 467 1701
298 1540 1561
1540 298 1561
1561 298 1540
189 1083 1084
1083 189 1084
1084 189 1083
483 1314 2120
1314 483 2120
2120 483 1314
264 2109 2242
2242 264 2109
2109 264 2242
342 117 374
117 342 374
374 117 342
670 2514 2827
2827 670 2514
2514 670 2827
2262 929 2444
929 2262 2444
2444 929 2262
593 1632 1639
1639 593 1632
1632 593 1639
309 1413 1897
1413 309 1897
1897 309 1413
2596 1969 2578
2578 1969 2596
1969 2578 2596
341 722 804
722 341 804
804 341 722
2077 1125 1447
1125 1447 2077
1447 1125 2077
223 250 1784
250 223 1784
1784 223 250
2061 636 1768
1768 636 2061
636 1768 2061
1144 508 2580
2580 508 1144
508 1144 2580
1886 1278 2891
2891 1278 1886
1278 1886 2891
2128 266 2988
266 2128 2988
2988 266 2128
899 1347 1465
1347 899 1465
1465 899 1347
2528 1279 1456
1279 1456 2528
1456 1279 2528
1011 1234 2937
1234 1011 2937
2937 1011 1234
943 1822 2230
1822 943 2230
2230 943 1822
2826 2324 2390
2390 2324 2826
2324 2390 2826
1748 1423 1557
1557 1423 1748
1423 1557 1748
2255 1100 2646
1100 2255 2646
2646 1100 2255
2447 1756 2648
2648 1756 2447
1756 2447 2648
500 553 2893
553 500 2893
2893 500 553
659 1896 2752
2752 659 1896
1896 659 2752
515 1459 2030
1459 515 2030
2030 515 1459
1570 584 781
584 781 1570
781 584 1570
2663 1366 1389
1366 1389 2663
1389 1366 2663
286 2086 2668
2086 286 2668
2668 286 2086
2106 10 44
10 44 2106
44 10 2106
2933 536 1761
1761 536 2933
536 1761 2933
650 623 2083
623 650 2083
2083 623 650
304 1171 1913
1171 304 1913
1913 304 1171
1376 53 2857
53 1376 2857
2857 53 1376
92 1554 2644
1554 92 2644
2644 92 1554
461 628 1951
628 461 1951
1951 461 628
2065 226 1595
226 1595 2065
1595 226 2065
2581 353 1499
1499 353 2581
353 1499 2581
2828 740 1075
1075 740 2828
740 1075 2828
1608 354 2419
2419 354 1608
354 1608 2419
1411 2507 2958
2507 1411 2958
2958 1411 2507
2359 2815 2920
2815 2359 2920
2920 2359 2815
1050 1214 2027
2027 1050 1214
1214 1050 2027
2193 548 630
548 630 2193
630 548 2193
205 2403 2749
2749 205 2403
2403 205 2749
767 2268 2527
2268 767 2527
2527 767 2268
932 1353 1403
1403 932 1353
1353 932 1403
1485 2094 2404
2404 1485 2094
2094 1485 2404
1680 814 2219
814 1680 2219
2219 814 1680
1831 1316 2217
2217 1316 1831
1316 1831 2217
2052 725 1108
725 1108 2052
1108 725 2052
2898 402 1829
1829 402 2898
402 1829 2898
1535 267 1532
267 1532 1535
1532 267 1535
1365 262 1914
262 1365 1914
1914 262 1365
2406 1187 1559
1187 1559 2406
1559 1187 2406
835 1120 2561
2561 835 1120
1120 835 2561
86 551 1805
551 86 1805
1805 86 551
1683 2057 2961
2057 1683 2961
2961 1683 2057
2640 524 1323
524 1323 2640
1323 524 2640
1095 1842 2557
2557 1095 1842
1842 1095 2557
1762 944 2808
944 1762 2808
2808 944 1762
357 452 1113
452 357 1113
1113 357 452
2794 915 1738
1738 915 2794
915 1738 2794
2362 1112 1936
1936 1112 2362
1112 1936 2362
664 2499 2741
2499 664 2741
2741 664 2499
2588 1209 1605
1605 1209 2588
1209 1605 2588
434 1178 2421
2421 434 1178
1178 434 2421
2617 1138 1334
1334 1138 2617
1138 1334 2617
1466 642 655
655 642 1466
642 655 1466
2323 1927 2115
1927 2115 2323
2115 1927 2323
1427 343 957
343 957 1427
957 343 1427
2426 149 1874
149 1874 2426
1874 149 2426
1242 1898 2340
1898 1242 2340
2340 1242 1898
1654 1562 2207
1562 1654 2207
2207 1562 1654
856 1213 1935
1213 856 1935
1935 856 1213
2969 83 809
809 83 2969
83 809 2969
2060 1208 1284
1284 1208 2060
1208 1284 2060
55 896 2934
2934 55 896
896 55 2934
2249 822 1660
1660 822 2249
822 1660 2249
1604 2515 2662
2662 1604 2515
2515 1604 2662
1164 894 1715
894 1164 1715
1715 894 1164
89 334 1551
1551 89 334
334 89 1551
534 1745 1873
1873 534 1745
1745 534 1873
1455 231 672
672 231 1455
231 672 1455
333 713 2402
713 333 2402
2402 333 713
511 2098 2175
2175 511 2098
2098 511 2175
2000 2611 2645
2611 2000 2645
2645 2000 2611
1184 577 1542
577 1184 1542
1542 577 1184
2042 754 2713
754 2042 2713
2713 754 2042
1626 278 2168
278 1626 2168
2168 278 1626
1232 181 2755
2755 181 1232
181 1232 2755
1471 924 1598
1598 924 1471
924 1471 1598
2728 58 454
58 454 2728
454 58 2728
64 233 2314
233 64 2314
2314 64 233
2102 2625 2848
2848 2102 2625
2625 2102 2848
1167 394 2163
2163 394 1167
394 1167 2163
1758 29 2558
2558 29 1758
29 1758 2558
180 789 908
908 180 789
789 180 908
265 898 2043
2043 265 898
898 265 2043
2693 575 2938
575 2693 2938
2938 575 2693
1840 2459 2824
2459 1840 2824
2824 1840 2459
606 2194 2521
2194 606 2521
2521 606 2194
1636 379 2612
2612 379 1636
379 1636 2612
1513 832 1578
832 1513 1578
1578 832 1513
191 1210 2375
2375 191 1210
1210 191 2375
1005 2462 2964
2462 1005 2964
2964 1005 2462
170 1271 2190
1271 170 2190
2190 170 1271
1582 877 1646
877 1582 1646
1646 877 1582
1332 2001 2270
2270 1332 2001
2001 1332 2270
2344 1155 1412
1155 1412 2344
1412 1155 2344
2757 244 2004
244 2004 2757
2004 244 2757
1603 2051 2463
2051 1603 2463
2463 1603 2051
2910 2942 2956
2942 2910 2956
2956 2910 2942
1656 318 2554
318 1656 2554
2554 318 1656
1671 24 751
24 751 1671
751 24 1671
529 352 2479
2479 352 529
352 529 2479
994 495 2213
2213 495 994
495 994 2213
1505 2770 2807
2807 1505 2770
2770 1505 2807
2582 841 2002
841 2002 2582
2002 841 2582
1885 671 1675
1675 671 1885
671 1675 1885
1788 1905 2251
2251 1788 1905
1905 1788 2251
663 192 715
715 192 663
192 663 715
257 1590 2652
1590 257 2652
2652 257 1590
1273 1317 2387
1317 1273 2387
2387 1273 1317
507 34 438
438 34 507
34 438 507
492 1228 2861
1228 492 2861
2861 492 1228
2999 1641 1930
1930 1641 2999
1641 1930 2999
1780 1508 2167
1508 1780 2167
2167 1508 1780
2701 803 2372
803 2372 2701
2372 803 2701
436 75 2288
2288 75 436
75 436 2288
405 2566 2610
2566 405 2610
2610 405 2566
2565 1118 1453
1118 1453 2565
1453 1118 2565
2165 610 2091
2091 610 2165
610 2091 2165
2664 204 1251
1251 204 2664
204 1251 2664
933 428 2202
2202 428 933
428 933 2202
2197 173 1010
1010 173 2197
173 1010 2197
2508 182 225
225 182 2508
182 225 2508
2823 1255 1286
1286 1255 2823
1255 1286 2823
2979 946 1613
946 1613 2979
1613 946 2979
152 806 2319
806 152 2319
2319 152 806
2457 1201 2451
1201 2451 2457
2451 1201 2457
1716 1321 1486
1321 1486 1716
1486 1321 1716
962 1021 2121
1021 962 2121
2121 962 1021
2272 1539 2125
1539 2125 2272
2125 1539 2272
819 839 2520
839 819 2520
2520 819 839
2658 1131 2267
1131 2267 2658
2267 1131 2658
640 1827 1828
1828 640 1827
1827 640 1828
2683 363 637
637 363 2683
363 637 2683
1966 1364 2846
1364 1966 2846
2846 1364 1966
2573 1249 2525
1249 2525 2573
2525 1249 2573
2275 463 1940
1940 463 2275
463 1940 2275
2543 113 2616
113 2543 2616
2616 113 2543
1056 854 2333
854 1056 2333
2333 854 1056
2903 1502 2804
1502 2804 2903
2804 1502 2903
2354 432 876
432 876 2354
876 432 2354
1247 161 1693
161 1247 1693
1693 161 1247
678 1300 2913
2913 678 1300
1300 678 2913
2873 1575 2549
2549 1575 2873
1575 2549 2873
1351 435 512
512 435 1351
435 512 1351
1217 478 2962
478 1217 2962
2962 478 1217
1063 360 849
849 360 1063
360 849 1063
949 288 2948
288 949 2948
2948 288 949
2594 824 1358
824 1358 2594
1358 824 2594
1233 779 1059
1059 779 1233
779 1059 1233
975 2282 2485
2282 975 2485
2485 975 2282
2329 1041 1893
1893 1041 2329
1041 1893 2329
654 2524 2684
2524 654 2684
2684 654 2524
2053 691 2943
2943 691 2053
691 2053 2943
1066 631 2295
631 1066 2295
2295 631 1066
772 2413 2442
2442 772 2413
2413 772 2442
142 2124 2384
2124 142 2384
2384 142 2124
2382 746 2245
746 2245 2382
2245 746 2382
707 2104 2579
2104 707 2579
2579 707 2104
1743 533 1281
533 1281 1743
1281 533 1743
364 406 2717
2717 364 406
406 364 2717
565 1254 1725
1254 565 1725
1725 565 1254
1606 973 1237
973 1237 1606
1237 973 1606
987 858 2497
858 987 2497
2497 858 987
893 1799 2277
1799 893 2277
2277 893 1799
273 455 1564
455 273 1564
1564 273 455
2162 679 2776
2776 679 2162
679 2162 2776
1929 1306 2869
2869 1306 1929
1306 1929 2869
928 677 2388
677 928 2388
2388 677 928
169 1421 2996
1421 169 2996
2996 169 1421
1472 347 1803
347 1472 1803
1803 347 1472
249 869 1478
869 249 1478
1478 249 869
1589 1512 2892
2892 1512 1589
1512 1589 2892
1510 1240 2649
2649 1240 1510
1240 1510 2649
2144 392 963
392 963 2144
963 392 2144
2822 365 373
365 373 2822
373 365 2822
160 1400 2460
1400 160 2460
2460 160 1400
2269 498 2017
2017 498 2269
498 2017 2269
2530 43 1343
43 1343 2530
1343 43 2530
2281 910 1372
910 1372 2281
1372 910 2281
1635 1614 1890
1890 1614 1635
1614 1635 1890
2007 1168 2482
1168 2007 2482
2482 1168 2007
921 816 2890
2890 816 921
816 921 2890
1330 825 2430
2430 825 1330
825 1330 2430
2814 401 753
753 401 2814
401 753 2814
427 194 1280
194 427 1280
1280 194 427
2483 1393 2454
2454 1393 2483
1393 2454 2483
2777 137 410
137 410 2777
410 137 2777
1686 1200 2153
1200 1686 2153
2153 1200 1686
948 778 1169
778 948 1169
1169 778 948
2392 821 1404
1404 821 2392
821 1404 2392
1847 555 1572
1572 555 1847
555 1572 1847
1706 1855 2224
1855 1706 2224
2224 1706 1855
1581 1117 2209
2209 1117 1581
1117 1581 2209
2628 2265 2895
2895 2265 2628
2265 2628 2895
1751 744 1952
744 1751 1952
1952 744 1751
1772 1530 2605
2605 1530 1772
1530 1772 2605
2678 538 2997
538 2678 2997
2997 538 2678
2674 1152 1460
1152 1460 2674
1460 1152 2674
2681 1501 1615
1615 1501 2681
1501 1615 2681
359 411 826
411 359 826
826 359 411
2688 416 422
422 416 2688
416 422 2688
1628 460 1137
1137 460 1628
460 1137 1628
210 1494 1528
1528 210 1494
1494 210 1528
559 938 1055
938 559 1055
1055 559 938
1043 1467 1708
1467 1043 1708
1708 1043 1467
951 168 1889
1889 168 951
168 951 1889
1360 959 1752
1752 959 1360
959 1360 1752
1798 300 761
761 300 1798
300 761 1798
2965 136 488
136 488 2965
488 136 2965
135 2383 2486
2383 135 2486
2486 135 2383
1699 667 1445
667 1445 1699
1445 667 1699
953 574 1085
1085 574 953
574 953 1085
2343 327 1481
1481 327 2343
327 1481 2343
829 554 2721
2721 554 829
554 829 2721
2715 1943 2068
2068 1943 2715
1943 2068 2715
1312 690 2748
690 1312 2748
2748 690 1312
1129 1548 1749
1749 1129 1548
1548 1129 1749
1961 65 2325
65 1961 2325
2325 65 1961
2280 1652 1773
1773 1652 2280
1652 1773 2280
1844 417 1916
417 1844 1916
1916 417 1844
312 619 1787
1787 312 619
619 312 1787
1662 2695 2978
2695 1662 2978
2978 1662 2695
2466 1579 2671
1579 2466 2671
2671 1579 2466
1172 573 1817
1817 573 1172
573 1172 1817
442 729 1957
729 442 1957
1957 442 729
2195 1311 1355
1311 1355 2195
1355 1311 2195
1875 269 2619
269 1875 2619
2619 269 1875
2722 50 184
50 184 2722
184 50 2722
94 1221 2146
2146 94 1221
1221 94 2146
2709 424 2977
424 2709 2977
2977 424 2709
2422 813 2835
2835 813 2422
813 2422 2835
1329 293 2398
2398 293 1329
293 1329 2398
2641 716 1431
716 1431 2641
1431 716 2641
2246 2399 2411
2411 2246 2399
2399 2246 2411
440 522 2536
2536 440 522
522 440 2536
788 1101 2371
2371 788 1101
1101 788 2371
2345 285 2945
285 2345 2945
2945 285 2345
1816 572 730
572 730 1816
730 572 1816
1236 105 668
668 105 1236
105 668 1236
1647 232 941
232 941 1647
941 232 1647
2103 984 1728
1728 984 2103
984 1728 2103
723 474 1863
1863 474 723
474 723 1863
2200 585 823
585 823 2200
823 585 2200
1239 1868 1932
1932 1239 1868
1868 1239 1932
472 742 2760
2760 472 742
742 472 2760
687 471 2321
2321 471 687
471 687 2321
2742 1025 2856
1025 2742 2856
2856 1025 2742
1013 1180 2492
2492 1013 1180
1180 1013 2492
2550 1624 2377
2377 1624 2550
1624 2377 2550
317 1290 1506
1290 317 1506
1506 317 1290
1003 282 2753
2753 282 1003
282 1003 2753
369 1849 2236
1849 369 2236
2236 369 1849
2058 268 651
268 651 2058
651 268 2058
2818 1079 1740
1079 1740 2818
1740 1079 2818
1183 604 2349
2349 604 1183
604 1183 2349
2809 355 393
393 355 2809
355 393 2809
749 830 1073
1073 749 830
830 749 1073
1853 1285 1850
1850 1285 1853
1285 1850 1853
998 425 857
857 425 998
425 857 998
279 759 1771
759 279 1771
1771 279 759
1341 76 107
107 76 1341
76 107 1341
1744 1587 2446
2446 1587 1744
1587 1744 2446
1346 2243 2725
2725 1346 2243
2243 1346 2725
1336 175 766
175 766 1336
766 175 1336
2351 96 1902
1902 96 2351
96 1902 2351
2632 1807 2788
2788 1807 2632
1807 2632 2788
2080 2191 2923
2923 2080 2191
2191 2080 2923
2306 1702 2875
2875 1702 2306
1702 2306 2875
1126 481 2516
2516 481 1126
481 1126 2516
2026 12 1015
12 1015 2026
1015 12 2026
2365 1078 1223
1223 1078 2365
1078 1223 2365
1318 718 2739
718 1318 2739
2739 718 1318
2341 981 2759
981 2341 2759
2759 981 2341
1040 727 890
890 727 1040
727 890 1040
784 252 1497
252 784 1497
1497 252 784
2797 1545 2712
2712 1545 2797
1545 2712 2797
228 2012 2081
2081 228 2012
2012 228 2081
872 1325 1517
1325 872 1517
1517 872 1325
2512 153 2356
153 2356 2512
2356 153 2512
1417 197 1299
1299 197 1417
197 1299 1417
219 2241 2586
2586 219 2241
2241 219 2586
1933 1826 2452
2452 1826 1933
1826 1933 2452
413 611 2093
611 413 2093
2093 413 611
275 162 2703
162 275 2703
2703 162 275
349 2496 2762
2762 349 2496
2496 349 2762
1617 592 1012
1012 592 1617
592 1012 1617
199 918 2347
918 199 2347
2347 199 918
2879 909 1287
1287 909 2879
909 1287 2879
597 1098 2889
2889 597 1098
1098 597 2889
2032 2603 2936
2936 2032 2603
2603 2032 2936
1584 2145 2637
2637 1584 2145
2145 1584 2637
799 415 2802
2802 415 799
415 799 2802
586 1928 2929
2929 586 1928
1928 586 2929
1742 1864 2842
2842 1742 1864
1864 1742 2842
656 564 2244
564 656 2244
2244 564 656
2633 48 297
297 48 2633
48 297 2633
2812 843 883
843 883 2812
883 843 2812
965 660 1368
660 965 1368
1368 660 965
703 2397 2635
2397 703 2635
2635 703 2397
1958 2070 2779
2779 1958 2070
2070 1958 2779
2994 541 1434
541 1434 2994
1434 541 2994
2595 1222 2927
1222 2595 2927
2927 1222 2595
380 547 2467
547 380 2467
2467 380 547
1769 4 1338
1338 4 1769
4 1338 1769
2754 271 1268
271 1268 2754
1268 271 2754
653 2328 2367
2367 653 2328
2328 653 2367
2552 603 2480
2480 603 2552
603 2480 2552
2358 995 2100
995 2100 2358
2100 995 2358
54 1607 1730
1607 54 1730
1730 54 1607
2951 444 2613
2613 444 2951
444 2613 2951
1089 319 1276
319 1089 1276
1276 319 1089
106 443 2650
443 106 2650
2650 106 443
2364 901 1357
901 1357 2364
1357 901 2364
404 701 1833
701 404 1833
1833 404 701
1 1188 2510
1188 1 2510
2510 1 1188
1838 827 2436
827 1838 2436
2436 827 1838
1811 1568 2491
2491 1568 1811
1568 1811 2491
1975 1968 2852
2852 1968 1975
1968 1975 2852
229 1580 1979
1979 229 1580
1580 229 1979
692 290 1852
290 692 1852
1852 290 692
748 1685 2449
1685 748 2449
2449 748 1685
743 708 750
750 708 743
708 743 750
2159 395 755
395 755 2159
755 395 2159
2129 1244 1520
1520 1244 2129
1244 1520 2129
2806 1257 2537
1257 2537 2806
2537 1257 2806
2346 2348 2783
2783 2346 2348
2348 2346 2783
935 2212 2396
2396 935 2212
2212 935 2396
1430 1001 2606
1001 1430 2606
2606 1001 1430
1176 752 2775
752 1176 2775
2775 752 1176
247 82 1380
82 247 1380
1380 82 247
102 2318 2813
2318 102 2813
2813 102 2318
2687 451 972
451 972 2687
972 451 2687
1020 662 2620
662 1020 2620
2620 662 1020
2189 1363 1504
1504 1363 2189
1363 1504 2189
1719 1809 2547
2547 1719 1809
1809 1719 2547
2714 2107 2301
2301 2107 2714
2107 2301 2714
903 61 525
525 61 903
61 525 903
556 605 626
626 556 605
605 556 626
1956 1375 2309
2309 1375 1956
1375 1956 2309
1165 1016 1342
1342 1016 1165
1016 1165 1342
1583 566 2072
566 1583 2072
2072 566 1583
1977 652 2147
652 1977 2147
2147 652 1977
256 441 719
441 256 719
719 256 441
1965 68 583
583 68 1965
68 583 1965
952 294 1124
294 952 1124
1124 294 952
733 1766 2439
2439 733 1766
1766 733 2439
1327 1552 2863
2863 1327 1552
1552 1327 2863
2914 1352 1757
1352 1757 2914
1757 1352 2914
2539 1023 2180
1023 2180 2539
2180 1023 2539
1879 1835 2778
1835 1879 2778
2778 1835 1879
720 49 2636
49 720 2636
2636 49 720
1046 371 2440
2440 371 1046
371 1046 2440
2643 1297 1997
1297 1997 2643
1997 1297 2643
326 187 2657
2657 187 326
187 326 2657
1337 63 638
638 63 1337
63 638 1337
2151 1382 1964
1382 1964 2151
1964 1382 2151
1437 445 694
694 445 1437
445 694 1437
2839 939 2723
2723 939 2839
939 2723 2839
1543 728 1996
1996 728 1543
728 1543 1996
724 2154 2930
2930 724 2154
2154 724 2930
922 1461 2971
2971 922 1461
1461 922 2971
1783 702 1002
702 1002 1783
1002 702 1783
476 2350 2577
2350 476 2577
2577 476 2350
1259 2062 2484
2062 1259 2484
2484 1259 2062
372 1920 2192
1920 372 2192
2192 372 1920
1039 403 2548
403 1039 2548
2548 403 1039
1216 311 1468
311 1216 1468
1468 311 1216
2037 1420 2634
2634 1420 2037
1420 2037 2634
2696 947 1862
1862 947 2696
947 1862 2696
2517 1569 2031
1569 2031 2517
2031 1569 2517
2014 1469 1621
1621 1469 2014
1469 1621 2014
780 272 2476
272 780 2476
2476 272 780
2734 346 1132
346 1132 2734
1132 346 2734
241 2475 2793
2793 241 2475
2475 241 2793
2850 258 582
258 582 2850
582 258 2850
1145 1123 1657
1123 1145 1657
1657 1123 1145
1058 462 1386
1386 462 1058
462 1058 1386
1634 714 1246
1246 714 1634
714 1246 1634
1294 473 1398
1398 473 1294
473 1294 1398
2279 222 1677
1677 222 2279
222 1677 2279
757 146 1555
1555 146 757
146 757 1555
2583 208 2888
2888 208 2583
208 2583 2888
2858 521 1971
521 1971 2858
1971 521 2858
649 255 2926
255 649 2926
2926 255 649
1143 601 2400
2400 601 1143
601 1143 2400
1869 1057 2090
2090 1057 1869
1057 1869 2090
1162 100 739
739 100 1162
100 739 1162
368 1836 2871
1836 368 2871
2871 368 1836
1802 214 1331
1331 214 1802
214 1331 1802
765 129 259
259 129 765
129 259 765
1464 1954 2735
1954 1464 2735
2735 1464 1954
675 1135 2894
1135 675 2894
2894 675 1135
2781 2157 2315
2157 2315 2781
2315 2157 2781
1282 817 2647
2647 817 1282
817 1282 2647
2271 1735 2919
2919 1735 2271
1735 2271 2919
1669 774 986
774 986 1669
986 774 1669
1994 340 2902
2902 340 1994
340 1994 2902
1032 1824 2745
2745 1032 1824
1824 1032 2745
2669 1407 2953
2953 1407 2669
1407 2669 2953
2731 1428 2274
1428 2274 2731
2274 1428 2731
1763 215 517
215 517 1763
517 215 1763
2638 1910 2727
1910 2638 2727
2727 1910 2638
33 1978 2984
2984 33 1978
1978 33 2984
1679 1080 1960
1080 1679 1960
1960 1080 1679
539 1170 2505
1170 539 2505
2505 539 1170
2786 489 2767
489 2767 2786
2767 489 2786
1450 1602 2477
1602 1450 2477
2477 1450 1602
980 863 2811
863 980 2811
2811 863 980
2016 234 2795
2795 234 2016
234 2016 2795
2427 596 1416
1416 596 2427
596 1416 2427
2836 794 974
974 794 2836
794 974 2836
2040 1698 2258
2258 1698 2040
1698 2040 2258
2855 28 2015
2015 28 2855
28 2015 2855
1345 736 2225
2225 736 1345
736 1345 2225
2607 1344 2420
2420 1344 2607
1344 2420 2607
338 964 1384
964 338 1384
1384 338 964
717 1219 1884
1219 717 1884
1884 717 1219
1609 979 2259
979 1609 2259
2259 979 1609
1457 47 1339
1339 47 1457
47 1339 1457
397 2501 2885
2501 397 2885
2885 397 2501
1857 186 1489
1489 186 1857
186 1489 1857
1665 911 2339
2339 911 1665
911 1665 2339
674 381 2694
2694 381 674
381 674 2694
1710 377 712
712 377 1710
377 712 1710
2829 315 2810
315 2810 2829
2810 315 2829
1781 345 2487
2487 345 1781
345 1781 2487
1038 777 2589
777 1038 2589
2589 777 1038
2302 1142 2408
1142 2302 2408
2408 1142 2302
927 45 608
608 45 927
45 608 927
2959 126 1215
126 1215 2959
1215 126 2959
127 530 955
955 127 530
530 127 955
1821 71 2108
2108 71 1821
71 1821 2108
2560 1373 2562
1373 2560 2562
2562 1373 2560
1848 2035 2756
2035 1848 2756
2756 1848 2035
2311 42 335
42 335 2311
335 42 2311
1629 568 1823
568 1629 1823
1823 568 1629
1163 497 1500
1500 497 1163
497 1163 1500
1747 1490 2488
1490 1747 2488
2488 1490 1747
518 923 1645
923 518 1645
1645 518 923
407 60 2992
2992 60 407
60 407 2992
2022 118 1514
1514 118 2022
118 1514 2022
528 769 2887
769 528 2887
2887 528 769
2097 1887 1959
1959 1887 2097
1887 1959 2097
1439 1623 1779
1779 1439 1623
1623 1439 1779
1610 2045 2205
2205 1610 2045
2045 1610 2205
1181 1356 1692
1356 1181 1692
1692 1181 1356
1942 1441 2410
2410 1441 1942
1441 1942 2410
1649 1801 2564
1801 1649 2564
2564 1649 1801
243 562 2732
2732 243 562
562 243 2732
1157 1711 2198
1711 1157 2198
2198 1157 1711
1150 710 1796
1796 710 1150
710 1150 1796
1303 1495 1948
1495 1303 1948
1948 1303 1495
771 505 2768
505 771 2768
2768 505 771
514 1620 2174
2174 514 1620
1620 514 2174
676 254 2291
2291 254 676
254 676 2291
1230 594 2820
2820 594 1230
594 1230 2820
1107 669 2651
2651 669 1107
669 1107 2651
665 108 2434
2434 108 665
108 665 2434
1616 1086 2028
2028 1086 1616
1086 1616 2028
2784 351 1563
351 1563 2784
1563 351 2784
1592 882 1463
1463 882 1592
882 1463 1592
1377 2048 2843
2843 1377 2048
2048 1377 2843
770 30 2025
30 770 2025
2025 30 770
2009 1269 1577
1577 1269 2009
1269 1577 2009
198 970 1658
970 198 1658
1658 198 970
1995 868 2838
868 1995 2838
2838 868 1995
1248 6 2470
6 1248 2470
2470 6 1248
201 482 993
482 201 993
993 201 482
1691 609 2609
609 1691 2609
2609 609 1691
2592 1028 1678
1678 1028 2592
1028 1678 2592
1295 732 2138
2138 732 1295
732 1295 2138
453 1891 2437
2437 453 1891
1891 453 2437
632 292 2986
2986 292 632
292 632 2986
1591 296 2481
296 1591 2481
2481 296 1591
1218 2085 2370
2370 1218 2085
2085 1218 2370
1531 420 2677
420 1531 2677
2677 420 1531
2575 1726 1793
1793 1726 2575
1726 1793 2575
2221 1402 1518
1518 1402 2221
1402 1518 2221
101 2137 2660
2660 101 2137
2137 101 2660
384 1260 1924
1260 384 1924
1924 384 1260
1934 448 2597
2597 448 1934
448 1934 2597
224 1953 2618
2618 224 1953
1953 224 2618
242 1091 2506
1091 242 2506
2506 242 1091
1444 1818 2816
1818 1444 2816
2816 1444 1818
2312 1064 1906
1064 1906 2312
1906 1064 2312
1667 306 1148
306 1148 1667
1148 306 1667
2148 1034 2334
1034 2148 2334
2334 1034 2148
991 1225 1462
1462 991 1225
1225 991 1462
2522 2036 2751
2751 2036 2522
2036 2522 2751
1739 1065 2310
1065 1739 2310
2310 1065 1739
1727 1454 1800
1800 1454 1727
1454 1727 1800
1830 855 1298
855 1298 1830
1298 855 1830
1458 646 2376
646 1458 2376
2376 646 1458
506 2546 2952
2952 506 2546
2546 506 2952
2918 77 1791
1791 77 2918
77 1791 2918
325 62 763
62 325 763
763 62 325
2782 1115 1139
1115 1139 2782
1139 1115 2782
2183 220 1315
220 1315 2183
1315 220 2183
699 2495 2544
2544 699 2495
2495 699 2544
2252 15 1600
1600 15 2252
15 1600 2252
2623 388 2119
2119 388 2623
388 2119 2623
1077 1156 1759
1156 1077 1759
1759 1077 1156
2925 891 1550
1550 891 2925
891 1550 2925
79 1391 1399
1391 79 1399
1399 79 1391
2608 1484 2472
2472 1484 2608
1484 2472 2608
2880 1087 1673
1673 1087 2880
1087 1673 2880
2140 1422 2963
2963 1422 2140
1422 2140 2963
2063 2453 2519
2453 2063 2519
2519 2063 2453
503 523 985
985 503 523
523 503 985
747 72 110
110 72 747
72 110 747
1585 307 1911
1911 307 1585
307 1585 1911
1196 99 2409
99 1196 2409
2409 99 1196
1526 599 865
865 599 1526
599 865 1526
795 571 851
851 571 795
571 795 851
1925 698 1737
698 1737 1925
1737 698 1925
2905 2765 2789
2789 2765 2905
2765 2789 2905
1443 853 2395
2395 853 1443
853 1443 2395
1175 2593 2653
2593 1175 2653
2653 1175 2593
2381 1597 1642
1597 1642 2381
1642 1597 2381
1872 1068 1750
1068 1750 1872
1750 1068 1872
1182 615 1262
1262 615 1182
615 1182 1262
2954 148 531
531 148 2954
148 531 2954
1031 850 1488
850 1031 1488
1488 850 1031
1987 1950 2883
1950 1987 2883
2883 1950 1987
1033 313 2263
2263 313 1033
313 1033 2263
1746 1241 1819
1819 1241 1746
1241 1746 1819
260 138 1856
1856 138 260
138 260 1856
598 59 1159
1159 59 598
59 598 1159
2865 1509 2924
1509 2865 2924
2924 1509 2865
2518 1741 2970
2970 1741 2518
1741 2518 2970
643 658 2542
658 643 2542
2542 643 658
2666 2066 2294
2066 2294 2666
2294 2066 2666
2771 91 1733
91 1733 2771
1733 91 2771
2837 119 2587
119 2587 2837
2587 119 2837
745 295 1027
295 745 1027
1027 295 745
2915 1185 1574
1185 1574 2915
1574 1185 2915
1119 967 2331
967 1119 2331
2331 967 1119
19 990 1765
1765 19 990
990 19 1765
945 782 897
897 782 945
782 897 945
2186 470 1429
470 1429 2186
1429 470 2186
2253 446 2199
446 2199 2253
2199 446 2253
1804 1670 2160
2160 1670 1804
1670 1804 2160
1777 1541 1922
1541 1777 1922
1922 1541 1777
1661 1970 2733
2733 1661 1970
1970 1661 2733
969 73 2747
2747 73 969
73 969 2747
1709 155 1553
155 1553 1709
1553 155 1709
509 25 581
581 25 509
25 509 581
280 1130 1409
1130 280 1409
1409 280 1130
2438 140 164
140 164 2438
164 140 2438
1424 834 2772
834 1424 2772
2772 834 1424
2706 873 1253
873 1253 2706
1253 873 2706
2602 236 888
236 888 2602
888 236 2602
2572 526 634
526 634 2572
634 526 2572
2908 2335 2601
2601 2335 2908
2335 2601 2908
2983 1720 2008
2008 1720 2983
1720 2008 2983
956 1734 1903
1734 956 1903
1903 956 1734
760 1292 2689
2689 760 1292
1292 760 2689
711 1252 1523
1523 711 1252
1252 711 1523
1717 493 1643
493 1643 1717
1643 493 1717
437 2029 2675
2029 437 2675
2675 437 2029
2173 2599 2947
2599 2173 2947
2947 2173 2599
546 2113 2769
2113 546 2769
2769 546 2113
552 734 2886
2886 552 734
734 552 2886
1983 1474 2939
2939 1474 1983
1474 1983 2939
2425 299 358
299 358 2425
358 299 2425
390 693 1939
693 390 1939
1939 390 693
919 2126 2705
2126 919 2705
2705 919 2126
2283 253 1651
253 1651 2283
1651 253 2283
1695 2585 2974
2974 1695 2585
2585 1695 2974
5 22 2921
22 5 2921
2921 5 22
1425 1438 2276
2276 1425 1438
1438 1425 2276
2792 1633 1858
1858 1633 2792
1633 1858 2792
103 545 2833
545 103 2833
2833 103 545
2912 983 2313
2313 983 2912
983 2313 2912
13 1688 2571
2571 13 1688
1688 13 2571
2134 2299 2758
2758 2134 2299
2299 2134 2758
617 1104 2461
2461 617 1104
1104 617 2461
270 862 879
862 270 879
879 270 862
398 1476 2553
2553 398 1476
1476 398 2553
78 431 1718
1718 78 431
431 78 1718
2394 1189 2966
1189 2394 2966
2966 1189 2394
1947 2304 2445
2445 1947 2304
2304 1947 2445
289 166 332
332 166 289
166 289 332
2907 796 1989
796 1989 2907
1989 796 2907
1009 412 1611
412 1009 1611
1611 412 1009
487 330 2707
2707 330 487
330 487 2707
2896 331 2179
2179 331 2896
331 2179 2896
2774 1383 2206
1383 2206 2774
2206 1383 2774
2393 1192 1988
1192 1988 2393
1988 1192 2393
248 158 2870
158 248 2870
2870 158 248
1238 1949 2059
1949 1238 2059
2059 1238 1949
792 802 2172
802 792 2172
2172 792 802
2238 1388 2708
2708 1388 2238
1388 2238 2708
2290 115 2220
115 2220 2290
2220 115 2290
735 940 1655
1655 735 940
940 735 1655
17 23 2972
2972 17 23
23 17 2972
283 1007 1097
1007 283 1097
1097 283 1007
2523 475 1448
475 1448 2523
1448 475 2523
762 810 1256
810 762 1256
1256 762 810
800 1907 2297
2297 800 1907
1907 800 2297
2630 934 2308
2308 934 2630
934 2308 2630
382 11 818
11 382 818
818 11 382
2003 866 2431
2431 866 2003
866 2003 2431
1527 235 2901
2901 235 1527
235 1527 2901
2006 56 1081
56 1081 2006
1081 56 2006
2941 1945 2736
1945 2736 2941
2736 1945 2941
2353 40 1812
1812 40 2353
40 1812 2353
2785 875 1851
875 1851 2785
1851 875 2785
881 97 1470
97 881 1470
1470 97 881
549 1361 2141
2141 549 1361
1361 549 2141
1473 590 2149
590 1473 2149
2149 590 1473
2337 1194 2150
1194 2150 2337
2150 1194 2337
2743 950 1410
1410 950 2743
950 1410 2743
1877 2136 2264
2264 1877 2136
2136 1877 2264
1993 768 1962
1962 768 1993
768 1962 1993
386 429 1986
429 386 1986
1986 386 429
621 2884 2973
2884 621 2973
2973 621 2884
2692 1901 2600
1901 2600 2692
2600 1901 2692
1487 907 1672
1672 907 1487
907 1487 1672
2038 1229 2285
1229 2038 2285
2285 1229 2038
1270 1166 2391
1166 1270 2391
2391 1166 1270
391 433 791
791 391 433
433 391 791
1627 143 2853
143 1627 2853
2853 143 1627
569 966 2181
966 569 2181
2181 569 966
1926 2196 2655
2196 1926 2655
2655 1926 2196
1313 635 1392
635 1313 1392
1392 635 1313
1048 1367 2084
1367 1048 2084
2084 1048 1367
2322 845 2330
2330 845 2322
845 2322 2330
1871 773 2171
773 1871 2171
2171 773 1871
1288 887 1449
887 1288 1449
1449 887 1288
1630 1700 2940
2940 1630 1700
1700 1630 2940
1538 776 1547
1547 776 1538
776 1538 1547
2127 2766 2985
2766 2127 2985
2985 2127 2766
2019 1310 1790
1310 1790 2019
1790 1310 2019
2184 1880 2711
2711 1880 2184
1880 2184 2711
550 828 1984
828 550 1984
1984 550 828
2535 543 1348
543 1348 2535
1348 543 2535
681 336 2380
2380 336 681
336 681 2380
1696 1405 1522
1522 1405 1696
1405 1522 1696
2226 350 644
350 644 2226
644 350 2226
2529 2464 2897
2464 2529 2897
2897 2464 2529
213 176 2916
176 213 2916
2916 176 213
697 1094 1304
1094 697 1304
1304 697 1094
1052 36 1102
1102 36 1052
36 1052 1102
465 18 1919
1919 18 465
18 465 1919
1694 2465 2730
2465 1694 2730
2730 1694 2465
2228 833 1668
833 1668 2228
1668 833 2228
614 756 2659
756 614 2659
2659 614 756
878 2386 2796
2796 878 2386
2386 878 2796
426 1566 2729
1566 426 2729
2729 426 1566
1534 2139 2424
2424 1534 2139
2139 1534 2424
141 811 2418
811 141 2418
2418 141 811
172 1690 1980
1980 172 1690
1690 172 1980
1888 864 2800
864 1888 2800
2800 864 1888
88 144 616
616 88 144
144 88 616
2132 1418 2412
2412 1418 2132
1418 2132 2412
120 1503 2847
2847 120 1503
1503 120 2847
2509 2039 2142
2142 2039 2509
2039 2142 2509
2981 633 2817
2817 633 2981
633 2817 2981
996 992 2237
992 996 2237
2237 992 996
1854 1619 2718
1619 1854 2718
2718 1619 1854
1231 1149 1515
1515 1149 1231
1149 1231 1515
2005 1320 1556
1556 1320 2005
1320 1556 2005
3 1938 2300
1938 3 2300
2300 3 1938
787 926 2056
926 787 2056
2056 787 926
2673 238 2455
2455 238 2673
238 2455 2673
308 1480 2034
2034 308 1480
1480 308 2034
2118 2133 2284
2133 2118 2284
2284 2118 2133
21 1895 2303
2303 21 1895
1895 21 2303
399 2233 2296
2233 399 2296
2296 399 2233
1408 348 2232
2232 348 1408
348 1408 2232
171 1900 2982
1900 171 2982
2982 171 1900
310 689 2654
2654 310 689
689 310 2654
2307 479 1789
479 1789 2307
1789 479 2307
2415 758 2235
758 2235 2415
2235 758 2415
2316 323 1921
1921 323 2316
323 1921 2316
807 1415 2531
1415 807 2531
2531 807 1415
130 159 1154
159 130 1154
1154 130 159
217 1813 2667
1813 217 2667
2667 217 1813
2374 1387 2944
1387 2374 2944
2944 1387 2374
2882 2088 2256
2088 2256 2882
2256 2088 2882
1116 1650 2211
1650 1116 2211
2211 1116 1650
2567 361 1173
361 1173 2567
1173 361 2567
20 2074 2851
2851 20 2074
2074 20 2851
2423 624 2502
624 2423 2502
2502 624 2423
2737 1666 2545
2545 1666 2737
1666 2545 2737
1482 519 1881
1881 519 1482
519 1482 1881
2155 639 1019
639 1019 2155
1019 639 2155
1618 134 196
134 196 1618
196 134 1618
2071 458 1808
458 1808 2071
1808 458 2071
1676 132 302
132 302 1676
302 132 1676
1394 52 2629
52 1394 2629
2629 52 1394
1732 1524 1529
1524 1529 1732
1529 1524 1732
320 1999 2805
1999 320 2805
2805 320 1999
2968 847 2928
2928 847 2968
847 2928 2968
1892 1266 2574
1266 1892 2574
2574 1266 1892
218 954 2631
2631 218 954
954 218 2631
1302 188 2801
2801 188 1302
188 1302 2801
93 1815 2432
2432 93 1815
1815 93 2432
1664 87 1944
87 1664 1944
1944 87 1664
409 449 1931
449 409 1931
1931 409 449
645 1785 1786
1785 645 1786
1786 645 1785
2156 1008 1631
1008 1631 2156
1631 1008 2156
2257 1475 2092
1475 2092 2257
2092 1475 2257
2075 1637 1697
1637 1697 2075
1697 1637 2075
2135 2096 2864
2864 2096 2135
2096 2135 2864
2020 1860 2471
1860 2020 2471
2471 1860 2020
1774 1042 1912
1042 1774 1912
1912 1042 1774
1992 419 2960
2960 419 1992
419 1992 2960
2260 1440 1981
1981 1440 2260
1440 1981 2260
383 831 2906
2906 383 831
831 383 2906
121 1496 2867
2867 121 1496
1496 121 2867
2569 2317 2881
2881 2317 2569
2317 2569 2881
1397 211 281
211 281 1397
281 211 1397
1121 1106 2787
1106 1121 2787
2787 1106 1121
2401 1226 2622
2622 1226 2401
1226 2401 2622
846 51 2598
2598 51 846
51 846 2598
212 85 602
602 85 212
85 212 602
1560 316 1243
1243 316 1560
316 1243 1560
2050 491 1212
1212 491 2050
491 1212 2050
2911 1684 2203
1684 2203 2911
2203 1684 2911
2642 641 2917
2917 641 2642
641 2642 2917
2672 1537 1622
1622 1537 2672
1537 1622 2672
2990 2047 2122
2122 2047 2990
2047 2122 2990
246 2152 2868
2152 246 2868
2868 246 2152
468 1060 1451
1060 468 1451
1451 468 1060
1974 344 982
344 982 1974
982 344 1974
1426 942 1198
1198 942 1426
942 1198 1426
2803 2368 2874
2874 2368 2803
2368 2803 2874
1917 459 2967
2967 459 1917
459 1917 2967
2352 1092 1722
1092 1722 2352
1722 1092 2352
2935 1090 2831
2831 1090 2935
1090 2831 2935
2697 867 2691
867 2691 2697
2691 867 2697
227 706 1446
706 227 1446
1446 227 706
589 1832 2456
2456 589 1832
1832 589 2456
2538 580 2989
2989 580 2538
580 2538 2989
2790 207 1103
1103 207 2790
207 1103 2790
2590 400 2248
400 2248 2590
2248 400 2590
1004 920 1195
920 1004 1195
1195 920 1004
2111 447 1206
447 1206 2111
1206 447 2111
2089 2117 2170
2170 2089 2117
2117 2089 2170
1390 322 2738
2738 322 1390
322 1390 2738
1558 167 1846
167 1558 1846
1846 167 1558
321 1899 2292
2292 321 1899
1899 321 2292
1625 680 1006
1006 680 1625
680 1006 1625
1599 1507 1593
1593 1507 1599
1507 1593 1599
2680 1062 2665
1062 2665 2680
2665 1062 2680
2201 375 2909
2909 375 2201
375 2201 2909
1051 688 844
688 844 1051
844 688 1051
1151 7 98
7 98 1151
98 7 1151
2208 1946 2385
2385 1946 2208
1946 2208 2385
57 230 1937
1937 57 230
230 57 1937
190 95 704
95 190 704
704 95 190
1264 1070 2054
1070 1264 2054
2054 1070 1264
1764 1174 1544
1544 1174 1764
1174 1544 1764
1810 430 1753
430 1753 1810
1753 430 1810
2995 1909 2489
2489 1909 2995
1909 2489 2995
2615 1093 1414
1093 1414 2615
1414 1093 2615
2435 178 1525
1525 178 2435
178 1525 2435
2534 2305 2661
2661 2305 2534
2305 2534 2661
627 1401 1707
1707 627 1401
1401 627 1707
629 560 1289
560 629 1289
1289 560 629
666 202 798
202 666 798
798 202 666
2018 1878 2234
1878 2018 2234
2234 1878 2018
385 387 2417
387 385 2417
2417 385 387
542 376 801
801 376 542
376 542 801
2099 622 1681
1681 622 2099
622 1681 2099
2287 567 2013
567 2013 2287
2013 567 2287
731 1128 1177
1128 731 1177
1177 731 1128
9 221 1797
1797 9 221
221 9 1797
70 648 1224
648 70 1224
1224 70 648
1776 532 2289
2289 532 1776
532 1776 2289
1452 1775 2363
2363 1452 1775
1775 1452 2363
1985 842 1703
1703 842 1985
842 1703 1985
1000 2185 2866
2866 1000 2185
2185 1000 2866
861 1837 1973
1837 861 1973
1973 861 1837
502 958 2210
958 502 2210
2210 502 958
2041 2469 2473
2473 2041 2469
2469 2041 2473
1536 695 1258
695 1258 1536
1258 695 1536
1516 1689 2676
2676 1516 1689
1689 1516 2676
2049 111 1305
1305 111 2049
111 1305 2049
1492 815 2079
2079 815 1492
815 1492 2079
2087 195 1250
1250 195 2087
195 1250 2087
1567 2429 2946
2429 1567 2946
2946 1567 2429
595 284 1179
284 595 1179
1179 284 595
2342 1477 2273
2273 1477 2342
1477 2273 2342
2639 329 1795
1795 329 2639
329 1795 2639
2076 1941 2840
2840 1941 2076
1941 2076 2840
2112 2320 2682
2682 2112 2320
2320 2112 2682
1894 261 370
370 261 1894
261 370 1894
900 466 820
820 466 900
466 820 900
2131 971 2698
2698 971 2131
971 2131 2698
1674 477 916
916 477 1674
477 916 1674
1076 1099 2101
1099 1076 2101
2101 1076 1099
2570 27 150
150 27 2570
27 150 2570
2780 836 2878
836 2780 2878
2878 836 2780
808 1319 2746
2746 808 1319
1319 808 2746
1491 906 2023
2023 906 1491
906 1491 2023
977 237 1908
237 977 1908
1908 237 977
925 469 1990
469 925 1990
1990 469 925
1991 490 2720
2720 490 1991
490 1991 2720
165 84 1205
84 165 1205
1205 84 165
1736 1721 2369
2369 1721 1736
1721 1736 2369
38 880 2229
880 38 2229
2229 38 880
239 485 2433
2433 239 485
485 239 2433
1061 423 930
423 930 1061
930 423 1061
2845 291 1158
1158 291 2845
291 1158 2845
8 37 2055
2055 8 37
37 8 2055
1640 786 2073
2073 786 1640
786 1640 2073
1915 156 1723
1723 156 1915
156 1723 1915
1291 1483 2976
2976 1291 1483
1483 1291 2976
104 122 1419
122 104 1419
1419 104 122
1546 1141 1955
1955 1141 1546
1141 1546 1955
1207 1235 2719
2719 1207 1235
1235 1207 2719
2231 1037 1370
1037 1370 2231
1370 1037 2231
2441 2450 2859
2859 2441 2450
2450 2441 2859
2498 1359 1923
1923 1359 2498
1359 1923 2498
1760 263 705
705 263 1760
263 705 1760
185 287 1054
287 185 1054
1054 185 287
2690 812 960
812 960 2690
960 812 2690
738 2114 2670
2670 738 2114
2114 738 2670
245 66 1153
66 245 1153
1153 66 245
1036 1072 2216
2216 1036 1072
1072 1036 2216
775 600 2110
600 775 2110
2110 600 775
936 356 1565
356 936 1565
1565 356 936
2468 464 2716
2716 464 2468
464 2468 2716
1082 1018 2511
2511 1018 1082
1018 1082 2511
2872 74 721
721 74 2872
74 721 2872
1322 557 1193
557 1193 1322
1193 557 1322
2044 439 968
439 968 2044
968 439 2044
558 501 2563
2563 501 558
501 558 2563
301 1114 1133
1114 301 1133
1133 301 1114
2957 931 2904
931 2904 2957
2904 931 2957
1381 31 1573
31 1381 1573
1573 31 1381
976 902 2443
2443 902 976
902 976 2443
2540 914 1755
914 1755 2540
1755 914 2540
2624 324 1047
324 1047 2624
1047 324 2624
860 1865 2458
2458 860 1865
1865 860 2458
1296 1705 2763
1705 1296 2763
2763 1296 1705
90 737 1022
737 90 1022
1022 90 737
2478 1839 2533
2533 1839 2478
1839 2478 2533
607 840 2360
2360 607 840
840 607 2360
2685 2067 2169
2169 2067 2685
2067 2169 2685
1843 1186 2474
2474 1186 1843
1186 1843 2474
2764 625 1586
625 1586 2764
1586 625 2764
2504 1479 2503
1479 2503 2504
2503 1479 2504
1653 1275 2222
2222 1275 1653
1275 1653 2222
1211 884 1074
884 1074 1211
1074 884 1211
535 1049 1326
1326 535 1049
1049 535 1326
2332 114 1663
1663 114 2332
114 1663 2332
2069 80 1778
1778 80 2069
80 1778 2069
1014 1379 2844
1379 1014 2844
2844 1014 1379
1767 1308 2949
2949 1308 1767
1308 1767 2949
362 612 726
612 362 726
726 362 612
790 1335 1714
1335 790 1714
1714 790 1335
193 112 1227
112 193 1227
1227 112 193
613 157 510
157 510 613
510 157 613
1267 276 1017
1017 276 1267
276 1017 1267
183 1030 2116
2116 183 1030
1030 183 2116
838 685 1067
1067 685 838
685 838 1067
874 2240 2378
2240 874 2378
2378 874 2240
128 14 2700
14 128 2700
2700 14 128
147 209 696
696 147 209
209 147 696
1199 1432 2143
1432 1199 2143
2143 1199 1432
2551 1378 2250
1378 2250 2551
2250 1378 2551
2046 1109 2218
2218 1109 2046
1109 2046 2218
2493 1134 1972
1134 1972 2493
1972 1134 2493
1792 1140 1998
1140 1792 1998
1998 1140 1792
2161 124 912
912 124 2161
124 912 2161
1283 889 2416
2416 889 1283
889 1283 2416
1265 587 2166
587 1265 2166
2166 587 1265
1349 1202 2849
2849 1202 1349
1202 1349 2849
174 163 2033
163 174 2033
2033 163 174
1350 2556 2791
2556 1350 2791
2791 1350 2556
2998 859 2854
2854 859 2998
859 2854 2998
913 2355 2555
2555 913 2355
2355 913 2555
2825 396 2621
2621 396 2825
396 2621 2825
2021 1160 2526
2526 1160 2021
1160 2021 2526
1406 1127 1712
1712 1127 1406
1127 1406 1712
109 1069 2254
2254 109 1069
1069 109 2254
2862 741 1576
741 1576 2862
1576 741 2862
2024 203 1612
203 1612 2024
1612 203 2024
1648 1433 2214
2214 1433 1648
1433 1648 2214
917 579 1045
1045 579 917
579 917 1045
1442 2389 2704
2389 1442 2704
2704 1442 2389
1110 2 1594
1594 2 1110
2 1110 1594
684 1190 1204
1204 684 1190
1190 684 1204
2568 32 1982
1982 32 2568
32 1982 2568
2182 2227 2932
2227 2182 2932
2932 2182 2227
2494 480 578
480 578 2494
578 480 2494
35 2326 2744
2326 35 2744
2744 35 2326
783 2405 3000
3000 783 2405
2405 783 3000
1309 2293 2626
2293 1309 2626
2626 1309 2293
1146 537 2266
537 1146 2266
2266 537 1146
1105 216 1272
216 1105 1272
1272 216 1105
2011 39 1682
39 1682 2011
1682 39 2011
563 793 1307
793 563 1307
1307 563 793
450 1533 2740
2740 450 1533
1533 450 2740
895 892 1521
1521 892 895
892 895 1521
26 1861 2082
2082 26 1861
1861 26 2082
988 561 785
561 785 988
785 561 988
2724 647 1976
647 1976 2724
1976 647 2724
2832 1191 2500
2500 1191 2832
1191 2500 2832
1220 1687 2541
2541 1220 1687
1687 1220 2541
496 904 1354
904 496 1354
1354 496 904
494 1794 2798
2798 494 1794
1794 494 2798
2834 1713 2414
1713 2414 2834
2414 1713 2834
591 576 2366
576 591 2366
2366 576 591
484 2490 2614
2614 484 2490
2490 484 2614
