23778 12136 27647
12136 23778 27647
27647 12136 23778
16714 8910 9240
9240 8910 16714
8910 9240 16714
25236 13622 23688
13622 23688 25236
23688 13622 25236
7631 8307 14864
14864 7631 8307
8307 7631 14864
12965 13964 17721
13964 12965 17721
17721 12965 13964
21987 8119 13474
13474 8119 21987
8119 13474 21987
19040 5036 13352
5036 13352 19040
13352 5036 19040
28965 12253 19767
12253 19767 28965
19767 12253 28965
8793 2487 8488
8488 2487 8793
2487 8488 8793
11219 4350 7606
7606 4350 11219
4350 7606 11219
29901 19310 24060
24060 19310 29901
19310 24060 29901
25054 3058 7978
3058 7978 25054
7978 3058 25054
13982 8062 15297
15297 8062 13982
8062 13982 15297
27092 16101 20965
20965 16101 27092
16101 20965 27092
21164 22890 26572
22890 21164 26572
26572 21164 22890
16810 2877 5834
5834 2877 16810
2877 5834 16810
25790 12440 19519
12440 19519 25790
19519 12440 25790
16168 13227 15322
13227 15322 16168
15322 13227 16168
23871 13192 17695
17695 13192 23871
13192 17695 23871
2192 17242 20043
20043 2192 17242
17242 2192 20043
21368 19939 23968
19939 21368 23968
23968 19939 21368
4083 7207 14470
14470 4083 7207
7207 4083 14470
25963 11530 23054
11530 23054 25963
23054 11530 25963
14966 2355 20026
2355 14966 20026
20026 2355 14966
23148 6210 13647
6210 13647 23148
13647 6210 23148
26266 9601 11875
9601 11875 26266
11875 9601 26266
13814 2775 3113
3113 2775 13814
2775 3113 13814
22099 1142 18275
18275 1142 22099
1142 18275 22099
10799 20662 29946
29946 10799 20662
20662 10799 29946
3563 12333 23687
12333 3563 23687
23687 3563 12333
28200 5247 6519
6519 5247 28200
5247 6519 28200
18005 3553 19719
3553 18005 19719
19719 3553 18005
8543 1206 25238
1206 8543 25238
25238 1206 8543
12820 21248 23807
21248 12820 23807
23807 12820 21248
16028 5189 11575
5189 11575 16028
11575 5189 16028
1462 12118 28429
28429 1462 12118
12118 1462 28429
2305 18349 22346
18349 2305 22346
22346 2305 18349
5923 10632 23305
10632 5923 23305
23305 5923 10632
29195 27334 27699
27334 27699 29195
27699 27334 29195
27810 1348 17408
1348 17408 27810
17408 1348 27810
4427 6833 15620
15620 4427 6833
6833 4427 15620
20803 18233 19277
18233 19277 20803
19277 18233 20803
3223 15825 29098
29098 3223 15825
15825 3223 29098
4322 13720 27142
27142 4322 13720
13720 4322 27142
12732 6581 12854
12854 6581 12732
6581 12732 12854
11695 2970 20649
2970 11695 20649
20649 2970 11695
21112 17145 20475
20475 17145 21112
17145 20475 21112
26936 7548 19487
19487 7548 26936
7548 19487 26936
606 12051 15693
12051 606 15693
15693 606 12051
3824 20151 20826
20151 3824 20826
20826 3824 20151
14019 5605 17459
17459 5605 14019
5605 14019 17459
10623 12778 21436
12778 10623 21436
21436 10623 12778
26866 3767 27843
3767 26866 27843
27843 3767 26866
1480 10051 15127
15127 1480 10051
10051 1480 15127
18442 4570 25772
4570 18442 25772
25772 4570 18442
25542 11376 20762
11376 20762 25542
20762 11376 25542
29170 20291 23427
23427 20291 29170
20291 23427 29170
17387 13499 25751
25751 13499 17387
13499 17387 25751
9573 27633 29928
27633 9573 29928
29928 9573 27633
9455 7560 20216
20216 7560 9455
7560 9455 20216
22233 12045 29622
29622 12045 22233
12045 22233 29622
28234 7220 21798
7220 21798 28234
21798 7220 28234
10586 16765 26487
16765 10586 26487
26487 10586 16765
2975 4183 27189
27189 2975 4183
4183 2975 27189
21556 10332 28691
10332 21556 28691
28691 10332 21556
5332 3006 25597
25597 3006 5332
3006 5332 25597
19680 22219 27230
22219 19680 27230
27230 19680 22219
7799 638 29167
638 7799 29167
29167 638 7799
5486 3539 19937
3539 5486 19937
19937 3539 5486
23130 15591 16637
15591 16637 23130
16637 15591 23130
11439 895 7845
895 7845 11439
7845 895 11439
13743 4490 4598
4598 4490 13743
4490 4598 13743
19420 1096 2159
2159 1096 19420
1096 2159 19420
20257 20478 23684
20478 20257 23684
23684 20257 20478
24464 7121 19575
19575 7121 24464
7121 19575 24464
5666 22627 22697
22697 5666 22627
22627 5666 22697
18315 20932 26662
26662 18315 20932
20932 18315 26662
10481 18251 21413
18251 10481 21413
21413 10481 18251
10212 5812 29942
29942 5812 10212
5812 10212 29942
26400 16121 16580
16580 16121 26400
16121 16580 26400
25636 17589 18969
17589 18969 25636
18969 17589 25636
18160 5796 8070
5796 8070 18160
8070 5796 18160
29029 26970 29330
29330 26970 29029
26970 29029 29330
914 17143 18256
18256 914 17143
17143 914 18256
22460 5949 16650
5949 16650 22460
16650 5949 22460
18682 4020 14407
4020 14407 18682
14407 4020 18682
5202 7609 19417
19417 5202 7609
7609 5202 19417
5467 8422 20523
20523 5467 8422
8422 5467 20523
2037 11873 21324
21324 2037 11873
11873 2037 21324
197 10127 21326
21326 197 10127
10127 197 21326
2296 52 4811
4811 52 2296
52 2296 4811
9309 19899 27080
19899 9309 27080
27080 9309 19899
20052 14139 29367
29367 14139 20052
14139 20052 29367
18619 4915 22417
4915 18619 22417
22417 4915 18619
10149 18941 25867
18941 10149 25867
25867 10149 18941
13682 5128 11195
11195 5128 13682
5128 11195 13682
3464 14894 16695
14894 3464 16695
16695 3464 14894
18780 19370 24867
24867 18780 19370
19370 18780 24867
15517 8841 11109
8841 11109 15517
11109 8841 15517
29860 22987 29438
29438 22987 29860
22987 29438 29860
6871 16728 24534
16728 6871 24534
24534 6871 16728
23808 692 15754
15754 692 23808
692 15754 23808
22749 1791 23542
1791 22749 23542
23542 1791 22749
7675 5148 6918
5148 6918 7675
6918 5148 7675
22325 2803 19960
2803 19960 22325
19960 2803 22325
970 14860 29715
14860 970 29715
29715 970 14860
26748 4319 7997
7997 4319 26748
4319 7997 26748
10151 15589 28662
28662 10151 15589
15589 10151 28662
22043 7842 28828
28828 7842 22043
7842 22043 28828
11745 6015 16478
6015 11745 16478
16478 6015 11745
1095 15510 24358
15510 1095 24358
24358 1095 15510
28638 15881 24337
15881 24337 28638
24337 15881 28638
10395 3140 26158
3140 10395 26158
26158 3140 10395
408 13657 21531
13657 408 21531
21531 408 13657
14459 16014 29925
29925 14459 16014
16014 14459 29925
18171 14298 23836
14298 18171 23836
23836 14298 18171
12123 26334 28993
28993 12123 26334
26334 12123 28993
28142 20630 23785
20630 23785 28142
23785 20630 28142
3994 3366 28796
28796 3366 3994
3366 3994 28796
23074 5157 29673
5157 23074 29673
29673 5157 23074
11895 9443 24403
24403 9443 11895
9443 11895 24403
20440 725 20607
20607 725 20440
725 20440 20607
29360 19983 27361
19983 27361 29360
27361 19983 29360
5164 1572 3323
3323 1572 5164
1572 3323 5164
15626 150 1360
1360 150 15626
150 1360 15626
15778 20138 26141
26141 15778 20138
20138 15778 26141
26871 57 14846
57 14846 26871
14846 57 26871
29160 16861 25842
25842 16861 29160
16861 25842 29160
21035 6372 12513
6372 12513 21035
12513 6372 21035
22631 9395 12739
9395 12739 22631
12739 9395 22631
24952 16158 20409
16158 20409 24952
20409 16158 24952
13523 2918 8286
2918 8286 13523
8286 2918 13523
26188 9272 23769
9272 23769 26188
23769 9272 26188
28324 8491 16538
8491 16538 28324
16538 8491 28324
18443 13693 26536
13693 18443 26536
26536 13693 18443
11602 7483 29646
29646 7483 11602
7483 11602 29646
8942 20685 29647
29647 8942 20685
20685 8942 29647
9930 18367 25400
18367 9930 25400
25400 9930 18367
25728 3843 20251
3843 20251 25728
20251 3843 25728
5046 10184 14905
14905 5046 10184
10184 5046 14905
24894 3444 17910
17910 3444 24894
3444 17910 24894
14026 5017 5071
5071 5017 14026
5017 5071 14026
28518 9576 26022
26022 9576 28518
9576 26022 28518
25401 22247 27692
22247 25401 27692
27692 22247 25401
9641 7777 20804
7777 9641 20804
20804 7777 9641
15288 15335 25379
25379 15288 15335
15335 15288 25379
15842 20701 23395
20701 15842 23395
23395 15842 20701
3061 5584 10138
5584 3061 10138
10138 3061 5584
16187 1595 26846
26846 1595 16187
1595 16187 26846
28201 5859 23353
23353 5859 28201
5859 23353 28201
9836 9232 29725
9232 9836 29725
29725 9232 9836
11142 5626 19381
19381 5626 11142
5626 11142 19381
27850 5448 13444
5448 13444 27850
13444 5448 27850
8814 22845 27350
27350 8814 22845
22845 8814 27350
4312 22355 26913
26913 4312 22355
22355 4312 26913
4933 8262 20342
20342 4933 8262
8262 4933 20342
20232 7692 29504
29504 7692 20232
7692 20232 29504
1174 4930 26950
4930 1174 26950
26950 1174 4930
8511 23793 27689
27689 8511 23793
23793 8511 27689
14307 2131 18644
18644 2131 14307
2131 14307 18644
16313 9479 18451
18451 9479 16313
9479 16313 18451
21073 11616 22249
11616 21073 22249
22249 11616 21073
18594 24210 24492
24210 18594 24492
24492 18594 24210
9344 23026 28320
23026 9344 28320
28320 9344 23026
3761 7053 17798
7053 3761 17798
17798 3761 7053
202 2155 15792
15792 202 2155
2155 202 15792
18151 18230 18618
18618 18151 18230
18230 18151 18618
27459 12387 17804
12387 17804 27459
17804 12387 27459
28715 2518 13998
2518 13998 28715
13998 2518 28715
16997 4408 15925
4408 15925 16997
15925 4408 16997
18341 18185 26319
26319 18185 18341
18185 18341 26319
4174 21969 25113
25113 4174 21969
21969 4174 25113
18531 12980 28464
28464 12980 18531
12980 18531 28464
16625 10290 27821
27821 10290 16625
10290 16625 27821
24662 3012 20423
3012 20423 24662
20423 3012 24662
5180 645 1242
1242 645 5180
645 1242 5180
15 2934 22419
2934 15 22419
22419 15 2934
24678 20024 23928
23928 20024 24678
20024 23928 24678
25157 15326 16041
15326 16041 25157
16041 15326 25157
19284 26279 28992
28992 19284 26279
26279 19284 28992
10269 12850 19125
12850 10269 19125
19125 10269 12850
14686 14629 23562
14629 14686 23562
23562 14629 14686
7841 11710 17384
17384 7841 11710
11710 7841 17384
5653 701 22612
701 5653 22612
22612 701 5653
12776 7546 18260
18260 7546 12776
7546 12776 18260
29977 2194 16828
2194 16828 29977
16828 2194 29977
1008 4909 21450
21450 1008 4909
4909 1008 21450
23772 11448 29339
29339 11448 23772
11448 23772 29339
19008 12686 23640
12686 19008 23640
23640 12686 19008
18043 12499 14991
12499 14991 18043
14991 12499 18043
6342 17635 24226
24226 6342 17635
17635 6342 24226
19210 17187 25997
25997 17187 19210
17187 19210 25997
27534 5162 16287
5162 16287 27534
16287 5162 27534
9397 16673 29351
29351 9397 16673
16673 9397 29351
28728 9098 9436
9436 9098 28728
9098 9436 28728
26899 13408 28348
28348 13408 26899
13408 26899 28348
8763 3293 8499
8499 3293 8763
3293 8499 8763
20530 24778 29300
24778 20530 29300
29300 20530 24778
15657 23455 27258
23455 15657 27258
27258 15657 23455
17652 4440 5917
5917 4440 17652
4440 5917 17652
29654 4431 7147
4431 7147 29654
7147 4431 29654
24513 6173 15118
15118 6173 24513
6173 15118 24513
10454 3346 20831
3346 10454 20831
20831 3346 10454
2176 19472 23893
19472 2176 23893
23893 2176 19472
24627 6883 27700
6883 24627 27700
27700 6883 24627
19106 24502 26835
26835 19106 24502
24502 19106 26835
17997 12705 17308
12705 17308 17997
17308 12705 17997
18942 9772 20090
9772 18942 20090
20090 9772 18942
15869 3506 28144
3506 15869 28144
28144 3506 15869
29085 215 18675
215 18675 29085
18675 215 29085
5601 22298 26118
22298 5601 26118
26118 5601 22298
10742 6450 8765
8765 6450 10742
6450 8765 10742
27032 781 1486
781 1486 27032
1486 781 27032
24900 19339 21670
21670 19339 24900
19339 21670 24900
26037 383 13024
383 13024 26037
13024 383 26037
26408 7446 26415
7446 26408 26415
26415 7446 26408
19542 4158 27251
27251 4158 19542
4158 19542 27251
1814 19564 23629
23629 1814 19564
19564 1814 23629
19675 3715 20020
20020 3715 19675
3715 19675 20020
20881 10732 22653
10732 20881 22653
22653 10732 20881
19278 5936 6319
5936 6319 19278
6319 5936 19278
5661 782 20784
20784 782 5661
782 5661 20784
9922 50 6154
50 6154 9922
6154 50 9922
16972 16561 19515
16561 16972 19515
19515 16561 16972
20864 1576 16952
1576 16952 20864
16952 1576 20864
2258 2318 3249
2318 2258 3249
3249 2258 2318
5179 11866 29957
11866 5179 29957
29957 5179 11866
12898 7760 24208
24208 7760 12898
7760 12898 24208
24168 1960 9667
9667 1960 24168
1960 9667 24168
13321 10729 17286
10729 13321 17286
17286 10729 13321
14132 8677 18932
8677 14132 18932
18932 8677 14132
1293 6884 11333
6884 1293 11333
11333 1293 6884
29516 363 688
363 688 29516
688 363 29516
10796 7077 27122
27122 7077 10796
7077 10796 27122
11947 5325 15094
15094 5325 11947
5325 11947 15094
931 7261 21361
7261 931 21361
21361 931 7261
764 1940 20000
1940 764 20000
20000 764 1940
8930 5495 23036
23036 5495 8930
5495 8930 23036
1600 9290 20748
20748 1600 9290
9290 1600 20748
7339 250 7280
250 7280 7339
7280 250 7339
20761 18719 18766
18719 18766 20761
18766 18719 20761
262 13965 19117
13965 262 19117
19117 262 13965
19709 8789 28098
28098 8789 19709
8789 19709 28098
14889 8815 26472
26472 8815 14889
8815 14889 26472
11472 18769 24624
24624 11472 18769
18769 11472 24624
704 4259 15735
4259 704 15735
15735 704 4259
17404 19560 21826
21826 17404 19560
19560 17404 21826
17576 14886 26610
14886 17576 26610
26610 14886 17576
13747 10744 11787
10744 11787 13747
11787 10744 13747
5317 20794 24695
20794 5317 24695
24695 5317 20794
14692 11673 15875
15875 11673 14692
11673 14692 15875
28238 6105 26133
6105 26133 28238
26133 6105 28238
4970 9723 19636
9723 4970 19636
19636 4970 9723
7771 160 14188
160 7771 14188
14188 160 7771
22986 9165 29849
9165 22986 29849
29849 9165 22986
26172 3594 22688
22688 3594 26172
3594 22688 26172
27316 4164 13034
13034 4164 27316
4164 13034 27316
17505 26554 29655
26554 17505 29655
29655 17505 26554
9717 22674 26143
22674 9717 26143
26143 9717 22674
18204 1 16215
1 16215 18204
16215 1 18204
9235 3260 12608
12608 3260 9235
3260 9235 12608
6533 21533 23524
21533 6533 23524
23524 6533 21533
24797 24466 28350
28350 24466 24797
24466 24797 28350
3003 11800 19464
11800 3003 19464
19464 3003 11800
7424 2177 22856
22856 2177 7424
2177 7424 22856
18966 7530 18156
18156 7530 18966
7530 18156 18966
25397 161 3048
161 3048 25397
3048 161 25397
5522 2791 13479
2791 5522 13479
13479 2791 5522
5962 15542 23915
23915 5962 15542
15542 5962 23915
19681 2250 7658
7658 2250 19681
2250 7658 19681
12726 10812 11046
11046 10812 12726
10812 11046 12726
7440 14735 18464
18464 7440 14735
14735 7440 18464
4146 4781 28679
28679 4146 4781
4781 4146 28679
3230 11652 15240
11652 3230 15240
15240 3230 11652
12064 126 25974
25974 126 12064
126 12064 25974
10447 6612 18914
18914 6612 10447
6612 10447 18914
17179 4615 7964
4615 7964 17179
7964 4615 17179
20795 10463 10501
10501 10463 20795
10463 10501 20795
19013 1935 27133
27133 1935 19013
1935 19013 27133
28141 15217 28846
28846 15217 28141
15217 28141 28846
1039 22630 23329
22630 1039 23329
23329 1039 22630
10999 7214 22131
7214 10999 22131
22131 7214 10999
24702 2715 7654
2715 7654 24702
7654 2715 24702
10234 2389 22638
22638 2389 10234
2389 10234 22638
17406 4901 5916
5916 4901 17406
4901 5916 17406
5734 6625 27813
27813 5734 6625
6625 5734 27813
20156 12788 27998
12788 20156 27998
27998 12788 20156
16378 12043 18180
18180 12043 16378
12043 16378 18180
14949 10884 23985
10884 14949 23985
23985 10884 14949
26378 2593 11217
2593 11217 26378
11217 2593 26378
27809 7657 28078
28078 7657 27809
7657 27809 28078
16365 15873 24008
24008 15873 16365
15873 16365 24008
17080 7454 9673
7454 9673 17080
9673 7454 17080
29313 1270 22715
1270 22715 29313
22715 1270 29313
24078 5190 23050
23050 5190 24078
5190 23050 24078
25443 5412 16787
16787 5412 25443
5412 16787 25443
26515 5133 19132
5133 19132 26515
19132 5133 26515
10689 11312 29005
11312 10689 29005
29005 10689 11312
22514 2329 26227
2329 22514 26227
26227 2329 22514
8486 6347 23466
6347 8486 23466
23466 6347 8486
8416 3435 23763
3435 8416 23763
23763 3435 8416
29 18653 24346
24346 29 18653
18653 29 24346
21792 16368 26377
26377 16368 21792
16368 21792 26377
24462 19416 24396
24396 19416 24462
19416 24396 24462
4474 26293 27214
26293 4474 27214
27214 4474 26293
5780 5439 12964
5439 5780 12964
12964 5439 5780
17022 16152 19621
16152 17022 19621
19621 16152 17022
1420 12407 15208
12407 1420 15208
15208 1420 12407
5594 12808 17933
12808 5594 17933
17933 5594 12808
14487 216 9631
9631 216 14487
216 9631 14487
15135 15427 18602
15427 15135 18602
18602 15135 15427
10105 6671 7254
6671 7254 10105
7254 6671 10105
28617 9196 21083
9196 21083 28617
21083 9196 28617
28725 8938 26214
8938 26214 28725
26214 8938 28725
19109 11326 12323
12323 11326 19109
11326 12323 19109
6255 12817 15128
15128 6255 12817
12817 6255 15128
17061 9312 27084
27084 9312 17061
9312 17061 27084
24050 7572 9979
7572 9979 24050
9979 7572 24050
22487 8614 16353
16353 8614 22487
8614 16353 22487
14264 19200 19337
19337 14264 19200
19200 14264 19337
11949 7677 7889
7889 7677 11949
7677 7889 11949
10940 1938 9323
1938 9323 10940
9323 1938 10940
879 6377 9396
6377 879 9396
9396 879 6377
16723 17753 25153
25153 16723 17753
17753 16723 25153
29101 563 19232
563 19232 29101
19232 563 29101
10761 4024 19531
19531 4024 10761
4024 10761 19531
21111 1662 5637
1662 5637 21111
5637 1662 21111
1519 2905 19600
2905 1519 19600
19600 1519 2905
4226 17438 25689
17438 4226 25689
25689 4226 17438
17512 1560 4848
1560 4848 17512
4848 1560 17512
7175 3833 4727
4727 3833 7175
3833 4727 7175
20304 5097 21509
5097 20304 21509
21509 5097 20304
2572 2491 28466
28466 2491 2572
2491 2572 28466
22496 4617 14782
4617 14782 22496
14782 4617 22496
622 2793 21029
21029 622 2793
2793 622 21029
11281 24473 28542
28542 11281 24473
24473 11281 28542
17181 22865 27641
22865 17181 27641
27641 17181 22865
17583 14097 18021
18021 14097 17583
14097 17583 18021
12395 13166 16800
13166 12395 16800
16800 12395 13166
27814 3324 29695
29695 3324 27814
3324 27814 29695
24519 15026 21737
21737 15026 24519
15026 21737 24519
6560 10389 22026
22026 6560 10389
10389 6560 22026
3881 17780 19547
17780 3881 19547
19547 3881 17780
4479 12419 27801
27801 4479 12419
12419 4479 27801
11605 17206 27309
17206 11605 27309
27309 11605 17206
20626 8462 19428
8462 19428 20626
19428 8462 20626
18280 3581 29222
3581 18280 29222
29222 3581 18280
15766 351 26759
351 15766 26759
26759 351 15766
29983 19955 22552
22552 19955 29983
19955 22552 29983
27134 16743 23679
23679 16743 27134
16743 23679 27134
10110 4016 14867
4016 10110 14867
14867 4016 10110
16710 4907 9832
4907 9832 16710
9832 4907 16710
29121 9907 20509
9907 20509 29121
20509 9907 29121
9270 1531 22608
1531 9270 22608
22608 1531 9270
17618 1950 6360
1950 6360 17618
6360 1950 17618
2714 3370 22614
22614 2714 3370
3370 2714 22614
28989 11092 21958
21958 11092 28989
11092 21958 28989
18927 10157 12135
12135 10157 18927
10157 12135 18927
15087 18952 25942
18952 15087 25942
25942 15087 18952
23745 507 10035
507 10035 23745
10035 507 23745
7234 9545 13776
13776 7234 9545
9545 7234 13776
8396 23491 28590
23491 8396 28590
28590 8396 23491
10315 4659 21038
21038 4659 10315
4659 10315 21038
13914 3882 16616
3882 13914 16616
16616 3882 13914
17076 8650 11078
11078 8650 17076
8650 11078 17076
8832 9882 23440
23440 8832 9882
9882 8832 23440
15503 10469 16356
16356 10469 15503
10469 15503 16356
22404 8204 25354
8204 22404 25354
25354 8204 22404
10768 15803 18596
15803 10768 18596
18596 10768 15803
8879 17800 24037
17800 8879 24037
24037 8879 17800
17128 15481 27554
15481 17128 27554
27554 15481 17128
11648 4028 22620
22620 4028 11648
4028 11648 22620
12981 24092 27569
24092 12981 27569
27569 12981 24092
21837 5922 11213
11213 5922 21837
5922 11213 21837
6792 4130 19329
19329 4130 6792
4130 6792 19329
19599 8804 28504
8804 19599 28504
28504 8804 19599
24582 2421 13037
13037 2421 24582
2421 13037 24582
8086 11801 16932
16932 8086 11801
11801 8086 16932
14413 17555 29181
17555 14413 29181
29181 14413 17555
21567 5143 25291
5143 21567 25291
25291 5143 21567
8920 26177 28353
28353 8920 26177
26177 8920 28353
9794 13173 17115
17115 9794 13173
13173 9794 17115
2928 4318 17528
4318 2928 17528
17528 2928 4318
5880 2611 26452
2611 5880 26452
26452 2611 5880
24074 17725 23021
23021 17725 24074
17725 23021 24074
22789 10524 10650
10650 10524 22789
10524 10650 22789
4843 23445 24093
23445 4843 24093
24093 4843 23445
2448 9253 14324
14324 2448 9253
9253 2448 14324
11911 8188 16803
16803 8188 11911
8188 11911 16803
23528 23801 25874
25874 23528 23801
23801 23528 25874
29145 13830 25430
25430 13830 29145
13830 25430 29145
12846 26561 29759
29759 12846 26561
26561 12846 29759
26708 13058 29130
29130 13058 26708
13058 26708 29130
7660 9766 17013
9766 7660 17013
17013 7660 9766
2319 2083 18170
18170 2083 2319
2083 2319 18170
9864 6040 28393
28393 6040 9864
6040 9864 28393
11704 18373 18982
18373 11704 18982
18982 11704 18373
17799 10045 12374
12374 10045 17799
10045 12374 17799
4422 5254 9047
5254 4422 9047
9047 4422 5254
4311 9391 11626
11626 4311 9391
9391 4311 11626
20992 10995 17761
10995 17761 20992
17761 10995 20992
3228 24748 28147
28147 3228 24748
24748 3228 28147
26058 11808 14003
11808 14003 26058
14003 11808 26058
11386 6397 29117
29117 6397 11386
6397 11386 29117
27090 3622 4914
3622 4914 27090
4914 3622 27090
2237 8040 23702
23702 2237 8040
8040 2237 23702
12368 20218 21667
21667 12368 20218
20218 12368 21667
8836 12347 29233
29233 8836 12347
12347 8836 29233
1083 13392 25052
13392 1083 25052
25052 1083 13392
15887 6952 12585
6952 12585 15887
12585 6952 15887
10998 18709 19876
18709 10998 19876
19876 10998 18709
16040 169 18369
169 16040 18369
18369 169 16040
12121 2716 11818
11818 2716 12121
2716 11818 12121
10373 3691 7513
7513 3691 10373
3691 7513 10373
4192 3424 26244
3424 4192 26244
26244 3424 4192
10759 10717 18603
10717 10759 18603
18603 10717 10759
19265 697 9523
9523 697 19265
697 9523 19265
25132 3832 13360
13360 3832 25132
3832 13360 25132
10276 18831 29419
18831 10276 29419
29419 10276 18831
22759 5568 6943
5568 6943 22759
6943 5568 22759
515 2225 9850
2225 515 9850
9850 515 2225
17376 20489 29361
29361 17376 20489
20489 17376 29361
1162 16255 20898
16255 1162 20898
20898 1162 16255
25958 602 22871
602 22871 25958
22871 602 25958
9993 10956 12851
12851 9993 10956
10956 9993 12851
1123 18802 27163
27163 1123 18802
18802 1123 27163
23856 5051 5378
5051 5378 23856
5378 5051 23856
14041 1002 16335
1002 14041 16335
16335 1002 14041
20823 2461 27587
27587 2461 20823
2461 20823 27587
1896 5647 10945
10945 1896 5647
5647 1896 10945
21964 5691 28680
28680 5691 21964
5691 21964 28680
2137 23152 28074
28074 2137 23152
23152 2137 28074
1575 17950 19715
19715 1575 17950
17950 1575 19715
3661 12830 20248
20248 3661 12830
12830 3661 20248
25848 8806 25192
8806 25192 25848
25192 8806 25848
6171 2321 3447
3447 2321 6171
2321 3447 6171
25399 6957 27933
6957 25399 27933
27933 6957 25399
19181 1080 8201
8201 1080 19181
1080 8201 19181
11768 6547 10843
10843 6547 11768
6547 10843 11768
24754 11000 16385
11000 16385 24754
16385 11000 24754
3282 1892 18476
18476 1892 3282
1892 3282 18476
29555 22356 29157
29157 22356 29555
22356 29157 29555
6505 9726 23949
9726 6505 23949
23949 6505 9726
24524 8526 14932
8526 14932 24524
14932 8526 24524
13421 12075 26485
26485 12075 13421
12075 13421 26485
5451 6286 20689
6286 5451 20689
20689 5451 6286
1098 392 29827
392 1098 29827
29827 392 1098
20328 23363 25724
23363 20328 25724
25724 20328 23363
2944 18533 27624
18533 2944 27624
27624 2944 18533
12164 21458 27959
27959 12164 21458
21458 12164 27959
26650 20419 26958
20419 26650 26958
26958 20419 26650
1727 333 5860
5860 333 1727
333 1727 5860
8362 1044 28583
1044 8362 28583
28583 1044 8362
7143 14306 25479
25479 7143 14306
14306 7143 25479
3777 2080 20066
20066 2080 3777
2080 3777 20066
17833 13036 22182
22182 13036 17833
13036 17833 22182
6616 1456 22632
1456 6616 22632
22632 1456 6616
10907 5479 25193
25193 5479 10907
5479 10907 25193
15495 10302 16454
10302 15495 16454
16454 10302 15495
17382 3457 5981
3457 5981 17382
5981 3457 17382
22386 8914 26169
26169 8914 22386
8914 22386 26169
21981 22866 27707
27707 21981 22866
22866 21981 27707
2406 13374 28294
28294 2406 13374
13374 2406 28294
1915 15381 19412
15381 1915 19412
19412 1915 15381
2233 11101 15005
11101 2233 15005
15005 2233 11101
24687 13042 18541
13042 18541 24687
18541 13042 24687
28221 3851 20848
20848 3851 28221
3851 20848 28221
8936 28901 29533
28901 8936 29533
29533 8936 28901
24066 11658 19697
19697 11658 24066
11658 19697 24066
9517 12231 29341
29341 9517 12231
12231 9517 29341
10737 16999 22921
16999 10737 22921
22921 10737 16999
6552 16045 16082
16082 6552 16045
16045 6552 16082
26036 6244 15666
6244 15666 26036
15666 6244 26036
29813 2554 2579
2554 2579 29813
2579 2554 29813
11081 4531 18254
4531 11081 18254
18254 4531 11081
7993 2316 8137
2316 7993 8137
8137 2316 7993
12278 19986 24361
19986 12278 24361
24361 12278 19986
23609 19851 20616
19851 20616 23609
20616 19851 23609
5927 4003 8051
4003 5927 8051
8051 4003 5927
22761 15339 27434
15339 22761 27434
27434 15339 22761
11323 4369 21538
4369 11323 21538
21538 4369 11323
24944 3568 7682
7682 3568 24944
3568 7682 24944
7957 2994 14415
2994 7957 14415
14415 2994 7957
4917 1699 17668
1699 4917 17668
17668 1699 4917
12588 3010 13526
3010 12588 13526
13526 3010 12588
6263 99 9686
9686 99 6263
99 6263 9686
28383 13401 16074
16074 13401 28383
13401 16074 28383
28080 14647 29142
29142 14647 28080
14647 28080 29142
29178 1154 2893
1154 2893 29178
2893 1154 29178
789 23652 28507
23652 789 28507
28507 789 23652
25711 8985 12701
8985 12701 25711
12701 8985 25711
8140 8813 15360
8813 8140 15360
15360 8140 8813
11717 2544 28291
28291 2544 11717
2544 11717 28291
23734 15372 17244
17244 15372 23734
15372 17244 23734
24188 6631 15002
15002 6631 24188
6631 15002 24188
6035 21883 22906
22906 6035 21883
21883 6035 22906
3455 18397 19004
19004 3455 18397
18397 3455 19004
7532 15504 16668
16668 7532 15504
15504 7532 16668
181 22823 24410
24410 181 22823
22823 181 24410
25182 17040 20091
17040 20091 25182
20091 17040 25182
5178 7047 14684
14684 5178 7047
7047 5178 14684
28686 2385 15101
2385 15101 28686
15101 2385 28686
28948 12958 16406
16406 12958 28948
12958 16406 28948
17603 3787 13104
3787 13104 17603
13104 3787 17603
27549 15811 19664
19664 15811 27549
15811 19664 27549
24507 10751 12865
12865 10751 24507
10751 12865 24507
24645 967 7264
967 7264 24645
7264 967 24645
16262 22394 22443
22394 16262 22443
22443 16262 22394
13898 24441 27341
27341 13898 24441
24441 13898 27341
4271 16261 19486
19486 4271 16261
16261 4271 19486
19877 8299 22416
22416 8299 19877
8299 19877 22416
3026 2726 23345
2726 3026 23345
23345 2726 3026
2704 17614 21364
17614 2704 21364
21364 2704 17614
21527 6084 27186
27186 6084 21527
6084 21527 27186
26025 6718 13219
6718 13219 26025
13219 6718 26025
11903 27425 28920
27425 11903 28920
28920 11903 27425
22238 1040 3718
3718 1040 22238
1040 3718 22238
28660 14314 15862
15862 14314 28660
14314 15862 28660
27734 3486 26470
3486 26470 27734
26470 3486 27734
8203 17580 28785
28785 8203 17580
17580 8203 28785
13795 17659 23158
17659 13795 23158
23158 13795 17659
7172 9534 10168
10168 7172 9534
9534 7172 10168
14006 17801 18620
17801 14006 18620
18620 14006 17801
7394 2208 14918
2208 7394 14918
14918 2208 7394
9302 21334 28309
28309 9302 21334
21334 9302 28309
1762 10109 27419
27419 1762 10109
10109 1762 27419
1430 3944 9432
3944 1430 9432
9432 1430 3944
7140 5455 16901
16901 5455 7140
5455 7140 16901
17300 748 20805
748 17300 20805
20805 748 17300
829 9734 14496
9734 829 14496
14496 829 9734
23417 9803 11463
9803 11463 23417
11463 9803 23417
7057 4277 20635
20635 4277 7057
4277 7057 20635
4489 18756 18862
18862 4489 18756
18756 4489 18862
11177 3187 4716
3187 4716 11177
4716 3187 11177
1739 9558 27622
27622 1739 9558
9558 1739 27622
20525 11190 25419
25419 11190 20525
11190 20525 25419
27036 8862 19549
8862 19549 27036
19549 8862 27036
24326 15906 20914
15906 20914 24326
20914 15906 24326
17863 11742 12100
11742 12100 17863
12100 11742 17863
5145 14830 17883
14830 5145 17883
17883 5145 14830
21962 18874 27019
18874 21962 27019
27019 18874 21962
2012 248 17706
248 2012 17706
17706 248 2012
10376 28096 29539
28096 10376 29539
29539 10376 28096
21048 14754 24610
24610 14754 21048
14754 21048 24610
29402 1470 16460
1470 16460 29402
16460 1470 29402
19143 86 8667
86 8667 19143
8667 86 19143
20384 6424 21127
21127 6424 20384
6424 20384 21127
23895 10857 19863
10857 19863 23895
19863 10857 23895
23264 14029 29761
29761 14029 23264
14029 23264 29761
13076 1163 16563
1163 13076 16563
16563 1163 13076
3673 26136 27841
26136 3673 27841
27841 3673 26136
10565 4725 18565
18565 4725 10565
4725 10565 18565
8 21838 23482
21838 8 23482
23482 8 21838
20648 7098 23166
23166 7098 20648
7098 20648 23166
19107 3347 21525
21525 3347 19107
3347 19107 21525
2948 10528 29762
29762 2948 10528
10528 2948 29762
20210 16 18290
18290 16 20210
16 18290 20210
11041 7351 22200
22200 7351 11041
7351 11041 22200
713 8548 9008
9008 713 8548
8548 713 9008
23387 11005 12733
11005 12733 23387
12733 11005 23387
15100 18339 29693
18339 15100 29693
29693 15100 18339
22449 3302 5193
3302 5193 22449
5193 3302 22449
1243 5025 15656
5025 1243 15656
15656 1243 5025
12472 11091 12428
12428 11091 12472
11091 12428 12472
16807 1164 21007
1164 16807 21007
21007 1164 16807
6043 1705 25705
1705 6043 25705
25705 1705 6043
25749 7278 18392
7278 18392 25749
18392 7278 25749
5620 22985 27035
27035 5620 22985
22985 5620 27035
18248 11032 18166
18166 11032 18248
11032 18166 18248
23011 3873 12491
12491 3873 23011
3873 12491 23011
20351 3578 11042
3578 11042 20351
11042 3578 20351
18063 19684 20710
19684 18063 20710
20710 18063 19684
29031 3349 15147
15147 3349 29031
3349 15147 29031
14361 7941 17530
17530 7941 14361
7941 14361 17530
20605 7965 20355
20355 7965 20605
7965 20355 20605
17893 23845 29753
29753 17893 23845
23845 17893 29753
18008 21997 29241
21997 18008 29241
29241 18008 21997
4654 22234 29882
22234 4654 29882
29882 4654 22234
1570 10202 29449
10202 1570 29449
29449 1570 10202
13258 10012 26008
26008 10012 13258
10012 13258 26008
24540 2122 18560
18560 2122 24540
2122 18560 24540
29638 972 20376
20376 972 29638
972 20376 29638
20262 2534 11319
2534 11319 20262
11319 2534 20262
25615 14417 16619
14417 16619 25615
16619 14417 25615
13046 233 23666
23666 233 13046
233 13046 23666
19922 15327 25075
15327 19922 25075
25075 15327 19922
26897 452 1767
452 1767 26897
1767 452 26897
362 24159 26247
24159 362 26247
26247 362 24159
18652 427 24560
24560 427 18652
427 18652 24560
28510 13550 29734
29734 13550 28510
13550 28510 29734
14404 10608 11804
10608 11804 14404
11804 10608 14404
975 2647 20907
20907 975 2647
2647 975 20907
28069 8205 15367
15367 8205 28069
8205 15367 28069
14598 17578 18708
17578 14598 18708
18708 14598 17578
23425 5642 14972
5642 14972 23425
14972 5642 23425
2685 7943 29965
7943 2685 29965
29965 2685 7943
26653 10473 21495
10473 21495 26653
21495 10473 26653
18267 21186 22146
22146 18267 21186
21186 18267 22146
993 17778 28580
17778 993 28580
28580 993 17778
668 15725 16092
15725 668 16092
16092 668 15725
1062 20421 23693
20421 1062 23693
23693 1062 20421
15233 17520 22591
17520 15233 22591
22591 15233 17520
26039 24504 24708
24708 24504 26039
24504 24708 26039
25900 28015 28490
28490 25900 28015
28015 25900 28490
16277 13880 27866
13880 16277 27866
27866 13880 16277
14523 17151 18545
18545 14523 17151
17151 14523 18545
13363 19319 24971
24971 13363 19319
19319 13363 24971
21654 22737 25271
25271 21654 22737
22737 21654 25271
25228 2231 2354
2231 2354 25228
2354 2231 25228
17178 8076 20244
8076 17178 20244
20244 8076 17178
19465 1800 24311
24311 1800 19465
1800 19465 24311
23042 11831 17411
11831 17411 23042
17411 11831 23042
13059 12939 25582
12939 13059 25582
25582 12939 13059
7162 7229 16171
7229 7162 16171
16171 7162 7229
18459 18836 25992
25992 18459 18836
18836 18459 25992
20745 4452 5776
4452 5776 20745
5776 4452 20745
15444 20880 22790
20880 15444 22790
22790 15444 20880
29835 5396 9725
9725 5396 29835
5396 9725 29835
26799 7388 13634
7388 13634 26799
13634 7388 26799
13924 21617 24573
21617 13924 24573
24573 13924 21617
26315 1986 3069
1986 3069 26315
3069 1986 26315
13595 5323 23247
23247 5323 13595
5323 13595 23247
4861 38 8574
8574 38 4861
38 4861 8574
14263 3699 24454
3699 14263 24454
24454 3699 14263
16149 18325 29237
29237 16149 18325
18325 16149 29237
14257 12704 29620
29620 12704 14257
12704 14257 29620
21339 12897 15545
15545 12897 21339
12897 15545 21339
29724 6810 10500
10500 6810 29724
6810 10500 29724
14054 549 10827
10827 549 14054
549 10827 14054
17479 3903 28048
3903 17479 28048
28048 3903 17479
5523 13632 16276
13632 5523 16276
16276 5523 13632
14738 399 22183
22183 399 14738
399 14738 22183
26962 6197 21604
6197 21604 26962
21604 6197 26962
21491 8537 19145
19145 8537 21491
8537 19145 21491
3980 25968 28056
25968 3980 28056
28056 3980 25968
25634 5050 18632
5050 18632 25634
18632 5050 25634
24721 7929 29306
7929 24721 29306
29306 7929 24721
5085 20554 24475
24475 5085 20554
20554 5085 24475
1981 26905 29778
29778 1981 26905
26905 1981 29778
14724 4548 17678
4548 14724 17678
17678 4548 14724
6788 8649 10562
8649 6788 10562
10562 6788 8649
26857 7540 8706
7540 8706 26857
8706 7540 26857
25264 20918 28852
20918 25264 28852
28852 20918 25264
16905 18591 21739
18591 16905 21739
21739 16905 18591
19241 13138 20344
20344 13138 19241
13138 19241 20344
27662 2575 14983
2575 14983 27662
14983 2575 27662
12734 10056 20690
10056 12734 20690
20690 10056 12734
3711 7169 11828
7169 3711 11828
11828 3711 7169
20946 4777 19580
4777 19580 20946
19580 4777 20946
4688 4618 14192
4618 4688 14192
14192 4618 4688
21321 4184 13064
4184 13064 21321
13064 4184 21321
24603 9718 26800
26800 9718 24603
9718 24603 26800
25933 12022 20973
12022 20973 25933
20973 12022 25933
19158 1476 12543
1476 12543 19158
12543 1476 19158
29324 1377 21494
1377 21494 29324
21494 1377 29324
27496 15553 15910
15910 15553 27496
15553 15910 27496
20996 11136 13234
13234 11136 20996
11136 13234 20996
27418 10054 24030
10054 24030 27418
24030 10054 27418
27024 13073 19573
19573 13073 27024
13073 19573 27024
28561 12173 17083
17083 12173 28561
12173 17083 28561
13242 16476 22073
22073 13242 16476
16476 13242 22073
24250 8932 13221
8932 13221 24250
13221 8932 24250
2268 8111 27820
8111 2268 27820
27820 2268 8111
27980 18911 25013
25013 18911 27980
18911 25013 27980
10975 2687 20063
2687 10975 20063
20063 2687 10975
16532 3642 19853
19853 3642 16532
3642 16532 19853
29612 9547 27591
9547 27591 29612
27591 9547 29612
27853 11372 25268
25268 11372 27853
11372 25268 27853
1294 9971 18991
18991 1294 9971
9971 1294 18991
2562 17969 24351
17969 2562 24351
24351 2562 17969
25317 18868 26509
18868 25317 26509
26509 18868 25317
9566 3982 12215
12215 3982 9566
3982 9566 12215
9148 13095 19852
13095 9148 19852
19852 9148 13095
10340 9241 21864
21864 9241 10340
9241 10340 21864
5894 17541 22853
22853 5894 17541
17541 5894 22853
28632 4450 29563
29563 4450 28632
4450 28632 29563
13205 18727 19189
19189 13205 18727
18727 13205 19189
25902 196 3488
196 3488 25902
3488 196 25902
5011 6188 7557
7557 5011 6188
6188 5011 7557
26428 2342 26442
26442 2342 26428
2342 26428 26442
3508 23828 27062
23828 3508 27062
27062 3508 23828
11066 3552 19568
3552 11066 19568
19568 3552 11066
19469 14120 25014
25014 14120 19469
14120 19469 25014
22813 10399 28873
10399 22813 28873
28873 10399 22813
12295 22084 27608
22084 12295 27608
27608 12295 22084
13500 22727 24169
22727 13500 24169
24169 13500 22727
10484 20016 26175
26175 10484 20016
20016 10484 26175
6122 11997 29403
11997 6122 29403
29403 6122 11997
4115 1325 21456
21456 1325 4115
1325 4115 21456
23020 6839 7408
6839 7408 23020
7408 6839 23020
28731 8691 16143
8691 16143 28731
16143 8691 28731
23983 18741 20386
20386 18741 23983
18741 20386 23983
23914 11163 22690
22690 11163 23914
11163 22690 23914
17843 4006 7055
7055 4006 17843
4006 7055 17843
9452 2271 13652
13652 2271 9452
2271 9452 13652
3264 13411 23056
23056 3264 13411
13411 3264 23056
21182 7139 9926
9926 7139 21182
7139 9926 21182
13202 5689 21524
21524 5689 13202
5689 13202 21524
2136 4620 8564
4620 2136 8564
8564 2136 4620
16347 24182 24512
24182 16347 24512
24512 16347 24182
12564 5561 7110
7110 5561 12564
5561 7110 12564
6685 19048 29355
29355 6685 19048
19048 6685 29355
26297 13584 17419
17419 13584 26297
13584 17419 26297
24407 7463 10636
10636 7463 24407
7463 10636 24407
27792 994 17388
994 17388 27792
17388 994 27792
2274 8981 17456
17456 2274 8981
8981 2274 17456
7058 18657 25660
18657 7058 25660
25660 7058 18657
7974 2084 16498
2084 7974 16498
16498 2084 7974
23214 2244 20581
2244 20581 23214
20581 2244 23214
17861 19112 21687
21687 17861 19112
19112 17861 21687
6032 9040 12432
12432 6032 9040
9040 6032 12432
11479 459 7046
7046 459 11479
459 7046 11479
4649 16884 23665
16884 4649 23665
23665 4649 16884
2952 4244 16622
4244 2952 16622
16622 2952 4244
24527 1050 4182
1050 4182 24527
4182 1050 24527
24968 20931 25083
25083 20931 24968
20931 24968 25083
6435 23555 24686
23555 6435 24686
24686 6435 23555
17905 15851 24873
24873 15851 17905
15851 17905 24873
19630 7130 10362
10362 7130 19630
7130 10362 19630
441 2958 7011
2958 441 7011
7011 441 2958
19489 14769 19723
19723 14769 19489
14769 19489 19723
23122 3996 11955
3996 11955 23122
11955 3996 23122
22169 17762 22478
22478 17762 22169
17762 22169 22478
1177 20838 23061
20838 1177 23061
23061 1177 20838
3017 19693 21816
19693 3017 21816
21816 3017 19693
24561 11839 24602
11839 24561 24602
24602 11839 24561
20606 6144 26825
6144 20606 26825
26825 6144 20606
12856 5068 19679
19679 5068 12856
5068 12856 19679
23390 9539 10771
10771 9539 23390
9539 10771 23390
26632 2619 4845
2619 4845 26632
4845 2619 26632
16785 9949 15793
9949 15793 16785
15793 9949 16785
13737 13803 23621
13803 13737 23621
23621 13737 13803
7235 12462 16899
16899 7235 12462
12462 7235 16899
13482 7286 13272
13272 7286 13482
7286 13272 13482
8906 16042 18388
18388 8906 16042
16042 8906 18388
29414 5453 23926
5453 23926 29414
23926 5453 29414
24620 2240 14370
14370 2240 24620
2240 14370 24620
29997 10924 12988
12988 10924 29997
10924 12988 29997
7252 7419 11957
11957 7252 7419
7419 7252 11957
28522 23053 26981
26981 23053 28522
23053 26981 28522
7507 4846 25348
25348 4846 7507
4846 7507 25348
13040 6446 12453
12453 6446 13040
6446 12453 13040
26337 14075 20320
20320 14075 26337
14075 20320 26337
26514 4162 26782
26782 4162 26514
4162 26514 26782
11848 12497 13960
13960 11848 12497
12497 11848 13960
10972 2846 25681
2846 10972 25681
25681 2846 10972
18768 1947 9168
1947 9168 18768
9168 1947 18768
29579 15668 19943
15668 19943 29579
19943 15668 29579
432 16182 19114
16182 432 19114
19114 432 16182
16567 5768 20283
5768 16567 20283
20283 5768 16567
21779 3628 29149
3628 21779 29149
29149 3628 21779
28241 5336 27941
27941 5336 28241
5336 27941 28241
16427 11919 26284
26284 11919 16427
11919 16427 26284
14844 8698 19722
8698 14844 19722
19722 8698 14844
12088 13193 28364
28364 12088 13193
13193 12088 28364
18612 17728 18092
17728 18092 18612
18092 17728 18612
25005 8857 18258
18258 8857 25005
8857 18258 25005
20825 16216 22606
16216 20825 22606
22606 16216 20825
27231 5244 10268
10268 5244 27231
5244 10268 27231
20485 19783 28645
28645 19783 20485
19783 20485 28645
17947 1189 27586
27586 1189 17947
1189 17947 27586
28011 8124 17903
8124 17903 28011
17903 8124 28011
17665 12471 17031
12471 17031 17665
17031 12471 17665
4550 14931 23617
14931 4550 23617
23617 4550 14931
12722 6830 24940
6830 12722 24940
24940 6830 12722
28237 304 23891
23891 304 28237
304 23891 28237
20164 28042 29656
28042 20164 29656
29656 20164 28042
7980 5440 7389
5440 7389 7980
7389 5440 7980
21162 6304 23414
23414 6304 21162
6304 21162 23414
15406 7385 17131
7385 15406 17131
17131 7385 15406
17871 14934 16284
16284 14934 17871
14934 16284 17871
28085 1120 3319
3319 1120 28085
1120 3319 28085
27284 8115 17708
8115 17708 27284
17708 8115 27284
19971 8283 8781
8781 8283 19971
8283 8781 19971
20533 21638 25408
21638 20533 25408
25408 20533 21638
10441 20681 27978
27978 10441 20681
20681 10441 27978
630 5747 13992
5747 630 13992
13992 630 5747
5634 6012 6059
6012 5634 6059
6059 5634 6012
14428 2182 26995
2182 14428 26995
26995 2182 14428
21528 13279 24325
24325 13279 21528
13279 21528 24325
17881 8593 28293
8593 17881 28293
28293 8593 17881
8980 249 8947
8947 249 8980
249 8947 8980
21194 22492 26965
26965 21194 22492
22492 21194 26965
23516 3339 5225
5225 3339 23516
3339 5225 23516
4032 17714 18816
17714 4032 18816
18816 4032 17714
27775 5265 21659
21659 5265 27775
5265 21659 27775
5884 18052 26821
26821 5884 18052
18052 5884 26821
3279 16184 16303
16303 3279 16184
16184 3279 16303
