2978 126 1023
1023 126 2978
126 1023 2978
2885 474 588
474 588 2885
588 474 2885
378 1110 1504
1110 378 1504
1504 378 1110
1753 7 1113
1113 7 1753
7 1113 1753
1287 1280 2083
2083 1280 1287
1280 1287 2083
1336 2745 2972
2972 1336 2745
2745 1336 2972
648 707 876
876 648 707
707 648 876
2185 2066 2116
2066 2116 2185
2116 2066 2185
2753 1978 2244
1978 2244 2753
2244 1978 2753
2008 420 804
420 804 2008
804 420 2008
130 1270 2630
2630 130 1270
1270 130 2630
2614 41 366
41 366 2614
366 41 2614
1162 1107 1934
1107 1162 1934
1934 1107 1162
546 316 1129
316 546 1129
1129 316 546
1608 424 2287
2287 424 1608
424 1608 2287
614 469 2664
2664 469 614
469 614 2664
111 732 2359
732 111 2359
2359 111 732
751 541 828
541 751 828
828 541 751
2910 303 2941
2941 303 2910
303 2910 2941
1880 870 2738
2738 870 1880
870 1880 2738
711 1233 1820
1820 711 1233
1233 711 1820
2790 1345 1448
1448 1345 2790
1345 1448 2790
1710 1322 2744
2744 1322 1710
1322 1710 2744
2824 2463 2498
2498 2463 2824
2463 2498 2824
74 151 2622
151 74 2622
2622 74 151
2422 1897 2168
2168 1897 2422
1897 2168 2422
2198 1069 1147
1069 1147 2198
1147 1069 2198
1972 845 1394
1394 845 1972
845 1394 1972
841 853 2735
2735 841 853
853 841 2735
1892 2123 2448
2448 1892 2123
2123 1892 2448
1945 620 761
761 620 1945
620 761 1945
687 2270 2285
2270 687 2285
2285 687 2270
2399 619 745
619 745 2399
745 619 2399
1268 82 1883
82 1268 1883
1883 82 1268
1736 40 948
948 40 1736
40 948 1736
2217 246 899
899 246 2217
246 899 2217
798 727 2007
2007 727 798
727 798 2007
988 1697 2605
1697 988 2605
2605 988 1697
2947 1840 2127
2127 1840 2947
1840 2127 2947
816 1618 1789
1789 816 1618
1618 816 1789
2160 961 1410
1410 961 2160
961 1410 2160
1421 1856 2370
1856 1421 2370
2370 1421 1856
478 344 866
866 344 478
344 478 866
2720 543 857
543 857 2720
857 543 2720
323 793 2889
2889 323 793
793 323 2889
1665 2479 2510
2510 1665 2479
2479 1665 2510
243 38 1633
1633 38 243
38 243 1633
1192 320 1343
320 1192 1343
1343 320 1192
1703 2001 2122
2122 1703 2001
2001 1703 2122
2693 516 1716
516 1716 2693
1716 516 2693
2838 1544 1605
1605 1544 2838
1544 1605 2838
1901 2034 2049
2049 1901 2034
2034 1901 2049
2234 573 2865
2865 573 2234
573 2234 2865
1117 529 2979
529 1117 2979
2979 529 1117
1089 1205 2536
1205 1089 2536
2536 1089 1205
1490 957 2002
957 1490 2002
2002 957 1490
1497 2117 2719
2117 1497 2719
2719 1497 2117
34 615 2520
2520 34 615
615 34 2520
1175 89 1314
1314 89 1175
89 1175 1314
1155 492 2934
2934 492 1155
492 1155 2934
1780 1939 2643
2643 1780 1939
1939 1780 2643
1698 1167 2893
2893 1167 1698
1167 1698 2893
1953 2826 2880
2880 1953 2826
2826 1953 2880
1350 1213 2876
2876 1213 1350
1213 1350 2876
1994 1596 2600
2600 1596 1994
1596 1994 2600
909 597 2164
597 909 2164
2164 597 909
1622 11 1512
11 1512 1622
1512 11 1622
2867 304 1577
1577 304 2867
304 1577 2867
93 1078 2342
1078 93 2342
2342 93 1078
2277 357 1931
1931 357 2277
357 1931 2277
1542 629 2528
2528 629 1542
629 1542 2528
2085 1617 2094
1617 2085 2094
2094 1617 2085
2625 290 416
416 290 2625
290 416 2625
1381 1052 2989
2989 1052 1381
1052 1381 2989
429 1894 2327
1894 429 2327
2327 429 1894
1555 1505 2328
1505 1555 2328
2328 1505 1555
964 1667 1916
1667 964 1916
1916 964 1667
695 1773 2707
1773 695 2707
2707 695 1773
2769 917 1837
1837 917 2769
917 1837 2769
2036 1262 1673
1262 1673 2036
1673 1262 2036
217 1348 1750
1750 217 1348
1348 217 1750
2495 1430 2222
1430 2222 2495
2222 1430 2495
1109 306 864
864 306 1109
306 864 1109
878 1581 2251
2251 878 1581
1581 878 2251
2040 521 628
628 521 2040
521 628 2040
2650 1889 2090
2090 1889 2650
1889 2090 2650
42 764 1224
764 42 1224
1224 42 764
2672 668 962
962 668 2672
668 962 2672
1722 970 2884
970 1722 2884
2884 970 1722
1578 2617 2842
2617 1578 2842
2842 1578 2617
813 1443 2275
1443 813 2275
2275 813 1443
2535 968 2138
968 2138 2535
2138 968 2535
1325 849 2739
2739 849 1325
849 1325 2739
2981 1114 2054
2054 1114 2981
1114 2054 2981
577 536 2169
536 577 2169
2169 536 577
2250 85 2558
2558 85 2250
85 2250 2558
48 831 1275
1275 48 831
831 48 1275
1341 1574 2711
1574 1341 2711
2711 1341 1574
108 1000 1049
1000 108 1049
1049 108 1000
2951 1917 2511
1917 2511 2951
2511 1917 2951
1674 307 1354
1354 307 1674
307 1354 1674
145 982 1612
982 145 1612
1612 145 982
976 80 129
80 129 976
129 80 976
2709 508 2801
508 2709 2801
2801 508 2709
135 780 2943
780 135 2943
2943 135 780
1706 1963 2937
1963 1706 2937
2937 1706 1963
192 807 1041
1041 192 807
807 192 1041
1881 342 2913
2913 342 1881
342 1881 2913
1292 1036 2610
2610 1036 1292
1036 1292 2610
2484 757 1647
1647 757 2484
757 1647 2484
1609 993 1902
1902 993 1609
993 1609 1902
721 1441 1569
1569 721 1441
1441 721 1569
1312 204 2982
204 1312 2982
2982 204 1312
410 975 2235
975 410 2235
2235 410 975
1116 1046 1136
1046 1116 1136
1136 1046 1116
2699 83 2074
83 2074 2699
2074 83 2699
1207 187 2504
2504 187 1207
187 1207 2504
2509 742 2743
2743 742 2509
742 2509 2743
287 882 2593
882 287 2593
2593 287 882
2563 1119 2791
2791 1119 2563
1119 2563 2791
2861 1705 2599
1705 2599 2861
2599 1705 2861
1509 72 1470
72 1470 1509
1470 72 1509
1783 827 1874
1874 827 1783
827 1783 1874
1785 1056 1144
1144 1056 1785
1056 1144 1785
2426 1164 1980
1980 1164 2426
1164 1980 2426
69 21 596
596 21 69
21 69 596
2080 283 2875
283 2080 2875
2875 283 2080
641 1805 2372
1805 641 2372
2372 641 1805
2009 2278 2970
2278 2009 2970
2970 2009 2278
2760 1732 2051
2051 1732 2760
1732 2051 2760
2828 933 2159
933 2159 2828
2159 933 2828
2567 397 2899
397 2567 2899
2899 397 2567
551 871 1420
1420 551 871
871 551 1420
225 2003 2223
2003 225 2223
2223 225 2003
2736 221 1859
221 1859 2736
1859 221 2736
2818 218 1631
218 1631 2818
1631 218 2818
2216 1002 1649
1002 1649 2216
1649 1002 2216
2269 440 694
440 694 2269
694 440 2269
2430 2539 2868
2539 2430 2868
2868 2430 2539
2722 301 1496
301 1496 2722
1496 301 2722
29 247 2358
2358 29 247
247 29 2358
2440 441 1126
441 1126 2440
1126 441 2440
1353 4 2702
2702 4 1353
4 1353 2702
2897 245 953
245 953 2897
953 245 2897
2115 487 958
958 487 2115
487 958 2115
1281 1656 2881
1656 1281 2881
2881 1281 1656
583 433 1369
433 583 1369
1369 433 583
2460 730 1797
1797 730 2460
730 1797 2460
291 1654 2257
2257 291 1654
1654 291 2257
1920 1194 1723
1723 1194 1920
1194 1723 1920
517 2126 2366
2126 517 2366
2366 517 2126
191 356 2435
2435 191 356
356 191 2435
1176 1748 2968
2968 1176 1748
1748 1176 2968
196 1346 2371
2371 196 1346
1346 196 2371
2059 1451 2006
1451 2006 2059
2006 1451 2059
26 152 1864
152 26 1864
1864 26 152
1237 1321 1676
1676 1237 1321
1321 1237 1676
2410 1307 2560
1307 2410 2560
2560 1307 2410
752 203 1545
1545 203 752
203 752 1545
1018 2050 2619
2619 1018 2050
2050 1018 2619
1571 1774 2165
2165 1571 1774
1774 1571 2165
1468 2689 2854
2689 1468 2854
2854 1468 2689
1981 2649 2724
2724 1981 2649
2649 1981 2724
1725 422 1040
422 1040 1725
1040 422 1725
2933 17 439
439 17 2933
17 439 2933
2670 2459 2532
2459 2532 2670
2532 2459 2670
1094 2146 2454
2454 1094 2146
2146 1094 2454
2754 393 747
393 747 2754
747 393 2754
2095 765 2686
2686 765 2095
765 2095 2686
698 1080 1740
1080 698 1740
1740 698 1080
639 1182 1252
1182 639 1252
1252 639 1182
2646 2021 2695
2021 2646 2695
2695 2021 2646
2293 1276 2782
1276 2293 2782
2782 1276 2293
1450 157 1466
157 1450 1466
1466 157 1450
646 1694 2673
1694 646 2673
2673 646 1694
2191 1960 2988
2988 1960 2191
1960 2191 2988
282 2113 2282
2113 282 2282
2282 282 2113
2732 2704 2912
2912 2704 2732
2704 2732 2912
2231 2172 2303
2172 2231 2303
2303 2172 2231
1239 2158 2531
2531 1239 2158
2158 1239 2531
1003 1570 2627
2627 1003 1570
1570 1003 2627
1329 1437 1911
1911 1329 1437
1437 1329 1911
1998 552 1238
1238 552 1998
552 1238 1998
1966 863 1826
863 1826 1966
1826 863 1966
2677 1029 2194
2194 1029 2677
1029 2194 2677
834 716 2357
716 834 2357
2357 716 834
10 2666 2892
2892 10 2666
2666 10 2892
1728 66 622
622 66 1728
66 622 1728
2698 1015 2207
1015 2207 2698
2207 1015 2698
1486 560 900
900 560 1486
560 900 1486
2538 1053 2401
2401 1053 2538
1053 2401 2538
2674 1374 2764
1374 2674 2764
2764 1374 2674
2923 368 2841
368 2841 2923
2841 368 2923
1137 683 2396
2396 683 1137
683 1137 2396
2144 139 144
139 144 2144
144 139 2144
1274 174 2186
174 1274 2186
2186 174 1274
505 2061 2565
2061 505 2565
2565 505 2061
1522 398 2906
398 1522 2906
2906 398 1522
568 100 965
100 568 965
965 100 568
465 2571 2781
2571 465 2781
2781 465 2571
1042 1993 2877
2877 1042 1993
1993 1042 2877
279 1734 1835
1835 279 1734
1734 279 1835
2621 771 2683
771 2621 2683
2683 771 2621
2135 1707 2098
2098 1707 2135
1707 2098 2135
959 702 2016
702 959 2016
2016 702 959
2439 169 589
169 589 2439
589 169 2439
1899 1184 2728
2728 1184 1899
1184 1899 2728
2103 117 723
117 723 2103
723 117 2103
2916 1643 2676
1643 2676 2916
2676 1643 2916
367 1666 2047
2047 367 1666
1666 367 2047
995 1406 2351
1406 995 2351
2351 995 1406
2338 285 2521
285 2338 2521
2521 285 2338
3 2145 2213
2213 3 2145
2145 3 2213
1637 1634 2663
1634 1637 2663
2663 1634 1637
889 361 1251
1251 361 889
361 889 1251
125 808 2437
2437 125 808
808 125 2437
1536 47 64
64 47 1536
47 64 1536
2872 449 749
449 749 2872
749 449 2872
2819 1313 1386
1313 1386 2819
1386 1313 2819
1407 1417 1756
1417 1407 1756
1756 1407 1417
1051 947 2375
2375 947 1051
947 1051 2375
2065 1629 1984
1984 1629 2065
1629 1984 2065
482 511 1602
511 482 1602
1602 482 511
2393 333 1586
333 1586 2393
1586 333 2393
1969 1853 2026
2026 1853 1969
1853 1969 2026
1701 1363 2946
1363 1701 2946
2946 1363 1701
2088 360 2413
360 2088 2413
2413 360 2088
2297 1625 1895
1895 1625 2297
1625 1895 2297
2817 292 2395
292 2395 2817
2395 292 2817
673 781 2843
781 673 2843
2843 673 781
2977 927 1559
1559 927 2977
927 1559 2977
2775 497 2751
2751 497 2775
497 2751 2775
2347 63 1511
63 1511 2347
1511 63 2347
2105 448 2541
448 2105 2541
2541 448 2105
372 852 1822
1822 372 852
852 372 1822
2601 494 2427
2427 494 2601
494 2427 2601
2644 2096 2879
2096 2644 2879
2879 2096 2644
1469 1557 1959
1557 1469 1959
1959 1469 1557
113 312 1925
312 113 1925
1925 113 312
632 1099 1494
1494 632 1099
1099 632 1494
1022 578 2271
2271 578 1022
578 1022 2271
2284 1328 2023
1328 2023 2284
2023 1328 2284
1091 2405 2948
2405 1091 2948
2948 1091 2405
418 2178 2547
2547 418 2178
2178 418 2547
734 1997 2850
1997 734 2850
2850 734 1997
276 2513 2523
2523 276 2513
2513 276 2523
2787 861 2267
861 2267 2787
2267 861 2787
1910 1183 1811
1183 1811 1910
1811 1183 1910
1720 983 2467
983 1720 2467
2467 983 1720
2434 992 2984
2984 992 2434
992 2434 2984
2024 68 193
193 68 2024
68 193 2024
2179 1987 2237
1987 2179 2237
2237 1987 2179
1821 134 704
704 134 1821
134 704 1821
2862 1751 2837
2837 1751 2862
1751 2837 2862
680 1431 1845
1845 680 1431
1431 680 1845
1232 294 2091
2091 294 1232
294 1232 2091
2374 1644 2731
2731 1644 2374
1644 2374 2731
1152 631 2971
2971 631 1152
631 1152 2971
483 1752 1968
1968 483 1752
1752 483 1968
370 991 2858
2858 370 991
991 370 2858
2908 1181 2517
2517 1181 2908
1181 2517 2908
1240 759 2331
759 1240 2331
2331 759 1240
862 2033 2708
2033 862 2708
2708 862 2033
2752 173 1755
173 1755 2752
1755 173 2752
2631 159 1334
1334 159 2631
159 1334 2631
88 1149 2935
1149 88 2935
2935 88 1149
2898 658 1473
658 1473 2898
1473 658 2898
2239 197 1399
1399 197 2239
197 1399 2239
1870 1142 2451
1142 1870 2451
2451 1142 1870
1607 1517 1641
1641 1517 1607
1517 1607 1641
700 1196 2120
2120 700 1196
1196 700 2120
1376 328 2812
328 1376 2812
2812 328 1376
2029 399 1660
1660 399 2029
399 1660 2029
2603 194 2283
194 2283 2603
2283 194 2603
2591 70 685
70 685 2591
685 70 2591
1289 1588 2502
1588 1289 2502
2502 1289 1588
1006 1383 2606
1383 1006 2606
2606 1006 1383
2385 371 519
371 519 2385
519 371 2385
142 1847 2799
1847 142 2799
2799 142 1847
699 894 1949
894 699 1949
1949 699 894
644 453 1026
1026 453 644
453 644 1026
395 617 1713
617 395 1713
1713 395 617
2143 348 1675
1675 348 2143
348 1675 2143
579 305 383
305 383 579
383 305 579
464 1154 1940
1940 464 1154
1154 464 1940
2926 1727 2386
1727 2386 2926
2386 1727 2926
1409 278 377
278 377 1409
377 278 1409
1362 20 1203
1203 20 1362
20 1203 1362
873 512 524
512 524 873
524 512 873
1885 2265 2844
2844 1885 2265
2265 1885 2844
1696 1104 2055
1104 1696 2055
2055 1104 1696
2533 1465 2118
2118 1465 2533
1465 2118 2533
2480 1298 2609
2609 1298 2480
1298 2480 2609
2955 2797 2848
2848 2797 2955
2797 2848 2955
188 679 2863
2863 188 679
679 188 2863
586 1169 2616
2616 586 1169
1169 586 2616
186 657 2227
657 186 2227
2227 186 657
456 1170 1327
1170 456 1327
1327 456 1170
2312 1533 2678
2678 1533 2312
1533 2312 2678
1480 2228 2963
2228 1480 2963
2963 1480 2228
149 164 463
463 149 164
164 149 463
2589 1830 2134
2134 1830 2589
1830 2134 2589
545 2432 2727
2432 545 2727
2727 545 2432
580 1809 2339
2339 580 1809
1809 580 2339
297 403 967
967 297 403
403 297 967
1076 1219 1598
1598 1076 1219
1219 1076 1598
1059 1478 2577
2577 1059 1478
1478 1059 2577
405 1263 1777
1777 405 1263
1263 405 1777
638 823 2679
2679 638 823
823 638 2679
1690 106 1393
106 1393 1690
1393 106 1690
1961 318 661
661 318 1961
318 661 1961
87 1360 2554
1360 87 2554
2554 87 1360
814 1489 2920
1489 814 2920
2920 814 1489
1272 1133 1767
1133 1272 1767
1767 1133 1272
599 1260 2669
1260 599 2669
2669 599 1260
1549 744 2193
744 1549 2193
2193 744 1549
2508 705 1446
705 1446 2508
1446 705 2508
1796 1032 1105
1032 1105 1796
1105 1032 1796
1267 430 2152
430 1267 2152
2152 430 1267
634 1141 2045
1141 634 2045
2045 634 1141
2208 35 461
461 35 2208
35 461 2208
271 1804 2128
2128 271 1804
1804 271 2128
1459 352 2394
2394 352 1459
352 1459 2394
425 996 1087
1087 425 996
996 425 1087
2668 788 1702
788 1702 2668
1702 788 2668
1092 1264 1995
1264 1092 1995
1995 1092 1264
2286 274 2464
274 2286 2464
2464 274 2286
2613 260 280
280 260 2613
260 280 2613
1886 1082 2147
2147 1082 1886
1082 1886 2147
1019 175 1812
1812 175 1019
175 1019 1812
787 2014 2306
2014 787 2306
2306 787 2014
1712 229 2628
229 1712 2628
2628 229 1712
2425 1020 2998
2998 1020 2425
1020 2425 2998
1604 195 1761
195 1604 1761
1761 195 1604
51 214 2142
214 51 2142
2142 51 214
2205 941 1265
1265 941 2205
941 1265 2205
1391 2501 2723
2501 1391 2723
2723 1391 2501
1760 1086 2917
1086 1760 2917
2917 1086 1760
1300 1589 2516
1589 1300 2516
2516 1300 1589
2991 1222 2632
1222 2632 2991
2632 1222 2991
582 2530 2993
2993 582 2530
2530 582 2993
800 390 591
591 390 800
390 591 800
427 1788 1873
1788 427 1873
1873 427 1788
1882 326 2154
326 1882 2154
2154 326 1882
1662 454 507
454 507 1662
507 454 1662
2322 1380 2995
1380 2322 2995
2995 1380 2322
455 373 2777
373 455 2777
2777 373 455
2476 1266 2086
2086 1266 2476
1266 2086 2476
796 1416 1606
1416 796 1606
1606 796 1416
2378 1282 1831
1831 1282 2378
1282 1831 2378
299 2273 2596
2273 299 2596
2596 299 2273
1582 946 1440
1440 946 1582
946 1440 1582
1211 109 1692
1692 109 1211
109 1211 1692
1985 1279 2815
1279 1985 2815
2815 1279 1985
2960 2915 2950
2950 2915 2960
2915 2950 2960
2388 898 1278
898 1278 2388
1278 898 2388
2254 65 2035
65 2035 2254
2035 65 2254
576 233 2068
233 576 2068
2068 233 576
249 421 1424
1424 249 421
421 249 1424
969 30 1828
30 969 1828
1828 30 969
1800 2070 2110
2110 1800 2070
2070 1800 2110
2734 272 595
272 595 2734
595 272 2734
2638 1064 2241
2241 1064 2638
1064 2241 2638
1988 2232 2472
2232 1988 2472
2472 1988 2232
2759 942 1867
942 1867 2759
1867 942 2759
724 1635 1888
1635 724 1888
1888 724 1635
1324 1655 2961
2961 1324 1655
1655 1324 2961
97 1351 2900
1351 97 2900
2900 97 1351
1944 928 1153
928 1153 1944
1153 928 1944
1838 1331 2229
2229 1331 1838
1331 1838 2229
1227 16 972
16 972 1227
972 16 1227
1913 1704 2032
1704 1913 2032
2032 1704 1913
253 2475 2615
2615 253 2475
2475 253 2615
676 1209 1526
1209 676 1526
1526 676 1209
1305 1061 1375
1061 1305 1375
1375 1061 1305
2364 981 2291
2291 981 2364
981 2291 2364
1320 1285 1834
1834 1285 1320
1285 1320 1834
693 206 2333
2333 206 693
206 693 2333
2811 791 1477
1477 791 2811
791 1477 2811
189 334 1357
334 189 1357
1357 189 334
2965 585 753
753 585 2965
585 753 2965
1803 178 2690
178 1803 2690
2690 178 1803
1970 309 1150
309 1150 1970
1150 309 1970
1283 2236 2794
2236 1283 2794
2794 1283 2236
1434 1926 2078
2078 1434 1926
1926 1434 2078
1657 101 248
248 101 1657
101 248 1657
2318 2199 2924
2199 2318 2924
2924 2199 2318
2018 146 750
750 146 2018
146 750 2018
877 2552 2556
2556 877 2552
2552 877 2556
1523 1595 2925
2925 1523 1595
1595 1523 2925
717 1991 2580
2580 717 1991
1991 717 2580
1226 251 1379
251 1226 1379
1379 251 1226
569 701 1460
1460 569 701
701 569 1460
1247 1013 2102
1013 1247 2102
2102 1013 1247
1070 567 2568
567 1070 2568
2568 567 1070
1010 212 1476
1476 212 1010
212 1010 1476
2206 55 2409
55 2206 2409
2409 55 2206
2264 1168 2069
1168 2069 2264
2069 1168 2264
166 1950 2314
2314 166 1950
1950 166 2314
1503 1308 2011
1308 1503 2011
2011 1308 1503
1923 84 978
84 978 1923
978 84 1923
594 2097 2489
2489 594 2097
2097 594 2489
1956 998 1538
1538 998 1956
998 1538 1956
473 1138 2626
2626 473 1138
1138 473 2626
974 489 2623
489 974 2623
2623 489 974
2578 592 945
592 945 2578
945 592 2578
956 263 2526
263 956 2526
2526 263 956
2258 1401 1685
1685 1401 2258
1401 1685 2258
209 50 1658
50 209 1658
1658 50 209
2864 939 1342
1342 939 2864
939 1342 2864
2245 2667 2907
2667 2245 2907
2907 2245 2667
275 1253 2161
1253 275 2161
2161 275 1253
2281 547 1791
1791 547 2281
547 1791 2281
1455 389 2515
389 1455 2515
2515 389 1455
1508 2412 2808
2808 1508 2412
2412 1508 2808
1502 1636 2792
1636 1502 2792
2792 1502 1636
2749 1731 1786
1786 1731 2749
1731 1786 2749
664 1648 2166
1648 664 2166
2166 664 1648
2005 2307 2805
2805 2005 2307
2307 2005 2805
960 1296 1782
1296 960 1782
1782 960 1296
2015 216 2151
2151 216 2015
216 2015 2151
674 660 2044
660 674 2044
2044 660 674
2784 485 1492
485 1492 2784
1492 485 2784
672 81 1688
81 672 1688
1688 81 672
2694 6 2755
6 2694 2755
2755 6 2694
2718 1912 2553
2553 1912 2718
1912 2553 2718
689 199 525
525 199 689
199 525 689
1249 760 1729
760 1249 1729
1729 760 1249
1428 1058 1145
1058 1145 1428
1145 1058 1428
1464 530 743
530 743 1464
743 530 1464
1590 1964 2562
2562 1590 1964
1964 1590 2562
1344 237 1518
1518 237 1344
237 1344 1518
2688 696 1700
1700 696 2688
696 1700 2688
380 1273 2576
2576 380 1273
1273 380 2576
96 836 860
836 96 860
860 96 836
2548 1365 2499
2499 1365 2548
1365 2499 2548
2661 1250 2294
2294 1250 2661
1250 2294 2661
1158 236 2125
236 1158 2125
2125 236 1158
688 235 691
235 688 691
691 235 688
1548 256 2431
2431 256 1548
256 1548 2431
1235 778 1039
1039 778 1235
778 1039 1235
2570 943 1463
943 1463 2570
1463 943 2570
2555 1429 2561
1429 2555 2561
2561 1429 2555
45 442 566
442 45 566
566 45 442
550 1225 2773
2773 550 1225
1225 550 2773
1372 510 1310
510 1310 1372
1310 510 1372
1385 140 1646
140 1385 1646
1646 140 1385
2936 2411 2927
2927 2411 2936
2411 2927 2936
2887 114 2966
114 2887 2966
2966 114 2887
2710 375 1127
375 1127 2710
1127 375 2710
1102 527 1475
527 1102 1475
1475 527 1102
844 686 1876
1876 686 844
686 844 1876
1610 1954 2896
1954 1610 2896
2896 1610 1954
1484 649 2816
649 1484 2816
2816 649 1484
1519 1482 2221
1482 1519 2221
2221 1482 1519
2973 315 1215
315 1215 2973
1215 315 2973
2133 374 1623
1623 374 2133
374 1623 2133
1645 697 2398
2398 697 1645
697 1645 2398
935 1585 2929
2929 935 1585
1585 935 2929
2337 922 2779
2779 922 2337
922 2337 2779
2175 1739 2845
2845 1739 2175
1739 2175 2845
150 104 2329
2329 104 150
104 150 2329
653 300 1794
1794 300 653
300 653 1794
784 1404 2685
1404 784 2685
2685 784 1404
1418 2093 2883
2883 1418 2093
2093 1418 2883
475 1735 2304
1735 475 2304
2304 475 1735
392 2453 2911
2453 392 2911
2911 392 2453
708 1072 1743
1743 708 1072
1072 708 1743
593 1100 2408
2408 593 1100
1100 593 2408
1906 1315 1479
1479 1315 1906
1315 1479 1906
1858 2272 2302
2272 1858 2302
2302 1858 2272
792 231 1952
231 792 1952
1952 231 792
1165 59 2859
2859 59 1165
59 1165 2859
1140 1368 1762
1368 1140 1762
1762 1140 1368
1928 1454 1541
1454 1541 1928
1541 1454 1928
856 865 2162
2162 856 865
865 856 2162
2637 498 1067
1067 498 2637
498 1067 2637
2503 1405 2280
2280 1405 2503
1405 2280 2503
1683 337 1957
337 1683 1957
1957 337 1683
2692 1893 1937
1893 1937 2692
1937 1893 2692
869 281 1687
1687 281 869
281 869 1687
1366 183 2356
2356 183 1366
183 1366 2356
1016 1269 2300
1269 1016 2300
2300 1016 1269
1309 2176 2436
2436 1309 2176
2176 1309 2436
25 1547 2072
1547 25 2072
2072 25 1547
2549 201 1445
1445 201 2549
201 1445 2549
2046 1664 2780
2780 1664 2046
1664 2046 2780
2420 9 506
9 506 2420
506 9 2420
522 2624 2762
2762 522 2624
2624 522 2762
2119 381 2772
2772 381 2119
381 2119 2772
477 1715 2806
2806 477 1715
1715 477 2806
2747 557 2629
557 2629 2747
2629 557 2747
268 1493 2139
2139 268 1493
1493 268 2139
2136 907 2073
907 2073 2136
2073 907 2136
859 443 1244
443 859 1244
1244 443 859
837 1896 2748
1896 837 2748
2748 837 1896
1243 667 1073
667 1073 1243
1073 667 1243
1890 872 2529
872 1890 2529
2529 872 1890
799 262 1936
1936 262 799
262 799 1936
2890 1423 1745
1423 1745 2890
1745 1423 2890
715 874 1449
874 715 1449
1449 715 874
1539 153 284
284 153 1539
153 284 1539
470 794 2820
2820 470 794
794 470 2820
2891 556 1798
1798 556 2891
556 1798 2891
1083 15 220
220 15 1083
15 220 1083
234 523 1157
1157 234 523
523 234 1157
1101 286 2583
286 1101 2583
2583 286 1101
1433 419 868
868 419 1433
419 868 1433
1044 302 1829
1829 302 1044
302 1044 1829
2368 2081 2324
2081 2324 2368
2324 2081 2368
1413 562 666
562 666 1413
666 562 1413
533 581 2652
2652 533 581
581 533 2652
77 819 1863
819 77 1863
1863 77 819
1081 2344 2608
2608 1081 2344
2344 1081 2608
1134 147 2905
147 1134 2905
2905 147 1134
2559 2311 2406
2311 2406 2559
2406 2311 2559
1088 1412 2834
2834 1088 1412
1412 1088 2834
2478 608 1671
608 1671 2478
1671 608 2478
515 509 2210
509 515 2210
2210 509 515
2763 575 2346
575 2346 2763
2346 575 2763
1550 2407 2886
2886 1550 2407
2407 1550 2886
52 76 2490
76 52 2490
2490 52 76
770 428 2248
2248 428 770
428 770 2248
2786 1333 1806
1333 1806 2786
1806 1333 2786
2180 636 2397
2397 636 2180
636 2180 2397
1597 1553 2022
1553 1597 2022
2022 1553 1597
1627 520 2846
2846 520 1627
520 1627 2846
901 1930 2170
1930 901 2170
2170 901 1930
2607 86 1974
1974 86 2607
86 1974 2607
423 1326 1398
1398 423 1326
1326 423 1398
2433 513 1106
1106 513 2433
513 1106 2433
2765 1938 2124
1938 2124 2765
2124 1938 2765
627 141 2634
141 627 2634
2634 141 627
748 158 1869
1869 158 748
158 748 1869
2446 2417 2793
2793 2417 2446
2417 2446 2793
651 1852 2725
2725 651 1852
1852 651 2725
571 2104 2253
2104 571 2253
2253 571 2104
445 501 2174
2174 445 501
501 445 2174
587 2326 2355
2355 587 2326
2326 587 2355
325 56 401
56 325 401
401 56 325
434 1122 1402
1122 434 1402
1402 434 1122
2999 919 2807
2807 919 2999
919 2807 2999
2171 1223 2187
2187 1223 2171
1223 2171 2187
2870 902 2921
2921 902 2870
902 2870 2921
1438 79 1071
1071 79 1438
79 1071 1438
2466 5 2450
2450 5 2466
5 2450 2466
1921 1566 1808
1808 1566 1921
1566 1808 1921
2111 1580 2289
2289 1580 2111
1580 2111 2289
867 1770 2419
1770 867 2419
2419 867 1770
1462 18 1143
1143 18 1462
18 1143 1462
2391 1857 2415
1857 2391 2415
2415 1857 2391
1432 2485 2942
2485 1432 2942
2942 1432 2485
833 452 2657
452 833 2657
2657 452 833
2416 758 1558
1558 758 2416
758 1558 2416
289 1195 1565
1195 289 1565
1565 289 1195
78 1989 2721
2721 78 1989
1989 78 2721
431 1065 1947
1947 431 1065
1065 431 1947
39 1467 2242
1467 39 2242
2242 39 1467
503 1074 1395
1074 503 1395
1395 503 1074
1717 531 2149
531 1717 2149
2149 531 1717
2247 1206 2243
2243 1206 2247
1206 2243 2247
2687 215 2795
215 2687 2795
2795 215 2687
2163 180 1112
1112 180 2163
180 1112 2163
2017 2150 2470
2470 2017 2150
2150 2017 2470
2414 1186 1711
1186 1711 2414
1711 1186 2414
94 825 2543
825 94 2543
2543 94 825
2100 905 1630
905 1630 2100
1630 905 2100
2197 2058 2373
2373 2058 2197
2058 2197 2373
400 2132 2332
2332 400 2132
2132 400 2332
358 1817 2000
1817 358 2000
2000 358 1817
2438 662 1115
662 1115 2438
1115 662 2438
1986 107 1085
107 1085 1986
1085 107 1986
1179 1161 1976
1976 1161 1179
1161 1179 1976
2348 467 944
944 467 2348
467 944 2348
2675 2087 2148
2087 2148 2675
2148 2087 2675
257 386 999
386 257 999
999 257 386
1992 91 1799
91 1799 1992
1799 91 1992
2647 362 1231
362 1231 2647
1231 362 2647
1361 411 2758
411 1361 2758
2758 411 1361
1787 459 949
949 459 1787
459 949 1787
499 1540 2443
1540 499 2443
2443 499 1540
896 726 2274
726 896 2274
2274 726 896
382 330 2825
2825 330 382
330 382 2825
1854 408 1447
408 1447 1854
1447 408 1854
205 544 2714
544 205 2714
2714 205 544
200 809 1389
809 200 1389
1389 200 809
2836 1572 2849
2849 1572 2836
1572 2836 2849
602 1457 1868
1868 602 1457
1457 602 1868
906 2173 2594
2594 906 2173
2173 906 2594
154 736 1516
736 154 1516
1516 154 736
1338 2798 2823
2798 1338 2823
2823 1338 2798
1414 1471 2938
1471 1414 2938
2938 1414 1471
930 1048 2461
1048 930 2461
2461 930 1048
19 2323 2546
2323 19 2546
2546 19 2323
1510 1435 2445
2445 1435 1510
1435 1510 2445
2750 317 2131
317 2131 2750
2131 317 2750
921 1378 1795
1378 921 1795
1795 921 1378
165 1130 1668
1130 165 1668
1668 165 1130
977 1784 2183
1784 977 2183
2183 977 1784
1291 920 2350
920 1291 2350
2350 920 1291
1551 226 2079
2079 226 1551
226 1551 2079
1230 14 2557
14 1230 2557
2557 14 1230
1163 37 2246
2246 37 1163
37 1163 2246
2648 766 2564
2564 766 2648
766 2564 2648
2635 1098 2986
1098 2635 2986
2986 1098 2635
2310 391 1514
391 1514 2310
1514 391 2310
2985 122 2756
2756 122 2985
122 2756 2985
136 339 1754
339 136 1754
1754 136 339
984 1556 2592
2592 984 1556
1556 984 2592
1839 1599 2224
1599 1839 2224
2224 1599 1839
655 1045 1063
1045 655 1063
1063 655 1045
786 1382 2740
1382 786 2740
2740 786 1382
2856 1525 1860
1525 1860 2856
1860 1525 2856
1587 12 2240
12 1587 2240
2240 12 1587
1303 1358 1591
1358 1303 1591
1591 1303 1358
1261 692 1904
1904 692 1261
692 1261 1904
2957 324 402
402 324 2957
324 402 2957
1400 504 570
570 504 1400
504 570 1400
1513 1025 2964
1025 1513 2964
2964 1025 1513
49 409 911
409 49 911
911 49 409
488 885 1670
1670 488 885
885 488 1670
2295 1197 2288
1197 2288 2295
2288 1197 2295
1258 537 1996
537 1258 1996
1996 537 1258
2182 773 2384
773 2182 2384
2384 773 2182
99 170 624
170 99 624
624 99 170
2155 2 2584
2 2155 2584
2584 2 2155
838 2209 2255
2255 838 2209
2209 838 2255
1234 490 2474
2474 490 1234
490 1234 2474
61 1306 1813
1306 61 1813
1813 61 1306
2031 308 1661
308 1661 2031
1661 308 2031
131 925 2789
925 131 2789
2789 131 925
2218 720 888
888 720 2218
720 888 2218
2768 1708 1967
1967 1708 2768
1708 1967 2768
598 1256 1552
1256 598 1552
1552 598 1256
1007 120 1943
120 1007 1943
1943 120 1007
565 2655 2847
2655 565 2847
2847 565 2655
444 539 735
539 444 735
735 444 539
1640 574 1579
574 1579 1640
1579 574 1640
756 350 1290
350 756 1290
1290 350 756
1284 1948 2261
1948 1284 2261
2261 1284 1948
963 1397 2976
1397 963 2976
2976 963 1397
2336 769 2379
2379 769 2336
769 2336 2379
2156 1012 2827
2827 1012 2156
1012 2156 2827
2901 1337 2153
1337 2153 2901
2153 1337 2901
718 1108 1529
1529 718 1108
1108 718 1529
1695 1816 2252
2252 1695 1816
1816 1695 2252
1718 103 1079
103 1079 1718
1079 103 1718
903 480 2392
480 903 2392
2392 480 903
910 2052 2506
2506 910 2052
2052 910 2506
818 102 1124
1124 102 818
102 818 1124
223 703 719
719 223 703
703 223 719
2909 1146 2518
1146 2518 2909
2518 1146 2909
2822 1632 2545
1632 2545 2822
2545 1632 2822
1861 44 879
879 44 1861
44 879 1861
466 1871 2810
2810 466 1871
1871 466 2810
1103 1229 2575
2575 1103 1229
1229 1103 2575
2075 1971 2741
1971 2075 2741
2741 1971 2075
2835 1614 1877
1877 1614 2835
1614 1877 2835
1836 2290 2353
2290 1836 2353
2353 1836 2290
709 95 2354
95 709 2354
2354 95 709
913 890 2309
890 913 2309
2309 890 913
826 116 1097
116 826 1097
1097 116 826
238 1095 2084
2084 238 1095
1095 238 2084
1384 1699 1924
1924 1384 1699
1699 1384 1924
1131 1257 1669
1257 1131 1669
1669 1131 1257
1506 1054 1758
1758 1054 1506
1054 1506 1758
43 1355 1771
1771 43 1355
1355 43 1771
601 955 2200
2200 601 955
955 601 2200
2089 610 2192
2192 610 2089
610 2089 2192
2057 604 815
815 604 2057
604 815 2057
168 2500 2525
2500 168 2525
2525 168 2500
2027 1532 1652
1532 1652 2027
1652 1532 2027
138 1564 1672
1564 138 1672
1672 138 1564
609 767 803
767 609 803
803 609 767
1172 112 1319
112 1172 1319
1319 112 1172
1825 2195 2894
2195 1825 2894
2894 1825 2195
1340 1575 2640
1575 1340 2640
2640 1340 1575
1929 179 1562
1562 179 1929
179 1562 1929
1651 447 835
447 835 1651
835 447 1651
2071 341 1999
341 1999 2071
1999 341 2071
534 24 1601
1601 24 534
24 534 1601
1613 460 1373
460 1373 1613
1373 460 1613
2796 222 2939
222 2796 2939
2939 222 2796
2618 2814 2874
2874 2618 2814
2814 2618 2874
23 1483 1776
1776 23 1483
1483 23 1776
270 738 1659
738 270 1659
1659 270 738
2215 1918 2519
2519 1918 2215
1918 2215 2519
1563 777 1691
1691 777 1563
777 1563 1691
54 1062 2262
1062 54 2262
2262 54 1062
1191 71 2428
71 1191 2428
2428 71 1191
2697 2418 2833
2418 2697 2833
2833 2418 2697
1515 432 2717
2717 432 1515
432 1515 2717
2376 1742 1824
1824 1742 2376
1742 1824 2376
797 1726 1958
1726 797 1958
1958 797 1726
924 2214 2298
2214 924 2298
2298 924 2214
1090 1887 2974
1887 1090 2974
2974 1090 1887
2053 633 1030
633 1030 2053
1030 633 2053
1135 1299 2129
1299 1135 2129
2129 1135 1299
496 1001 1271
1001 496 1271
1271 496 1001
1819 31 208
208 31 1819
31 208 1819
365 396 1749
396 365 1749
1749 365 396
1488 980 1792
980 1488 1792
1792 980 1488
2452 563 891
891 563 2452
563 891 2452
1093 1364 2949
2949 1093 1364
1364 1093 2949
471 124 1973
124 471 1973
1973 124 471
839 484 532
484 532 839
532 484 839
1259 1038 2800
2800 1038 1259
1038 1259 2800
322 160 379
160 322 379
379 160 322
2958 2259 2932
2259 2932 2958
2932 2259 2958
1879 892 2633
2633 892 1879
892 1879 2633
258 1915 2776
1915 258 2776
2776 258 1915
2573 915 1721
1721 915 2573
915 1721 2573
1827 240 938
938 240 1827
240 938 1827
1941 554 2325
2325 554 1941
554 1941 2325
2651 822 1316
822 1316 2651
1316 822 2651
684 450 1214
450 684 1214
1214 450 684
2313 1444 1905
1444 1905 2313
1905 1444 2313
2352 213 2962
213 2352 2962
2962 213 2352
58 384 2928
384 58 2928
2928 58 384
1747 739 1507
1507 739 1747
739 1507 1747
1560 1066 2642
2642 1066 1560
1066 1560 2642
1472 1603 2527
1603 1472 2527
2527 1472 1603
2019 2190 2387
2190 2019 2387
2387 2019 2190
181 224 313
224 181 313
313 181 224
714 321 2457
2457 321 714
321 714 2457
1802 462 1832
1832 462 1802
462 1802 1832
847 414 1628
1628 414 847
414 847 1628
677 654 1862
1862 654 677
654 677 1862
13 1118 1323
1323 13 1118
1118 13 1323
1922 404 912
912 404 1922
404 912 1922
121 244 437
244 121 437
437 121 244
2954 681 1909
1909 681 2954
681 1909 2954
1005 2340 2512
2512 1005 2340
2340 1005 2512
2804 1520 1714
1714 1520 2804
1520 1714 2804
2852 990 2821
990 2821 2852
2821 990 2852
1193 616 1768
1768 616 1193
616 1193 1768
1349 2226 2767
2226 1349 2767
2767 1349 2226
60 682 2733
682 60 2733
2733 60 682
415 858 1537
858 415 1537
1537 415 858
1884 123 1983
1983 123 1884
123 1884 1983
678 2441 2774
2774 678 2441
2441 678 2774
1189 558 2851
558 1189 2851
2851 558 1189
1583 2424 2595
2424 1583 2595
2595 1583 2424
1546 90 2263
90 1546 2263
2263 90 1546
1190 2204 2212
2212 1190 2204
2204 1190 2212
1377 2099 2857
2857 1377 2099
2099 1377 2857
2956 1204 2990
2990 1204 2956
1204 2956 2990
1439 625 2662
625 1439 2662
2662 625 1439
1501 273 1339
1339 273 1501
273 1339 1501
2975 1677 2931
1677 2931 2975
2931 1677 2975
2266 725 2840
2840 725 2266
725 2266 2840
1201 347 2572
2572 347 1201
347 1201 2572
22 1057 1534
1534 22 1057
1057 22 1534
1245 1933 1935
1933 1245 1935
1935 1245 1933
1977 288 2537
2537 288 1977
288 1977 2537
1790 843 2813
2813 843 1790
843 1790 2813
255 167 1426
167 255 1426
1426 167 255
2060 105 2012
105 2012 2060
2012 105 2060
329 971 2705
2705 329 971
971 329 2705
605 1210 2320
1210 605 2320
2320 605 1210
1567 1242 2830
1242 1567 2830
2830 1242 1567
2726 559 2771
559 2726 2771
2771 559 2726
542 2382 2473
2382 542 2473
2473 542 2382
1772 763 2082
2082 763 1772
763 1772 2082
2481 364 832
832 364 2481
364 832 2481
746 1741 2770
1741 746 2770
2770 746 1741
561 207 359
359 207 561
207 359 561
451 2469 2540
2469 451 2540
2540 451 2469
549 2233 2904
2233 549 2904
2904 549 2233
132 710 2039
2039 132 710
710 132 2039
239 1403 1682
1682 239 1403
1403 239 1682
1121 1436 2994
1436 1121 2994
2994 1121 1436
1125 926 2449
2449 926 1125
926 1125 2449
2108 457 2945
2945 457 2108
457 2108 2945
1481 57 1293
57 1293 1481
1293 57 1481
2831 479 1962
479 1962 2831
1962 479 2831
1031 1004 1043
1043 1004 1031
1004 1031 1043
1458 1615 2494
2494 1458 1615
1615 1458 2494
884 848 1979
848 884 1979
1979 848 884
1474 266 1719
1719 266 1474
266 1474 1719
1584 706 2296
706 1584 2296
2296 706 1584
737 2597 2604
2604 737 2597
2597 737 2604
2109 1294 2967
2967 1294 2109
1294 2109 2967
829 2544 2706
2544 829 2706
2706 829 2544
1844 1277 2873
2873 1277 1844
1277 1844 2873
241 1055 2477
1055 241 2477
2477 241 1055
950 1554 2230
2230 950 1554
1554 950 2230
1846 1246 1619
1246 1619 1846
1619 1246 1846
2177 590 2684
590 2177 2684
2684 590 2177
1500 929 1680
1680 929 1500
929 1500 1680
2855 296 1311
296 1311 2855
1311 296 2855
355 1419 2940
1419 355 2940
2940 355 1419
127 1050 2299
1050 127 2299
2299 127 1050
2716 1035 1422
1035 1422 2716
1422 1035 2716
2766 227 603
227 603 2766
603 227 2766
254 690 2691
2691 254 690
690 254 2691
1017 27 1624
1624 27 1017
27 1017 1624
2641 394 2542
2542 394 2641
394 2542 2641
190 733 937
733 190 937
937 190 733
2317 886 1746
1746 886 2317
886 1746 2317
1848 728 2682
728 1848 2682
2682 728 1848
914 1638 1764
1638 914 1764
1764 914 1638
2788 817 2980
817 2788 2980
2980 817 2788
1148 436 2987
436 1148 2987
2987 436 1148
331 2316 2487
2487 331 2316
2316 331 2487
2860 1236 2455
2455 1236 2860
1236 2455 2860
118 476 1024
476 118 1024
1024 118 476
1011 973 1769
973 1011 1769
1769 973 1011
62 1021 2585
1021 62 2585
2585 62 1021
335 535 1891
1891 335 535
535 335 1891
298 985 2871
985 298 2871
2871 298 985
846 314 2076
314 846 2076
2076 314 846
897 2260 2534
2534 897 2260
2260 897 2534
584 741 1653
1653 584 741
741 584 1653
811 731 2579
2579 731 811
731 811 2579
2188 1132 2400
1132 2188 2400
2400 1132 2188
2882 1390 2785
1390 2785 2882
2785 1390 2882
2062 1037 2866
1037 2062 2866
2866 1037 2062
1942 1075 1908
1908 1075 1942
1075 1908 1942
1288 264 2639
264 1288 2639
2639 264 1288
1823 659 2365
2365 659 1823
659 1823 2365
2389 538 1779
1779 538 2389
538 1779 2389
2092 540 650
650 540 2092
540 650 2092
1034 412 1286
1286 412 1034
412 1034 1286
2220 202 1120
202 1120 2220
1120 202 2220
1535 630 1159
1159 630 1535
630 1159 1535
493 407 555
555 407 493
407 493 555
1068 376 2488
376 1068 2488
2488 376 1068
785 2225 2486
2486 785 2225
2225 785 2486
2349 951 952
952 951 2349
951 952 2349
1815 1173 1530
1530 1173 1815
1173 1530 1815
1047 1527 1639
1527 1047 1639
1639 1047 1527
1216 2611 2612
2611 1216 2612
2612 1216 2611
2140 143 932
143 932 2140
932 143 2140
2321 349 2423
349 2321 2423
2423 349 2321
1084 908 1332
1332 908 1084
908 1084 1332
2403 713 1330
713 1330 2403
1330 713 2403
997 1014 1600
1014 997 1600
1600 997 1014
1370 36 2902
2902 36 1370
36 1370 2902
1693 740 2832
740 1693 2832
2832 740 1693
1123 881 1781
1781 881 1123
881 1123 1781
880 177 1452
177 880 1452
1452 177 880
2703 526 1177
526 1177 2703
1177 526 2703
28 500 1730
500 28 1730
1730 28 500
2944 755 1919
755 1919 2944
1919 755 2944
1573 607 2471
2471 607 1573
607 1573 2471
1254 172 1111
172 1111 1254
1111 172 1254
2028 2013 2969
2013 2028 2969
2969 2013 2028
210 230 1810
230 210 1810
1810 210 230
2497 564 1302
564 1302 2497
1302 564 2497
712 514 2249
2249 514 712
514 712 2249
1317 801 1807
1807 801 1317
801 1317 1807
311 1248 1686
1248 311 1686
1686 311 1248
2701 2121 2514
2121 2514 2701
2514 2121 2701
572 1151 2077
2077 572 1151
1151 572 2077
2444 934 1485
1485 934 2444
934 1485 2444
33 327 2361
2361 33 327
327 33 2361
472 782 1855
1855 472 782
782 472 1855
548 2383 2996
2996 548 2383
2383 548 2996
1946 353 2746
353 1946 2746
2746 353 1946
1295 600 1951
600 1295 1951
1951 600 1295
435 1765 2468
2468 435 1765
1765 435 2468
1456 1411 2645
1411 1456 2645
2645 1411 1456
2112 184 1033
184 1033 2112
1033 184 2112
1408 1592 2680
2680 1408 1592
1592 1408 2680
1900 115 417
417 115 1900
115 417 1900
2581 1793 2101
2101 1793 2581
1793 2101 2581
351 642 851
851 351 642
642 351 851
1356 762 2020
2020 762 1356
762 1356 2020
2524 2196 2201
2196 2201 2524
2201 2196 2524
1561 73 1681
73 1561 1681
1681 73 1561
2114 994 1611
1611 994 2114
994 1611 2114
2888 426 1842
426 1842 2888
1842 426 2888
2429 1678 1744
1744 1678 2429
1678 1744 2429
772 1801 2442
1801 772 2442
2442 772 1801
989 729 1524
729 989 1524
1524 729 989
2586 502 1139
502 1139 2586
1139 502 2586
2997 1932 2043
1932 2043 2997
2043 1932 2997
722 776 1218
776 722 1218
1218 722 776
252 1415 1833
1415 252 1833
1833 252 1415
2918 1763 2761
2761 1763 2918
1763 2761 2918
1965 1212 1814
1814 1212 1965
1212 1814 1965
842 1724 2620
2620 842 1724
1724 842 2620
2301 795 1241
795 1241 2301
1241 795 2301
1927 1914 2189
1914 1927 2189
2189 1914 1927
2130 75 310
310 75 2130
75 310 2130
2141 228 2507
2507 228 2141
228 2141 2507
611 1188 2493
2493 611 1188
1188 611 2493
1975 110 2308
110 1975 2308
2308 110 1975
1352 406 2696
2696 406 1352
406 1352 2696
1304 1461 2067
1461 1304 2067
2067 1304 1461
1318 626 2566
626 1318 2566
2566 626 1318
916 185 2042
2042 185 916
185 916 2042
137 295 1528
295 137 1528
1528 137 295
1593 2839 2930
2839 1593 2930
2930 1593 2839
2276 675 2360
2360 675 2276
675 2276 2360
162 931 2330
2330 162 931
931 162 2330
413 669 2853
669 413 2853
2853 413 669
2465 1077 2551
1077 2465 2551
2551 1077 2465
2462 346 1171
1171 346 2462
346 1171 2462
2783 2491 2658
2491 2658 2783
2658 2491 2783
2219 1009 2654
2654 1009 2219
1009 2219 2654
1621 259 2959
2959 259 1621
259 1621 2959
1487 2914 2922
2914 1487 2922
2922 1487 2914
2505 338 2869
2869 338 2505
338 2505 2869
1 491 1898
491 1 1898
1898 1 491
2492 2030 2335
2030 2335 2492
2335 2030 2492
923 1737 2184
1737 923 2184
2184 923 1737
1642 387 2802
2802 387 1642
387 1642 2802
1297 2037 2803
2803 1297 2037
2037 1297 2803
1531 163 2211
163 1531 2211
2211 163 1531
1301 895 1388
1388 895 1301
895 1301 1388
369 345 883
345 369 883
883 345 369
2665 53 336
53 336 2665
336 53 2665
1679 182 518
518 182 1679
182 518 1679
904 1955 2569
1955 904 2569
2569 904 1955
613 612 1543
612 613 1543
1543 612 613
1491 893 2377
893 1491 2377
2377 893 1491
2345 446 887
887 446 2345
446 887 2345
855 1903 2238
2238 855 1903
1903 855 2238
32 155 2660
155 32 2660
2660 32 155
635 553 2582
2582 553 635
553 635 2582
128 806 1841
806 128 1841
1841 128 806
802 528 1851
528 802 1851
1851 528 802
1178 46 1907
46 1178 1907
1907 46 1178
643 171 789
789 171 643
171 643 789
250 1990 2041
2041 250 1990
1990 250 2041
1866 332 812
812 332 1866
332 812 1866
1766 67 2319
2319 67 1766
67 1766 2319
1228 176 1367
1367 176 1228
176 1228 1367
1198 385 663
663 385 1198
385 663 1198
1008 2483 2659
2659 1008 2483
2483 1008 2659
267 821 2025
821 267 2025
2025 267 821
2107 1347 2715
1347 2107 2715
2715 1347 2107
665 1738 1759
1738 665 1759
1759 665 1738
156 319 2402
2402 156 319
319 156 2402
1576 820 1199
1199 820 1576
820 1199 1576
1060 779 2456
2456 779 1060
779 1060 2456
1335 2064 2203
2064 1335 2203
2203 1335 2064
774 1371 1778
1371 774 1778
1778 774 1371
2903 1872 2809
2809 1872 2903
1872 2809 2903
161 269 854
269 161 854
854 161 269
1875 2588 2656
2656 1875 2588
2588 1875 2656
2742 1255 2381
2381 1255 2742
1255 2381 2742
623 1626 2550
1626 623 2550
2550 623 1626
148 92 119
119 92 148
92 119 148
1775 211 618
211 618 1775
618 211 1775
2010 1865 2730
2730 1865 2010
1865 2010 2730
1160 242 2063
2063 242 1160
242 1160 2063
2268 824 875
824 875 2268
875 824 2268
1166 1027 1180
1180 1027 1166
1027 1166 1180
2829 481 621
481 621 2829
621 481 2829
495 438 987
987 438 495
438 495 987
1709 656 1594
656 1594 1709
1594 656 1709
1208 671 1396
1396 671 1208
671 1208 1396
850 8 2636
2636 8 850
8 850 2636
1453 277 293
277 293 1453
293 277 1453
1878 388 918
388 918 1878
918 388 1878
936 2712 2878
2712 936 2878
2878 936 2712
468 1156 1202
1202 468 1156
1156 468 1202
340 2404 2681
