259 103 203
103 203 259
203 103 259
293 16 296
16 293 296
296 16 293
61 220 263
263 61 220
220 61 263
227 49 88
88 49 227
49 88 227
35 4 163
4 35 163
163 4 35
162 110 167
110 162 167
167 110 162
39 144 194
194 39 144
144 39 194
47 169 219
169 47 219
219 47 169
238 21 118
21 118 238
118 21 238
159 92 260
92 159 260
260 92 159
233 94 265
94 233 265
265 94 233
65 112 207
207 65 112
112 65 207
193 119 225
119 193 225
225 119 193
231 56 114
56 114 231
114 56 231
77 27 255
255 27 77
27 77 255
205 166 264
264 166 205
166 205 264
253 22 212
212 22 253
22 212 253
280 172 229
229 172 280
172 229 280
195 137 146
137 146 195
146 137 195
120 44 211
44 120 211
211 44 120
20 130 298
298 20 130
130 20 298
9 109 271
109 9 271
271 9 109
80 23 273
23 80 273
273 23 80
300 32 249
32 249 300
249 32 300
55 1 168
1 55 168
168 1 55
171 174 282
174 171 282
282 171 174
46 127 136
127 46 136
136 46 127
79 59 160
59 79 160
160 59 79
275 57 161
57 161 275
161 57 275
154 63 95
63 95 154
95 63 154
182 37 104
37 104 182
104 37 182
291 17 140
140 17 291
17 140 291
217 51 204
51 204 217
204 51 217
147 73 113
73 113 147
113 73 147
256 188 257
257 188 256
188 256 257
247 71 283
283 71 247
71 247 283
128 98 237
98 128 237
237 98 128
67 155 170
155 67 170
170 67 155
252 125 184
125 184 252
184 125 252
85 87 173
173 85 87
87 85 173
278 68 134
134 68 278
68 134 278
72 100 234
234 72 100
100 72 234
36 3 53
53 3 36
3 36 53
45 187 230
187 45 230
230 45 187
245 62 228
62 228 245
228 62 245
69 93 179
179 69 93
93 69 179
272 151 180
151 180 272
180 151 272
270 10 29
29 10 270
10 29 270
122 198 279
198 122 279
279 122 198
132 185 290
290 132 185
185 132 290
76 28 248
28 76 248
248 28 76
262 123 149
149 123 262
123 149 262
196 12 284
12 196 284
284 12 196
243 40 164
164 40 243
40 164 243
223 148 181
148 181 223
181 148 223
115 218 285
285 115 218
218 115 285
177 2 268
268 2 177
2 177 268
52 107 294
107 52 294
294 52 107
84 7 221
7 84 221
221 7 84
150 66 99
66 99 150
99 66 150
91 64 289
64 91 289
289 64 91
261 240 274
274 240 261
240 261 274
6 117 158
117 6 158
158 6 117
200 15 33
33 15 200
15 33 200
139 41 131
131 41 139
41 131 139
96 176 295
176 96 295
295 96 176
222 213 267
213 222 267
267 213 222
276 34 246
34 246 276
246 34 276
97 138 244
138 97 244
244 97 138
50 19 190
190 19 50
19 50 190
153 8 232
8 153 232
232 8 153
26 54 258
54 26 258
258 26 54
116 78 269
78 116 269
269 78 116
251 266 286
286 251 266
266 251 286
215 14 141
14 141 215
141 14 215
90 86 105
105 86 90
86 90 105
48 208 209
209 48 208
208 48 209
133 75 156
75 133 156
156 75 133
5 60 157
157 5 60
60 5 157
111 70 239
70 111 239
239 70 111
287 74 83
74 83 287
83 74 287
288 235 299
299 235 288
235 288 299
241 216 277
216 241 277
277 216 241
126 89 102
89 102 126
102 89 126
129 82 254
254 82 129
82 129 254
38 143 199
143 38 199
199 38 143
30 145 202
202 30 145
145 30 202
297 25 189
189 25 297
25 189 297
135 31 292
292 31 135
31 135 292
165 58 101
101 58 165
58 101 165
242 24 206
206 24 242
24 206 242
175 106 201
106 175 201
201 106 175
250 81 142
81 142 250
142 81 250
226 191 281
191 226 281
281 191 226
108 18 42
18 42 108
42 18 108
186 13 178
13 178 186
178 13 186
236 183 224
183 224 236
224 183 236
43 121 210
210 43 121
121 43 210
192 124 152
152 124 192
124 152 192
214 11 197
11 197 214
197 11 214
