18611 24411 28801
28801 18611 24411
24411 18611 28801
26511 14546 28718
14546 26511 28718
28718 14546 26511
10972 15418 17830
17830 10972 15418
15418 10972 17830
19441 2600 15549
15549 2600 19441
2600 15549 19441
12439 13659 19234
13659 12439 19234
19234 12439 13659
4480 11334 14640
14640 4480 11334
11334 4480 14640
5377 7701 9585
9585 5377 7701
7701 5377 9585
25933 8588 20993
20993 8588 25933
8588 20993 25933
18212 17601 24196
17601 18212 24196
24196 17601 18212
6383 15899 16702
15899 6383 16702
16702 6383 15899
7364 16955 29516
16955 7364 29516
29516 7364 16955
1637 10205 24903
10205 1637 24903
24903 1637 10205
13695 4636 28549
4636 13695 28549
28549 4636 13695
5749 19707 20167
19707 5749 20167
20167 5749 19707
2719 24685 26114
26114 2719 24685
24685 2719 26114
14349 20328 24849
24849 14349 20328
20328 14349 24849
29381 23164 25581
25581 23164 29381
23164 25581 29381
29021 5218 23926
5218 23926 29021
23926 5218 29021
15824 6483 16286
16286 6483 15824
6483 15824 16286
7128 12385 17205
17205 7128 12385
12385 7128 17205
18419 12937 24097
12937 18419 24097
24097 12937 18419
19844 23421 26260
26260 19844 23421
23421 19844 26260
18930 10457 12136
10457 12136 18930
12136 10457 18930
29187 15291 25170
15291 25170 29187
25170 15291 29187
9951 1848 9981
1848 9951 9981
9981 1848 9951
28602 5647 29117
5647 28602 29117
29117 5647 28602
15020 17677 25033
17677 15020 25033
25033 15020 17677
6735 7552 27076
27076 6735 7552
7552 6735 27076
5543 16414 19203
16414 5543 19203
19203 5543 16414
18473 16770 25129
16770 18473 25129
25129 16770 18473
24808 20966 27158
27158 20966 24808
20966 24808 27158
4314 6084 14428
6084 4314 14428
14428 4314 6084
14538 16981 27622
27622 14538 16981
16981 14538 27622
24464 14074 14400
14074 14400 24464
14400 14074 24464
8394 6613 22392
6613 8394 22392
22392 6613 8394
24422 14674 28750
14674 24422 28750
28750 14674 24422
24582 1950 18303
1950 18303 24582
18303 1950 24582
8711 4698 20256
20256 4698 8711
4698 8711 20256
24302 6415 14448
6415 14448 24302
14448 6415 24302
1176 8540 27504
27504 1176 8540
8540 1176 27504
26637 10107 14908
10107 14908 26637
14908 10107 26637
22332 25986 28440
25986 22332 28440
28440 22332 25986
13627 105 6269
105 6269 13627
6269 105 13627
21644 11690 14957
11690 14957 21644
14957 11690 21644
17112 1371 20836
1371 17112 20836
20836 1371 17112
26126 5884 24797
5884 24797 26126
24797 5884 26126
19010 22595 28996
28996 19010 22595
22595 19010 28996
19454 7238 24586
7238 19454 24586
24586 7238 19454
15297 1078 21207
1078 15297 21207
21207 1078 15297
11349 5108 15494
5108 11349 15494
15494 5108 11349
20638 26800 29038
26800 20638 29038
29038 20638 26800
28842 12313 14127
14127 12313 28842
12313 14127 28842
18550 18031 27675
27675 18031 18550
18031 18550 27675
3638 2568 26698
26698 2568 3638
2568 3638 26698
16128 13712 21991
21991 13712 16128
13712 16128 21991
11470 22885 25790
25790 11470 22885
22885 11470 25790
5 6873 18439
18439 5 6873
6873 5 18439
12734 7225 27005
7225 12734 27005
27005 7225 12734
12484 4570 9945
9945 4570 12484
4570 9945 12484
12981 24467 29670
29670 12981 24467
24467 12981 29670
740 8965 28270
8965 740 28270
28270 740 8965
27805 14408 17602
17602 14408 27805
14408 17602 27805
13544 2060 29144
2060 13544 29144
29144 2060 13544
23510 9775 23722
9775 23510 23722
23722 9775 23510
6813 17344 22084
17344 6813 22084
22084 6813 17344
16260 8072 15948
8072 15948 16260
15948 8072 16260
8689 1385 29413
1385 8689 29413
29413 1385 8689
12284 17713 29949
29949 12284 17713
17713 12284 29949
19204 18211 20018
20018 18211 19204
18211 19204 20018
5429 8086 14268
14268 5429 8086
8086 5429 14268
27885 6091 18294
6091 18294 27885
18294 6091 27885
6322 17227 19121
19121 6322 17227
17227 6322 19121
12204 2124 25353
2124 12204 25353
25353 2124 12204
2404 889 18384
18384 889 2404
889 2404 18384
3809 16470 27524
27524 3809 16470
16470 3809 27524
9668 19731 27435
19731 9668 27435
27435 9668 19731
10568 10401 20631
10401 10568 20631
20631 10401 10568
15099 9770 21164
9770 15099 21164
21164 9770 15099
9250 1547 24160
24160 1547 9250
1547 9250 24160
12142 6588 17656
6588 12142 17656
17656 6588 12142
7495 17578 18885
17578 7495 18885
18885 7495 17578
5228 3852 22204
3852 5228 22204
22204 3852 5228
6285 11402 26093
26093 6285 11402
11402 6285 26093
5209 2382 13083
13083 2382 5209
2382 5209 13083
16693 6793 14679
6793 14679 16693
14679 6793 16693
21875 6586 13666
13666 6586 21875
6586 13666 21875
11757 9634 29295
9634 11757 29295
29295 9634 11757
14275 19468 26755
19468 14275 26755
26755 14275 19468
29332 5207 11147
5207 11147 29332
11147 5207 29332
9564 5666 16390
5666 9564 16390
16390 5666 9564
28598 4432 10150
10150 4432 28598
4432 10150 28598
20809 19910 22072
22072 19910 20809
19910 20809 22072
25521 7114 19831
7114 19831 25521
19831 7114 25521
8392 7066 25354
7066 8392 25354
25354 7066 8392
21244 28934 29581
29581 21244 28934
28934 21244 29581
27968 7897 16684
7897 16684 27968
16684 7897 27968
21124 12072 27033
12072 21124 27033
27033 12072 21124
7722 4711 9310
4711 7722 9310
9310 4711 7722
16318 631 25031
25031 631 16318
631 16318 25031
26019 845 2915
2915 845 26019
845 2915 26019
1331 1822 14969
14969 1331 1822
1822 1331 14969
4346 2734 13286
13286 2734 4346
2734 4346 13286
22784 18087 18141
18087 18141 22784
18141 18087 22784
21964 7072 28247
28247 7072 21964
7072 21964 28247
25906 16058 19902
19902 16058 25906
16058 19902 25906
25091 24245 26264
26264 24245 25091
24245 25091 26264
23261 12636 15337
15337 12636 23261
12636 15337 23261
10539 15039 25577
15039 10539 25577
25577 10539 15039
25542 7253 21945
21945 7253 25542
7253 21945 25542
3287 2512 9991
2512 3287 9991
9991 2512 3287
29593 9596 11368
9596 11368 29593
11368 9596 29593
4958 2921 7111
2921 4958 7111
7111 2921 4958
16161 9837 18483
18483 9837 16161
9837 16161 18483
20009 7334 18054
18054 7334 20009
7334 18054 20009
16905 4913 12141
4913 12141 16905
12141 4913 16905
15827 15688 25251
25251 15688 15827
15688 15827 25251
22572 12624 29711
29711 12624 22572
12624 22572 29711
28576 6605 9906
9906 6605 28576
6605 9906 28576
26569 6531 9383
6531 9383 26569
9383 6531 26569
931 12657 12965
12657 931 12965
12965 931 12657
10870 6111 12552
6111 10870 12552
12552 6111 10870
24257 16417 19922
16417 19922 24257
19922 16417 24257
24145 3648 12004
12004 3648 24145
3648 12004 24145
252 2782 24828
2782 252 24828
24828 252 2782
19803 4241 24912
4241 19803 24912
24912 4241 19803
25250 10840 17474
10840 17474 25250
17474 10840 25250
19642 3496 5801
5801 3496 19642
3496 5801 19642
25100 663 10420
10420 663 25100
663 10420 25100
24676 3422 19736
3422 19736 24676
19736 3422 24676
6511 10008 22300
10008 6511 22300
22300 6511 10008
10564 10992 26877
26877 10564 10992
10992 10564 26877
16713 2087 2237
2237 2087 16713
2087 2237 16713
5236 11136 17340
11136 5236 17340
17340 5236 11136
24739 20108 21619
20108 21619 24739
21619 20108 24739
21549 9142 11219
9142 11219 21549
11219 9142 21549
8733 437 24629
437 8733 24629
24629 437 8733
8256 1247 23291
23291 1247 8256
1247 8256 23291
21592 18949 27522
27522 18949 21592
18949 21592 27522
22302 5936 20462
20462 5936 22302
5936 20462 22302
28024 25162 26889
26889 25162 28024
25162 26889 28024
10315 16100 28369
28369 10315 16100
16100 10315 28369
3698 5190 19651
19651 3698 5190
5190 3698 19651
1636 1076 16240
1076 1636 16240
16240 1076 1636
19442 2211 2685
2211 2685 19442
2685 2211 19442
26056 6917 25286
6917 25286 26056
25286 6917 26056
25999 7868 19782
19782 7868 25999
7868 19782 25999
12860 10276 14103
10276 12860 14103
14103 10276 12860
29554 16455 23253
16455 23253 29554
23253 16455 29554
25534 6116 12426
12426 6116 25534
6116 12426 25534
16672 13023 28778
28778 13023 16672
13023 16672 28778
16753 18836 27768
27768 16753 18836
18836 16753 27768
1673 33 17261
17261 33 1673
33 1673 17261
8841 10832 13029
13029 8841 10832
10832 8841 13029
21003 6746 9013
9013 6746 21003
6746 9013 21003
9368 16111 18445
16111 9368 18445
18445 9368 16111
11765 8592 21166
8592 11765 21166
21166 8592 11765
27633 9311 24697
24697 9311 27633
9311 24697 27633
6273 9126 13718
13718 6273 9126
9126 6273 13718
25833 10202 10810
10202 10810 25833
10810 10202 25833
7514 9164 9503
9164 7514 9503
9503 7514 9164
6525 16876 29102
29102 6525 16876
16876 6525 29102
26024 7054 19403
7054 19403 26024
19403 7054 26024
21589 20652 26051
26051 20652 21589
20652 21589 26051
12255 13932 16650
13932 12255 16650
16650 12255 13932
11621 812 17362
812 11621 17362
17362 812 11621
27217 999 19837
19837 999 27217
999 19837 27217
27996 810 9069
9069 810 27996
810 9069 27996
12880 2563 8453
2563 8453 12880
8453 2563 12880
7437 4029 29407
29407 4029 7437
4029 7437 29407
18721 2594 3901
2594 3901 18721
3901 2594 18721
15419 16424 26811
16424 15419 26811
26811 15419 16424
18727 21150 27381
27381 18727 21150
21150 18727 27381
18441 211 12691
12691 211 18441
211 12691 18441
13222 8419 29553
8419 13222 29553
29553 8419 13222
19482 21367 23475
23475 19482 21367
21367 19482 23475
24826 2219 10762
10762 2219 24826
2219 10762 24826
2746 1846 16750
16750 1846 2746
1846 2746 16750
17954 15834 26165
26165 15834 17954
15834 17954 26165
16196 12457 25184
25184 12457 16196
12457 16196 25184
12938 16022 19458
19458 12938 16022
16022 12938 19458
1775 9578 16960
16960 1775 9578
9578 1775 16960
21417 18375 29961
18375 21417 29961
29961 18375 21417
29219 12356 26020
26020 12356 29219
12356 26020 29219
4652 2599 18281
2599 4652 18281
18281 2599 4652
11902 11731 29406
29406 11731 11902
11731 11902 29406
1143 10263 23961
23961 1143 10263
10263 1143 23961
3938 18291 19088
18291 3938 19088
19088 3938 18291
25043 2210 28438
28438 2210 25043
2210 25043 28438
27796 15079 19233
19233 15079 27796
15079 19233 27796
17481 17568 22584
17568 17481 22584
22584 17481 17568
28699 14749 15238
14749 15238 28699
15238 14749 28699
1342 2179 21220
21220 1342 2179
2179 1342 21220
17035 8263 17161
8263 17035 17161
17161 8263 17035
19728 3768 25766
3768 19728 25766
25766 3768 19728
9687 8878 29189
8878 9687 29189
29189 8878 9687
1490 15712 19857
15712 1490 19857
19857 1490 15712
23341 5212 15382
5212 15382 23341
15382 5212 23341
6930 14272 26038
14272 6930 26038
26038 6930 14272
10070 12035 27267
27267 10070 12035
12035 10070 27267
8707 3636 11291
11291 3636 8707
3636 8707 11291
17674 641 12870
12870 641 17674
641 12870 17674
20153 26068 27947
27947 20153 26068
26068 20153 27947
5396 19056 28347
28347 5396 19056
19056 5396 28347
22766 9322 17849
9322 17849 22766
17849 9322 22766
20765 17443 18052
18052 17443 20765
17443 18052 20765
6278 11602 24562
11602 6278 24562
24562 6278 11602
18573 13249 21882
13249 18573 21882
21882 13249 18573
409 24103 29039
24103 409 29039
29039 409 24103
16439 3482 26157
3482 16439 26157
26157 3482 16439
26121 11703 29435
11703 26121 29435
29435 11703 26121
15846 204 22160
22160 204 15846
204 15846 22160
23987 714 5814
714 5814 23987
5814 714 23987
1646 8543 11336
8543 1646 11336
11336 1646 8543
12847 3743 24824
24824 3743 12847
3743 12847 24824
23039 10550 18446
10550 18446 23039
18446 10550 23039
516 1028 27397
1028 516 27397
27397 516 1028
5817 16803 22118
22118 5817 16803
16803 5817 22118
21702 9289 19392
9289 19392 21702
19392 9289 21702
12192 249 19282
249 12192 19282
19282 249 12192
29161 3562 9371
3562 9371 29161
9371 3562 29161
11276 11215 29606
11215 11276 29606
29606 11215 11276
16831 14300 20201
20201 14300 16831
14300 16831 20201
19248 2287 4047
2287 4047 19248
4047 2287 19248
9033 1941 16186
16186 1941 9033
1941 9033 16186
9780 12131 15639
15639 9780 12131
12131 9780 15639
13653 11891 18618
11891 13653 18618
18618 11891 13653
4715 3348 26888
3348 4715 26888
26888 3348 4715
25532 7144 13777
7144 13777 25532
13777 7144 25532
9849 28726 29386
29386 9849 28726
28726 9849 29386
8202 949 3699
3699 949 8202
949 3699 8202
3651 10045 23160
10045 3651 23160
23160 3651 10045
15965 15157 27102
27102 15157 15965
15157 15965 27102
4267 9767 21530
21530 4267 9767
9767 4267 21530
29321 11223 20025
20025 11223 29321
11223 20025 29321
18499 21441 23435
21441 18499 23435
23435 18499 21441
17148 2139 21911
2139 17148 21911
21911 2139 17148
24534 4615 18181
18181 4615 24534
4615 18181 24534
17912 7842 21158
7842 17912 21158
21158 7842 17912
29694 23687 28488
28488 23687 29694
23687 28488 29694
23224 997 18830
997 18830 23224
18830 997 23224
15709 5158 20868
5158 15709 20868
20868 5158 15709
4936 10338 24667
10338 4936 24667
24667 4936 10338
176 8100 26904
8100 176 26904
26904 176 8100
8998 1483 29182
1483 8998 29182
29182 1483 8998
3848 1656 5585
5585 1656 3848
1656 3848 5585
13480 8624 9387
9387 8624 13480
8624 9387 13480
29147 1694 27202
1694 27202 29147
27202 1694 29147
6160 6488 8491
6488 6160 8491
8491 6160 6488
7003 11475 22948
11475 7003 22948
22948 7003 11475
8011 11110 15473
11110 8011 15473
15473 8011 11110
258 9147 25890
25890 258 9147
9147 258 25890
18434 4719 19753
19753 4719 18434
4719 18434 19753
20537 11410 25299
25299 11410 20537
11410 20537 25299
2147 5089 23927
5089 2147 23927
23927 2147 5089
18152 10618 14014
14014 10618 18152
10618 14014 18152
7910 7125 27301
27301 7125 7910
7125 7910 27301
5014 2987 27412
2987 5014 27412
27412 2987 5014
10991 279 914
914 279 10991
279 914 10991
11759 14956 17871
14956 11759 17871
17871 11759 14956
24646 12007 13663
12007 13663 24646
13663 12007 24646
24404 22594 27552
27552 22594 24404
22594 24404 27552
3824 4912 12946
4912 3824 12946
12946 3824 4912
24236 8608 18976
18976 8608 24236
8608 18976 24236
4120 14961 27838
14961 4120 27838
27838 4120 14961
6908 6948 26869
26869 6908 6948
6948 6908 26869
13354 16213 24901
24901 13354 16213
16213 13354 24901
4181 27833 28228
28228 4181 27833
27833 4181 28228
7168 8561 22573
22573 7168 8561
8561 7168 22573
27713 14088 15270
14088 15270 27713
15270 14088 27713
15817 19876 28844
19876 15817 28844
28844 15817 19876
7345 5680 20440
5680 7345 20440
20440 5680 7345
25938 3373 11600
3373 11600 25938
11600 3373 25938
3705 1887 23718
23718 1887 3705
1887 3705 23718
4407 11837 18784
11837 4407 18784
18784 4407 11837
14360 4660 13990
13990 4660 14360
4660 13990 14360
4627 98 2302
98 2302 4627
2302 98 4627
21539 5513 26340
26340 5513 21539
5513 21539 26340
7470 5534 24573
5534 7470 24573
24573 5534 7470
17612 12 1386
12 1386 17612
1386 12 17612
9158 8231 9093
8231 9093 9158
9093 8231 9158
18595 11707 27722
27722 11707 18595
11707 18595 27722
20937 7551 16441
7551 16441 20937
16441 7551 20937
6530 3026 27039
3026 6530 27039
27039 3026 6530
18409 13946 21811
21811 13946 18409
13946 18409 21811
10211 23843 26064
23843 10211 26064
26064 10211 23843
27859 2243 2763
2243 2763 27859
2763 2243 27859
1183 1764 13288
13288 1183 1764
1764 1183 13288
23997 8696 22264
8696 22264 23997
22264 8696 23997
20700 5536 17783
5536 17783 20700
17783 5536 20700
564 7863 12675
12675 564 7863
7863 564 12675
7180 504 21077
21077 504 7180
504 7180 21077
3085 12972 23508
12972 3085 23508
23508 3085 12972
6496 2762 23452
23452 2762 6496
2762 6496 23452
3890 13857 20075
13857 3890 20075
20075 3890 13857
1172 9715 23372
9715 1172 23372
23372 1172 9715
6508 9042 19294
9042 6508 19294
19294 6508 9042
5692 11466 23202
23202 5692 11466
11466 5692 23202
27392 5259 20188
20188 5259 27392
5259 20188 27392
1275 5021 16125
5021 1275 16125
16125 1275 5021
27442 5580 7595
7595 5580 27442
5580 7595 27442
22119 3490 12084
12084 3490 22119
3490 12084 22119
20063 13972 22690
22690 13972 20063
13972 20063 22690
4651 612 29550
29550 612 4651
612 4651 29550
20487 20040 25904
25904 20040 20487
20040 20487 25904
8781 13664 16572
16572 8781 13664
13664 8781 16572
15217 10207 17280
10207 15217 17280
17280 10207 15217
9483 11604 23416
11604 9483 23416
23416 9483 11604
6246 979 24953
24953 979 6246
979 6246 24953
21997 11498 15980
15980 11498 21997
11498 15980 21997
10751 2771 22027
22027 2771 10751
2771 10751 22027
12478 22603 25781
22603 12478 25781
25781 12478 22603
26558 269 2791
269 2791 26558
2791 269 26558
27414 1817 17625
17625 1817 27414
1817 17625 27414
12500 7154 7305
7305 7154 12500
7154 7305 12500
22988 10437 27774
10437 22988 27774
27774 10437 22988
7900 11212 28150
28150 7900 11212
11212 7900 28150
17 18834 28058
28058 17 18834
18834 17 28058
10445 721 10620
721 10445 10620
10620 721 10445
19321 22428 22539
22428 19321 22539
22539 19321 22428
5016 9807 26764
26764 5016 9807
9807 5016 26764
25958 1422 16634
16634 1422 25958
1422 16634 25958
12379 1959 11072
11072 1959 12379
1959 11072 12379
9553 5359 6828
6828 5359 9553
5359 6828 9553
19131 7342 18623
18623 7342 19131
7342 18623 19131
13172 24638 29396
29396 13172 24638
24638 13172 29396
3946 11412 15119
15119 3946 11412
11412 3946 15119
5791 22284 23699
22284 5791 23699
23699 5791 22284
29812 10247 27758
10247 27758 29812
27758 10247 29812
21044 10634 23871
23871 10634 21044
10634 21044 23871
639 500 1864
1864 500 639
500 639 1864
21043 1395 13796
1395 13796 21043
13796 1395 21043
17276 6823 13921
6823 13921 17276
13921 6823 17276
8854 18354 26309
26309 8854 18354
18354 8854 26309
8318 9860 14169
14169 8318 9860
9860 8318 14169
25070 5967 13525
13525 5967 25070
5967 13525 25070
18463 12480 17492
12480 17492 18463
17492 12480 18463
19362 2748 8180
2748 8180 19362
8180 2748 19362
16741 4648 5094
5094 4648 16741
4648 5094 16741
12421 2341 13030
2341 12421 13030
13030 2341 12421
24291 18140 22709
22709 18140 24291
18140 22709 24291
24814 25966 27153
27153 24814 25966
25966 24814 27153
26290 23307 29032
23307 26290 29032
29032 23307 26290
20156 17011 21448
17011 20156 21448
21448 17011 20156
18233 17470 29173
17470 18233 29173
29173 17470 18233
10675 351 21334
351 10675 21334
21334 351 10675
9390 4791 21396
4791 9390 21396
21396 4791 9390
963 19308 23046
23046 963 19308
19308 963 23046
5551 2667 26144
26144 2667 5551
2667 5551 26144
27366 21855 22222
21855 22222 27366
22222 21855 27366
1645 24898 28023
24898 1645 28023
28023 1645 24898
15469 9915 29127
29127 9915 15469
9915 15469 29127
4364 15873 19641
19641 4364 15873
15873 4364 19641
8757 11319 17456
11319 8757 17456
17456 8757 11319
28682 13272 26355
13272 26355 28682
26355 13272 28682
16340 15703 15866
15703 15866 16340
15866 15703 16340
5788 9658 14729
14729 5788 9658
9658 5788 14729
2770 1488 12246
1488 2770 12246
12246 1488 2770
17515 550 11930
550 11930 17515
11930 550 17515
16259 14484 21259
14484 16259 21259
21259 14484 16259
19338 968 16025
968 16025 19338
16025 968 19338
8155 18265 28022
28022 8155 18265
18265 8155 28022
13737 2558 27212
2558 13737 27212
27212 2558 13737
5695 10054 14563
10054 5695 14563
14563 5695 10054
1803 10946 17599
10946 1803 17599
17599 1803 10946
14978 11047 23535
23535 11047 14978
11047 14978 23535
6419 15839 25093
25093 6419 15839
15839 6419 25093
2039 8556 23741
8556 2039 23741
23741 2039 8556
21224 26199 27116
26199 21224 27116
27116 21224 26199
18683 14265 18986
14265 18683 18986
18986 14265 18683
508 17113 23656
17113 508 23656
23656 508 17113
8630 21161 26804
21161 8630 26804
26804 8630 21161
501 11180 19411
11180 501 19411
19411 501 11180
16870 17005 17778
17005 16870 17778
17778 16870 17005
28831 6516 16764
6516 16764 28831
16764 6516 28831
13557 6845 19523
6845 13557 19523
19523 6845 13557
16009 5527 11119
5527 11119 16009
11119 5527 16009
12067 7633 23779
7633 12067 23779
23779 7633 12067
20425 4527 9737
9737 4527 20425
4527 9737 20425
1632 18898 20897
18898 1632 20897
20897 1632 18898
29972 23030 26967
23030 26967 29972
26967 23030 29972
21809 7057 28963
7057 21809 28963
28963 7057 21809
16927 4273 9249
4273 9249 16927
9249 4273 16927
26407 34 23628
34 23628 26407
23628 34 26407
17543 8745 21012
21012 8745 17543
8745 17543 21012
29440 8032 18256
18256 8032 29440
8032 18256 29440
17715 21209 24462
24462 17715 21209
21209 17715 24462
24094 11384 22157
11384 22157 24094
22157 11384 24094
7854 7040 8972
7040 7854 8972
8972 7040 7854
3295 4220 15293
4220 3295 15293
15293 3295 4220
24424 23761 26391
26391 23761 24424
23761 24424 26391
21927 12299 14573
12299 14573 21927
14573 12299 21927
385 9880 18126
9880 385 18126
18126 385 9880
18352 4622 8617
8617 4622 18352
4622 8617 18352
17181 12066 25177
25177 12066 17181
12066 17181 25177
822 6580 8879
8879 822 6580
6580 822 8879
103 14 11453
14 103 11453
11453 14 103
470 22662 28208
22662 470 28208
28208 470 22662
23251 10152 23948
23948 10152 23251
10152 23251 23948
2634 5758 29692
29692 2634 5758
5758 2634 29692
18842 4279 11771
4279 11771 18842
11771 4279 18842
10210 15475 27934
27934 10210 15475
15475 10210 27934
25423 6391 17986
17986 6391 25423
6391 17986 25423
18091 4529 12523
4529 12523 18091
12523 4529 18091
109 20858 25552
20858 109 25552
25552 109 20858
12996 11070 14927
14927 11070 12996
11070 12996 14927
29152 40 16759
16759 40 29152
40 16759 29152
3519 53 4283
53 3519 4283
4283 53 3519
18515 6213 18167
18167 6213 18515
6213 18167 18515
26418 21428 22095
21428 22095 26418
22095 21428 26418
16277 834 8305
834 8305 16277
8305 834 16277
26949 5319 21535
21535 5319 26949
5319 21535 26949
21393 5179 24225
5179 21393 24225
24225 5179 21393
165 15101 25907
25907 165 15101
15101 165 25907
1832 14454 25321
25321 1832 14454
14454 1832 25321
26530 8732 28882
8732 26530 28882
28882 8732 26530
19530 9620 18131
18131 9620 19530
9620 18131 19530
394 3036 6824
6824 394 3036
3036 394 6824
25961 12544 23606
12544 23606 25961
23606 12544 25961
23004 24684 27210
27210 23004 24684
24684 23004 27210
17171 7529 12713
7529 12713 17171
12713 7529 17171
4674 5776 11669
11669 4674 5776
5776 4674 11669
27513 2605 11275
2605 11275 27513
11275 2605 27513
8280 16990 17441
16990 8280 17441
17441 8280 16990
11299 23229 25203
25203 11299 23229
23229 11299 25203
267 10462 20079
20079 267 10462
10462 267 20079
17738 4754 15865
4754 15865 17738
15865 4754 17738
4560 20947 21253
20947 4560 21253
21253 4560 20947
22741 17371 22802
22802 17371 22741
17371 22741 22802
29758 16181 23029
16181 23029 29758
23029 16181 29758
8274 8162 25424
25424 8162 8274
8162 8274 25424
2083 1354 3888
3888 1354 2083
1354 2083 3888
21712 4506 8653
4506 8653 21712
8653 4506 21712
11663 1743 4380
4380 1743 11663
1743 4380 11663
14471 14303 24745
24745 14303 14471
14303 14471 24745
25374 12076 17399
17399 12076 25374
12076 17399 25374
9121 15224 26153
26153 9121 15224
15224 9121 26153
813 14070 18823
14070 813 18823
18823 813 14070
6825 14100 19081
14100 6825 19081
19081 6825 14100
16866 1142 19467
1142 16866 19467
19467 1142 16866
16474 22176 28824
22176 16474 28824
28824 16474 22176
6803 15556 19529
19529 6803 15556
15556 6803 19529
20577 4756 11861
4756 11861 20577
11861 4756 20577
24890 1761 20432
20432 1761 24890
1761 20432 24890
24122 7359 24213
24213 7359 24122
7359 24122 24213
1031 1303 15888
15888 1031 1303
1303 1031 15888
24558 4008 13284
4008 13284 24558
13284 4008 24558
10133 7081 28534
7081 10133 28534
28534 7081 10133
21889 13184 20381
20381 13184 21889
13184 20381 21889
21022 1023 25848
1023 21022 25848
25848 1023 21022
9456 2499 24528
24528 2499 9456
2499 9456 24528
1092 4339 21221
21221 1092 4339
4339 1092 21221
29416 14505 17653
17653 14505 29416
14505 17653 29416
1800 3958 24166
24166 1800 3958
3958 1800 24166
9753 3975 13411
13411 3975 9753
3975 9753 13411
7513 1276 16534
16534 1276 7513
1276 7513 16534
16631 14561 25778
14561 16631 25778
25778 14561 16631
12647 7774 17631
17631 7774 12647
7774 12647 17631
10052 3395 5566
3395 5566 10052
5566 3395 10052
17423 24454 24681
24454 17423 24681
24681 17423 24454
25328 17586 20356
17586 20356 25328
20356 17586 25328
15093 22473 27382
27382 15093 22473
22473 15093 27382
11824 5979 15266
15266 5979 11824
5979 11824 15266
28840 6140 11303
6140 11303 28840
11303 6140 28840
13355 24994 26717
26717 13355 24994
24994 13355 26717
24858 7400 17932
17932 7400 24858
7400 17932 24858
20837 2718 15336
2718 15336 20837
15336 2718 20837
24491 7783 23108
23108 7783 24491
7783 23108 24491
27905 3533 21924
21924 3533 27905
3533 21924 27905
5332 3420 23385
23385 3420 5332
3420 5332 23385
11178 17661 23082
17661 11178 23082
23082 11178 17661
4317 10525 23828
10525 4317 23828
23828 4317 10525
20155 15984 29178
29178 15984 20155
15984 20155 29178
11683 6689 9810
6689 9810 11683
9810 6689 11683
28861 7426 29792
7426 28861 29792
29792 7426 28861
22580 10005 27022
27022 10005 22580
10005 22580 27022
24559 22674 23167
22674 23167 24559
23167 22674 24559
16341 7687 11414
11414 7687 16341
7687 11414 16341
13013 22194 25369
25369 13013 22194
22194 13013 25369
8620 11890 15624
11890 8620 15624
15624 8620 11890
19180 11951 18019
18019 11951 19180
11951 18019 19180
18897 2063 15480
15480 2063 18897
2063 15480 18897
13077 9082 18323
9082 13077 18323
18323 9082 13077
3697 16614 27771
16614 3697 27771
27771 3697 16614
16180 22579 27305
22579 16180 27305
27305 16180 22579
4761 21516 26122
26122 4761 21516
21516 4761 26122
27914 17026 20050
17026 20050 27914
20050 17026 27914
19528 7091 26905
26905 7091 19528
7091 19528 26905
5869 16671 23219
23219 5869 16671
16671 5869 23219
15416 1871 13391
13391 1871 15416
1871 13391 15416
28758 3725 3755
3725 3755 28758
3755 3725 28758
22590 10283 24963
24963 10283 22590
10283 22590 24963
24616 13101 25870
13101 24616 25870
25870 13101 24616
14977 3717 19476
3717 14977 19476
19476 3717 14977
21938 5664 6235
5664 6235 21938
6235 5664 21938
22606 12323 15391
15391 12323 22606
12323 15391 22606
4639 2344 19410
2344 4639 19410
19410 2344 4639
15937 3694 21279
21279 3694 15937
3694 15937 21279
28125 14850 22846
14850 22846 28125
22846 14850 28125
14764 6608 22563
22563 6608 14764
6608 14764 22563
2326 3598 17521
3598 2326 17521
17521 2326 3598
29643 13922 22531
13922 22531 29643
22531 13922 29643
2604 4408 13915
13915 2604 4408
4408 2604 13915
8367 17536 22153
22153 8367 17536
17536 8367 22153
1062 15527 15993
15527 1062 15993
15993 1062 15527
23876 5631 12750
5631 12750 23876
12750 5631 23876
4980 9009 24062
24062 4980 9009
9009 4980 24062
1551 10304 15034
10304 1551 15034
15034 1551 10304
14028 4245 16061
16061 4245 14028
4245 14028 16061
25076 15868 29871
15868 25076 29871
29871 15868 25076
9969 17274 23047
17274 9969 23047
23047 9969 17274
5682 21442 22706
22706 5682 21442
21442 5682 22706
28135 2448 17432
2448 17432 28135
17432 2448 28135
2504 17841 29483
29483 2504 17841
17841 2504 29483
18606 3945 7167
7167 3945 18606
3945 7167 18606
7173 3061 28195
28195 3061 7173
3061 7173 28195
17408 8450 18641
18641 8450 17408
8450 17408 18641
2586 13558 21930
13558 2586 21930
21930 2586 13558
3472 2389 16777
16777 2389 3472
2389 3472 16777
25212 3 12934
12934 3 25212
3 12934 25212
24074 20344 27717
27717 20344 24074
20344 24074 27717
3064 4580 19043
4580 3064 19043
19043 3064 4580
27901 23469 29356
29356 23469 27901
23469 27901 29356
16292 10808 23673
10808 16292 23673
23673 10808 16292
13978 9524 21472
9524 13978 21472
21472 9524 13978
28786 18379 21226
21226 18379 28786
18379 21226 28786
26417 15795 28201
15795 26417 28201
28201 15795 26417
26993 5166 15554
5166 15554 26993
15554 5166 26993
10577 5742 19136
19136 5742 10577
5742 10577 19136
10540 12816 23685
12816 10540 23685
23685 10540 12816
19065 391 7588
7588 391 19065
391 7588 19065
24414 18255 20165
20165 18255 24414
18255 20165 24414
8094 6004 17073
6004 8094 17073
17073 6004 8094
7051 8582 21218
8582 7051 21218
21218 7051 8582
11326 4321 18179
18179 4321 11326
4321 11326 18179
15769 15145 29415
29415 15145 15769
15145 15769 29415
15262 17957 26981
26981 15262 17957
17957 15262 26981
24345 26976 28462
26976 24345 28462
28462 24345 26976
27797 19935 27348
19935 27348 27797
27348 19935 27797
5222 27441 28675
27441 5222 28675
28675 5222 27441
28068 3670 25769
3670 25769 28068
25769 3670 28068
26071 3942 18779
18779 3942 26071
3942 18779 26071
2615 17732 29813
17732 2615 29813
29813 2615 17732
23191 6639 18135
18135 6639 23191
6639 18135 23191
910 20953 27540
27540 910 20953
20953 910 27540
29730 7922 26376
26376 7922 29730
7922 26376 29730
21444 11046 16787
16787 11046 21444
11046 16787 21444
6687 15870 23860
15870 6687 23860
23860 6687 15870
25140 28129 28412
28129 25140 28412
28412 25140 28129
22088 6313 14598
14598 6313 22088
6313 14598 22088
12885 9281 11590
9281 11590 12885
11590 9281 12885
11947 4624 17272
4624 11947 17272
17272 4624 11947
13521 18870 25850
25850 13521 18870
18870 13521 25850
17366 12200 13641
13641 12200 17366
12200 13641 17366
20099 1428 16568
16568 1428 20099
1428 16568 20099
26455 4070 15133
4070 15133 26455
15133 4070 26455
14659 372 20759
20759 372 14659
372 14659 20759
14473 1540 15499
15499 1540 14473
1540 14473 15499
29628 5370 5476
5476 5370 29628
5370 5476 29628
26895 2248 11013
2248 11013 26895
11013 2248 26895
22708 6648 21380
21380 6648 22708
6648 21380 22708
6670 20985 25615
20985 6670 25615
25615 6670 20985
25644 9490 21540
21540 9490 25644
9490 21540 25644
3786 17727 23424
23424 3786 17727
17727 3786 23424
29174 2585 8320
2585 8320 29174
8320 2585 29174
21489 10831 13092
13092 10831 21489
10831 13092 21489
20934 899 20634
899 20634 20934
20634 899 20934
8991 494 21290
21290 494 8991
494 8991 21290
4420 15926 27281
27281 4420 15926
15926 4420 27281
8332 3734 24775
24775 3734 8332
3734 8332 24775
8326 7547 26628
26628 7547 8326
7547 8326 26628
20903 12149 21704
12149 20903 21704
21704 12149 20903
18987 1329 1674
1674 1329 18987
1329 1674 18987
8529 2513 25970
2513 8529 25970
25970 2513 8529
23539 4815 22586
4815 22586 23539
22586 4815 23539
6302 4889 26914
26914 4889 6302
4889 6302 26914
26095 11527 29519
11527 26095 29519
29519 11527 26095
25992 20948 23911
20948 23911 25992
23911 20948 25992
13334 24093 26930
26930 13334 24093
24093 13334 26930
2607 5877 14405
5877 2607 14405
14405 2607 5877
5621 6099 10477
10477 5621 6099
6099 5621 10477
7475 17900 26150
26150 7475 17900
17900 7475 26150
23095 15894 21202
15894 21202 23095
21202 15894 23095
15152 13779 28229
13779 15152 28229
28229 13779 15152
1253 22231 23111
23111 1253 22231
22231 1253 23111
13674 3213 4881
4881 3213 13674
3213 4881 13674
13196 22900 28915
22900 13196 28915
28915 13196 22900
20911 20505 26964
20505 20911 26964
26964 20505 20911
22739 9351 10828
10828 9351 22739
9351 10828 22739
18521 19389 29389
29389 18521 19389
19389 18521 29389
4702 6043 8271
6043 4702 8271
8271 4702 6043
20310 655 17231
655 17231 20310
17231 655 20310
2381 6446 17565
17565 2381 6446
6446 2381 17565
23145 23415 25298
23415 23145 25298
25298 23145 23415
5533 22046 22085
22085 5533 22046
22046 5533 22085
17027 7734 20218
7734 17027 20218
20218 7734 17027
2649 9258 13614
9258 2649 13614
13614 2649 9258
22752 10438 10941
10438 10941 22752
10941 10438 22752
27521 15360 26311
26311 15360 27521
15360 26311 27521
15497 14105 21492
14105 15497 21492
21492 14105 15497
28477 2973 29318
2973 28477 29318
29318 2973 28477
908 2937 23641
23641 908 2937
2937 908 23641
13414 18228 21588
21588 13414 18228
18228 13414 21588
7249 2788 21981
21981 2788 7249
2788 7249 21981
24742 19949 28625
19949 24742 28625
28625 19949 24742
17880 1390 15274
1390 15274 17880
15274 1390 17880
13906 5532 22087
22087 5532 13906
5532 13906 22087
178 4449 16779
4449 178 16779
16779 178 4449
18530 8870 17414
17414 8870 18530
8870 17414 18530
4108 4461 27181
4461 4108 27181
27181 4108 4461
26748 18245 21861
18245 21861 26748
21861 18245 26748
4981 10117 23176
10117 4981 23176
23176 4981 10117
21361 16816 28385
28385 16816 21361
16816 21361 28385
1440 1951 22907
1951 1440 22907
22907 1440 1951
9003 3371 22395
22395 3371 9003
3371 9003 22395
9609 26666 28710
26666 9609 28710
28710 9609 26666
22248 17333 29944
17333 22248 29944
29944 17333 22248
18684 5165 11886
11886 5165 18684
5165 11886 18684
12418 7934 19173
7934 12418 19173
19173 7934 12418
5132 5149 7650
7650 5132 5149
5149 5132 7650
16917 13550 27880
27880 13550 16917
13550 16917 27880
7780 13872 15369
15369 7780 13872
13872 7780 15369
18766 1696 8028
1696 8028 18766
8028 1696 18766
24473 5780 20114
5780 20114 24473
20114 5780 24473
23086 12863 27199
27199 12863 23086
12863 23086 27199
25483 9234 22836
22836 9234 25483
9234 22836 25483
10470 22685 23311
23311 10470 22685
22685 10470 23311
16784 6679 8073
6679 8073 16784
8073 6679 16784
21741 1994 11543
11543 1994 21741
1994 11543 21741
967 2908 25453
25453 967 2908
2908 967 25453
9208 10950 27911
27911 9208 10950
10950 9208 27911
7976 13505 29913
29913 7976 13505
13505 7976 29913
933 12034 20498
12034 933 20498
20498 933 12034
22343 1223 21820
1223 21820 22343
21820 1223 22343
20045 7694 24879
24879 7694 20045
7694 20045 24879
29876 7047 11345
7047 11345 29876
11345 7047 29876
25291 26537 28444
28444 25291 26537
26537 25291 28444
1489 24425 29589
24425 1489 29589
29589 1489 24425
29469 12161 16140
12161 16140 29469
16140 12161 29469
23265 9408 18185
18185 9408 23265
9408 18185 23265
893 3844 25211
3844 893 25211
25211 893 3844
11260 23226 25012
25012 11260 23226
23226 11260 25012
13772 3996 23574
23574 3996 13772
3996 13772 23574
24393 345 3145
345 3145 24393
3145 345 24393
5171 5472 8429
5472 5171 8429
8429 5171 5472
10221 442 26898
442 10221 26898
26898 442 10221
17699 25662 28352
25662 17699 28352
28352 17699 25662
17455 920 15163
920 15163 17455
15163 920 17455
13656 6779 23281
6779 13656 23281
23281 6779 13656
29662 5496 19227
5496 19227 29662
19227 5496 29662
27474 24700 25895
24700 25895 27474
25895 24700 27474
14541 11725 20770
11725 14541 20770
20770 11725 14541
5081 8719 27979
8719 5081 27979
27979 5081 8719
2963 15209 23949
23949 2963 15209
15209 2963 23949
17378 2031 9337
9337 2031 17378
2031 9337 17378
18092 6934 28890
6934 18092 28890
28890 6934 18092
27259 7961 27211
27211 7961 27259
7961 27211 27259
22799 11517 15683
15683 11517 22799
11517 15683 22799
23561 16033 16057
16057 16033 23561
16033 16057 23561
246 19102 28950
19102 246 28950
28950 246 19102
22773 5940 16124
16124 5940 22773
5940 16124 22773
19488 18457 19904
19904 18457 19488
18457 19488 19904
6442 15786 27922
27922 6442 15786
15786 6442 27922
10286 672 11251
672 10286 11251
11251 672 10286
11159 18667 19013
18667 11159 19013
19013 11159 18667
10331 3156 10392
10392 3156 10331
3156 10331 10392
16068 9567 25467
9567 16068 25467
25467 9567 16068
20763 2675 12921
12921 2675 20763
2675 12921 20763
8259 12896 14091
14091 8259 12896
12896 8259 14091
22051 12404 15887
12404 15887 22051
15887 12404 22051
17037 12905 24277
12905 17037 24277
24277 12905 17037
1575 2324 4832
2324 1575 4832
4832 1575 2324
5445 15892 25563
25563 5445 15892
15892 5445 25563
11117 7210 28731
28731 7210 11117
7210 11117 28731
15837 6092 24306
6092 15837 24306
24306 6092 15837
18673 2650 22377
22377 2650 18673
2650 18673 22377
1590 23447 28106
28106 1590 23447
23447 1590 28106
2588 18564 28493
28493 2588 18564
18564 2588 28493
19079 6487 26353
26353 6487 19079
6487 19079 26353
10277 12509 20554
12509 10277 20554
20554 10277 12509
2697 10301 24571
10301 2697 24571
24571 2697 10301
25386 17965 25806
17965 25386 25806
25806 17965 25386
3330 18952 23292
23292 3330 18952
18952 3330 23292
27008 22991 23568
23568 22991 27008
22991 23568 27008
25363 1093 15533
15533 1093 25363
1093 15533 25363
11661 15871 21732
21732 11661 15871
15871 11661 21732
25879 11684 16315
16315 11684 25879
11684 16315 25879
953 872 25327
25327 872 953
872 953 25327
13011 9025 15379
15379 9025 13011
9025 13011 15379
21201 12219 12402
12402 12219 21201
12219 12402 21201
20781 481 29992
29992 481 20781
481 20781 29992
22989 14011 26782
14011 22989 26782
26782 14011 22989
29705 13723 26509
26509 13723 29705
13723 26509 29705
8683 9031 14313
9031 8683 14313
14313 8683 9031
12848 8393 19125
8393 12848 19125
19125 8393 12848
22735 3214 24897
24897 3214 22735
3214 22735 24897
1954 15090 17926
15090 1954 17926
17926 1954 15090
1904 16641 19317
19317 1904 16641
16641 1904 19317
14036 17696 25183
25183 14036 17696
17696 14036 25183
22943 15181 28448
15181 22943 28448
28448 15181 22943
10257 9866 23211
9866 10257 23211
23211 9866 10257
15373 12977 27778
12977 15373 27778
27778 12977 15373
8478 9910 27159
9910 8478 27159
27159 8478 9910
295 5915 20397
5915 295 20397
20397 295 5915
29420 7044 27995
7044 27995 29420
27995 7044 29420
7790 1519 27740
27740 1519 7790
1519 7790 27740
27254 8628 17979
17979 8628 27254
8628 17979 27254
2472 16847 27653
16847 2472 27653
27653 2472 16847
28942 9590 22236
9590 22236 28942
22236 9590 28942
9677 1252 2968
1252 2968 9677
2968 1252 9677
4558 17800 19455
17800 4558 19455
19455 4558 17800
29776 4783 19611
19611 4783 29776
4783 19611 29776
27646 5450 19568
19568 5450 27646
5450 19568 27646
25971 994 17368
17368 994 25971
994 17368 25971
25672 13609 22634
22634 13609 25672
13609 22634 25672
638 24544 25891
24544 638 25891
25891 638 24544
20468 19553 24086
24086 19553 20468
19553 20468 24086
3486 7241 16264
16264 3486 7241
7241 3486 16264
23454 10900 14442
14442 10900 23454
10900 14442 23454
14680 26222 29706
29706 14680 26222
26222 14680 29706
2108 7791 16265
7791 2108 16265
16265 2108 7791
18940 18957 24592
18957 18940 24592
24592 18940 18957
3325 19174 21267
19174 3325 21267
21267 3325 19174
13113 7137 11060
11060 7137 13113
7137 11060 13113
6024 3323 7566
3323 6024 7566
7566 3323 6024
10884 7471 29839
29839 7471 10884
7471 10884 29839
28922 5573 14055
14055 5573 28922
5573 14055 28922
23964 308 29084
308 23964 29084
29084 308 23964
11867 5627 28306
5627 11867 28306
28306 5627 11867
4554 11087 12852
11087 4554 12852
12852 4554 11087
18989 162 27148
27148 162 18989
162 18989 27148
18825 18738 25912
18738 18825 25912
25912 18738 18825
21699 21956 27494
21956 21699 27494
27494 21699 21956
3216 1013 11359
1013 3216 11359
11359 1013 3216
3778 3591 26246
3591 3778 26246
26246 3591 3778
24801 8828 13351
13351 8828 24801
8828 13351 24801
2891 3661 12861
12861 2891 3661
3661 2891 12861
22747 20171 24581
20171 22747 24581
24581 20171 22747
7424 20414 26006
20414 7424 26006
26006 7424 20414
18020 10725 27910
27910 10725 18020
10725 18020 27910
3339 19451 29732
19451 3339 29732
29732 3339 19451
18742 10816 15443
15443 10816 18742
10816 15443 18742
18382 14914 28924
14914 18382 28924
28924 14914 18382
27907 1159 3919
1159 3919 27907
3919 1159 27907
26035 14444 21346
14444 21346 26035
21346 14444 26035
23728 47 10750
10750 47 23728
47 10750 23728
10125 13985 15258
15258 10125 13985
13985 10125 15258
10907 4392 21520
4392 10907 21520
21520 4392 10907
29935 24170 26730
26730 24170 29935
24170 26730 29935
20756 5441 17464
5441 17464 20756
17464 5441 20756
6191 1798 14860
14860 1798 6191
1798 6191 14860
4048 10705 24661
10705 4048 24661
24661 4048 10705
29070 42 12393
42 12393 29070
12393 42 29070
28666 11492 12333
11492 12333 28666
12333 11492 28666
19674 24543 29997
29997 19674 24543
24543 19674 29997
5574 3316 23420
23420 3316 5574
3316 5574 23420
20159 12990 18448
12990 18448 20159
18448 12990 20159
25936 6708 14788
6708 14788 25936
14788 6708 25936
19952 3135 24989
24989 3135 19952
3135 19952 24989
29431 18240 23891
18240 23891 29431
23891 18240 29431
27847 1238 29638
1238 27847 29638
29638 1238 27847
28704 8528 28661
8528 28661 28704
28661 8528 28704
21036 3978 12085
12085 3978 21036
3978 12085 21036
12604 22909 29202
29202 12604 22909
22909 12604 29202
9943 3039 27233
27233 3039 9943
3039 9943 27233
22060 7831 15590
7831 15590 22060
15590 7831 22060
2951 3851 23875
3851 2951 23875
23875 2951 3851
22492 5556 13608
13608 5556 22492
5556 13608 22492
5733 2094 26384
2094 5733 26384
26384 2094 5733
1306 6344 12010
6344 1306 12010
12010 1306 6344
11719 1796 25941
1796 11719 25941
25941 1796 11719
19326 737 22960
737 19326 22960
22960 737 19326
21358 7446 22253
7446 21358 22253
22253 7446 21358
19247 19531 28747
19531 19247 28747
28747 19247 19531
21066 13982 14061
14061 13982 21066
13982 14061 21066
6218 9054 12429
12429 6218 9054
9054 6218 12429
23976 21762 29340
29340 21762 23976
21762 23976 29340
14713 9181 14771
14771 9181 14713
9181 14713 14771
11815 5632 23689
23689 5632 11815
5632 11815 23689
14785 16032 22439
22439 14785 16032
16032 14785 22439
16055 11437 24105
24105 11437 16055
11437 16055 24105
383 1334 4013
1334 383 4013
4013 383 1334
24983 16656 23705
16656 23705 24983
23705 16656 24983
19487 15547 21165
21165 15547 19487
15547 19487 21165
22340 2425 12608
12608 2425 22340
2425 12608 22340
28836 4161 18724
4161 18724 28836
18724 4161 28836
22666 12581 28929
28929 12581 22666
12581 22666 28929
21561 174 3059
174 3059 21561
3059 174 21561
22139 25402 28307
25402 22139 28307
28307 22139 25402
16885 6404 26181
6404 16885 26181
