204 6 197
197 6 204
6 197 204
79 82 269
269 79 82
82 79 269
129 158 229
158 129 229
229 129 158
61 20 21
20 21 61
21 20 61
112 47 208
47 112 208
208 47 112
296 126 142
142 126 296
126 142 296
30 101 192
192 30 101
101 30 192
128 77 264
264 77 128
77 128 264
182 219 262
262 182 219
219 182 262
25 58 115
115 25 58
58 25 115
75 102 104
104 75 102
102 75 104
156 113 152
152 113 156
113 152 156
190 4 291
291 4 190
4 190 291
237 199 238
238 199 237
199 237 238
41 3 149
149 3 41
3 41 149
154 178 259
178 154 259
259 154 178
28 95 183
183 28 95
95 28 183
7 200 267
200 7 267
267 7 200
298 107 230
230 107 298
107 230 298
80 145 278
145 80 278
278 80 145
185 235 272
235 185 272
272 185 235
140 5 187
187 5 140
5 140 187
24 13 68
13 24 68
68 13 24
109 99 297
297 99 109
99 109 297
160 57 124
124 57 160
57 124 160
48 67 194
67 48 194
194 48 67
81 65 89
65 81 89
89 65 81
239 38 189
189 38 239
38 189 239
172 73 276
73 172 276
276 73 172
135 45 63
45 63 135
63 45 135
233 78 155
155 78 233
78 155 233
228 180 209
180 209 228
209 180 228
162 96 285
285 96 162
96 162 285
268 51 212
51 212 268
212 51 268
10 211 277
211 10 277
277 10 211
31 54 273
54 31 273
273 31 54
266 15 181
15 181 266
181 15 266
227 223 286
223 227 286
286 223 227
225 127 166
127 166 225
166 127 225
55 242 290
242 55 290
290 55 242
105 231 244
244 105 231
231 105 244
76 161 218
161 76 218
218 76 161
188 168 215
215 168 188
168 188 215
64 214 240
214 64 240
240 64 214
34 265 292
292 34 265
265 34 292
288 59 299
299 59 288
59 288 299
94 110 173
110 94 173
173 94 110
144 249 253
249 144 253
253 144 249
50 53 207
207 50 53
53 50 207
90 177 258
177 90 258
258 90 177
60 125 143
143 60 125
125 60 143
170 70 98
98 70 170
70 98 170
132 11 18
11 18 132
18 11 132
49 2 270
270 2 49
2 49 270
157 36 93
93 36 157
36 93 157
44 139 260
139 44 260
260 44 139
175 202 247
202 175 247
247 175 202
250 62 120
62 120 250
120 62 250
42 39 71
39 42 71
71 39 42
114 106 136
136 106 114
106 114 136
69 91 213
91 69 213
213 69 91
40 43 151
43 40 151
151 40 43
147 116 205
116 147 205
205 116 147
23 19 171
171 19 23
19 23 171
118 234 287
287 118 234
234 118 287
283 83 88
83 88 283
88 83 283
66 232 246
246 66 232
232 66 246
131 8 164
8 131 164
164 8 131
169 22 27
22 27 169
27 22 169
146 85 121
85 121 146
121 85 146
196 236 294
294 196 236
236 196 294
210 198 281
198 210 281
281 198 210
255 26 243
26 243 255
243 26 255
217 206 300
300 206 217
206 217 300
150 35 46
46 35 150
35 46 150
252 9 251
251 9 252
9 251 252
241 84 295
84 241 295
295 84 241
220 37 201
37 201 220
201 37 220
97 117 148
117 97 148
148 97 117
248 133 263
133 248 263
263 133 248
289 12 86
86 12 289
12 86 289
141 33 284
33 141 284
284 33 141
138 108 153
153 108 138
108 138 153
87 245 271
245 87 271
271 87 245
165 1 130
1 130 165
130 1 165
92 29 216
216 29 92
29 92 216
256 179 282
282 179 256
179 256 282
191 74 123
74 123 191
123 74 191
17 32 203
203 17 32
32 17 203
159 167 221
167 159 221
221 159 167
261 72 254
254 72 261
72 254 261
279 103 280
103 279 280
280 103 279
275 16 257
257 16 275
16 257 275
122 52 222
52 122 222
222 52 122
111 163 184
163 111 184
184 111 163
137 174 176
174 137 176
176 137 174
274 56 100
56 100 274
100 56 274
14 119 224
119 14 224
224 14 119
134 186 193
186 134 193
193 134 186
226 195 293
195 226 293
293 195 226
