18480 15415 16426
15415 16426 18480
16426 15415 18480
1957 805 3182
805 1957 3182
3182 805 1957
16082 10032 22452
22452 10032 16082
10032 16082 22452
4694 6464 14744
6464 4694 14744
14744 4694 6464
24491 24022 27089
27089 24022 24491
24022 24491 27089
4474 11429 25784
11429 4474 25784
25784 4474 11429
18504 13956 19997
19997 13956 18504
13956 18504 19997
10314 11546 29901
11546 10314 29901
29901 10314 11546
14085 14258 28273
14258 14085 28273
28273 14085 14258
26200 15391 22557
15391 22557 26200
22557 15391 26200
10522 14237 17770
17770 10522 14237
14237 10522 17770
13809 4109 12235
4109 12235 13809
12235 4109 13809
21137 9713 14080
9713 14080 21137
14080 9713 21137
24478 6466 19689
6466 19689 24478
19689 6466 24478
14428 6567 15155
15155 6567 14428
6567 14428 15155
6863 5939 26471
26471 5939 6863
5939 6863 26471
15618 23151 28697
28697 15618 23151
23151 15618 28697
26396 4068 14720
14720 4068 26396
4068 14720 26396
22355 19108 23995
19108 22355 23995
23995 19108 22355
18479 21466 29421
21466 18479 29421
29421 18479 21466
7519 5548 16817
16817 5548 7519
5548 7519 16817
19522 3509 11690
11690 3509 19522
3509 11690 19522
14746 5481 8545
8545 5481 14746
5481 8545 14746
5882 4697 19786
19786 4697 5882
4697 5882 19786
6776 725 922
922 725 6776
725 922 6776
21517 10714 15330
15330 10714 21517
10714 15330 21517
2410 20001 20090
20001 2410 20090
20090 2410 20001
7266 11928 25312
25312 7266 11928
11928 7266 25312
8368 651 1971
1971 651 8368
651 1971 8368
18352 17182 28304
28304 17182 18352
17182 18352 28304
12038 14224 15269
15269 12038 14224
14224 12038 15269
14102 3391 21131
21131 3391 14102
3391 14102 21131
27698 7671 25921
7671 25921 27698
25921 7671 27698
11463 19397 24463
24463 11463 19397
19397 11463 24463
14397 7592 13904
13904 7592 14397
7592 13904 14397
10550 5579 9886
9886 5579 10550
5579 9886 10550
17621 15039 20994
15039 17621 20994
20994 15039 17621
15531 152 18620
152 15531 18620
18620 152 15531
24911 2638 14355
14355 2638 24911
2638 14355 24911
22490 15424 17087
17087 15424 22490
15424 17087 22490
23637 2491 24484
2491 23637 24484
24484 2491 23637
18840 877 18071
18071 877 18840
877 18071 18840
617 1602 14430
14430 617 1602
1602 617 14430
13428 21569 24697
21569 13428 24697
24697 13428 21569
16827 15191 28983
15191 16827 28983
28983 15191 16827
2473 9845 24694
24694 2473 9845
9845 2473 24694
11169 10278 27630
10278 11169 27630
27630 10278 11169
6492 1271 3592
1271 3592 6492
3592 1271 6492
21837 914 29757
914 21837 29757
29757 914 21837
9398 2799 23976
2799 9398 23976
23976 2799 9398
22618 1141 22469
22469 1141 22618
1141 22469 22618
26973 8728 25258
8728 25258 26973
25258 8728 26973
13645 20279 29321
29321 13645 20279
20279 13645 29321
22364 5602 13422
13422 5602 22364
5602 13422 22364
16316 5497 11436
11436 5497 16316
5497 11436 16316
6164 22907 23556
22907 6164 23556
23556 6164 22907
7835 12123 24830
24830 7835 12123
12123 7835 24830
14171 15043 20641
20641 14171 15043
15043 14171 20641
7354 5597 6945
6945 5597 7354
5597 6945 7354
12130 6259 24809
24809 6259 12130
6259 12130 24809
17441 15554 26188
26188 15554 17441
15554 17441 26188
22179 8993 25064
8993 22179 25064
25064 8993 22179
2764 18257 18548
18548 2764 18257
18257 2764 18548
27196 5888 23296
23296 5888 27196
5888 23296 27196
22069 3697 21868
21868 3697 22069
3697 21868 22069
24498 27021 28717
27021 24498 28717
28717 24498 27021
2237 8883 12043
12043 2237 8883
8883 2237 12043
10114 9345 15372
15372 9345 10114
9345 10114 15372
2887 2339 26492
2339 2887 26492
26492 2339 2887
13576 2105 10262
10262 2105 13576
2105 10262 13576
6240 4641 21415
4641 6240 21415
21415 4641 6240
12674 17948 29197
17948 12674 29197
29197 12674 17948
27072 155 24805
24805 155 27072
155 24805 27072
20657 13290 28382
13290 20657 28382
28382 13290 20657
14496 21127 26138
26138 14496 21127
21127 14496 26138
7001 16204 26879
26879 7001 16204
16204 7001 26879
28206 6279 22094
6279 22094 28206
22094 6279 28206
10256 940 29581
29581 940 10256
940 10256 29581
13897 2179 6389
6389 2179 13897
2179 6389 13897
29799 15127 29919
15127 29799 29919
29919 15127 29799
5966 3462 26596
26596 3462 5966
3462 5966 26596
15643 24009 26804
24009 15643 26804
26804 15643 24009
619 4338 24781
4338 619 24781
24781 619 4338
14409 17598 24396
24396 14409 17598
17598 14409 24396
1607 2071 25452
2071 1607 25452
25452 1607 2071
24102 485 15924
485 15924 24102
15924 485 24102
15162 2014 18772
18772 2014 15162
2014 15162 18772
390 12558 19448
12558 390 19448
19448 390 12558
3224 20292 22545
22545 3224 20292
20292 3224 22545
876 16727 20946
20946 876 16727
16727 876 20946
28211 10900 24680
24680 10900 28211
10900 24680 28211
17095 19830 24528
24528 17095 19830
19830 17095 24528
21669 19078 22522
19078 21669 22522
22522 19078 21669
14994 21311 28586
21311 14994 28586
28586 14994 21311
18838 25403 29653
25403 18838 29653
29653 18838 25403
18590 1798 8715
8715 1798 18590
1798 8715 18590
12612 12192 13467
13467 12192 12612
12192 12612 13467
2370 937 12743
12743 937 2370
937 2370 12743
10693 17285 20995
17285 10693 20995
20995 10693 17285
20329 19199 23705
19199 20329 23705
23705 19199 20329
16171 7988 28322
7988 16171 28322
28322 7988 16171
29257 10028 21800
10028 21800 29257
21800 10028 29257
8267 16586 27452
27452 8267 16586
16586 8267 27452
3359 6598 17148
17148 3359 6598
6598 3359 17148
20669 1641 27537
27537 1641 20669
1641 20669 27537
4985 10661 12486
10661 4985 12486
12486 4985 10661
27678 21335 29662
21335 27678 29662
29662 21335 27678
1585 2622 11845
2622 1585 11845
11845 1585 2622
10043 12808 21268
12808 10043 21268
21268 10043 12808
3905 16390 19466
19466 3905 16390
16390 3905 19466
2699 12174 19715
12174 2699 19715
19715 2699 12174
25194 7748 19914
19914 7748 25194
7748 19914 25194
16960 20735 22850
20735 16960 22850
22850 16960 20735
6108 17454 28746
17454 6108 28746
28746 6108 17454
6143 12036 22854
12036 6143 22854
22854 6143 12036
29359 14480 25404
25404 14480 29359
14480 25404 29359
7437 9140 11182
9140 7437 11182
11182 7437 9140
28476 5510 9624
5510 9624 28476
9624 5510 28476
22950 11771 26007
11771 22950 26007
26007 11771 22950
29997 4351 11964
11964 4351 29997
4351 11964 29997
10459 13834 19247
19247 10459 13834
13834 10459 19247
9235 18102 29153
18102 9235 29153
29153 9235 18102
29124 10419 13556
13556 10419 29124
10419 13556 29124
2601 11761 16530
16530 2601 11761
11761 2601 16530
28431 19647 27064
19647 27064 28431
27064 19647 28431
29336 17550 23488
17550 23488 29336
23488 17550 29336
8415 5909 15823
5909 8415 15823
15823 5909 8415
28907 5697 6425
6425 5697 28907
5697 6425 28907
11611 12214 15692
12214 11611 15692
15692 11611 12214
20179 829 2564
829 2564 20179
2564 829 20179
17727 2447 17798
2447 17727 17798
17798 2447 17727
6200 4631 23855
4631 6200 23855
23855 4631 6200
24932 51 4497
51 4497 24932
4497 51 24932
8286 11593 23038
11593 8286 23038
23038 8286 11593
18829 5567 9483
5567 9483 18829
9483 5567 18829
10989 23025 23148
23148 10989 23025
23025 10989 23148
29498 12399 19795
12399 19795 29498
19795 12399 29498
17416 7149 16982
7149 16982 17416
16982 7149 17416
17188 2319 22320
2319 17188 22320
22320 2319 17188
20945 16293 29590
29590 16293 20945
16293 20945 29590
7272 1420 11552
1420 7272 11552
11552 1420 7272
2509 8165 10196
8165 2509 10196
10196 2509 8165
19072 678 21828
678 19072 21828
21828 678 19072
15586 6526 23773
23773 6526 15586
6526 15586 23773
14522 25789 28454
28454 14522 25789
25789 14522 28454
24330 5223 23734
5223 23734 24330
23734 5223 24330
22852 12494 13914
13914 12494 22852
12494 13914 22852
16822 7374 20431
7374 16822 20431
20431 7374 16822
10188 4670 18835
4670 10188 18835
18835 4670 10188
17329 8876 29895
29895 8876 17329
8876 17329 29895
13654 5399 10357
10357 5399 13654
5399 10357 13654
8563 22028 24292
22028 8563 24292
24292 8563 22028
13868 8244 22089
22089 8244 13868
8244 13868 22089
5231 1832 11835
1832 5231 11835
11835 1832 5231
1555 12949 22476
12949 1555 22476
22476 1555 12949
13200 21174 29317
29317 13200 21174
21174 13200 29317
28634 9959 13787
9959 13787 28634
13787 9959 28634
7362 13058 27846
27846 7362 13058
13058 7362 27846
1873 12045 28666
28666 1873 12045
12045 1873 28666
29179 9176 11293
11293 9176 29179
9176 11293 29179
2804 6896 11965
11965 2804 6896
6896 2804 11965
3446 16375 29024
29024 3446 16375
16375 3446 29024
18848 8330 16415
8330 16415 18848
16415 8330 18848
29234 18818 26164
26164 18818 29234
18818 26164 29234
12343 6318 14096
14096 6318 12343
6318 12343 14096
12298 12203 16603
12203 12298 16603
16603 12203 12298
26419 251 11903
251 11903 26419
11903 251 26419
29432 1769 24601
24601 1769 29432
1769 24601 29432
4872 4234 9912
4234 4872 9912
9912 4234 4872
3621 1858 14681
14681 1858 3621
1858 3621 14681
23007 5621 10588
5621 10588 23007
10588 5621 23007
21770 5046 26588
26588 5046 21770
5046 21770 26588
3250 23777 26246
23777 3250 26246
26246 3250 23777
25958 3046 11395
11395 3046 25958
3046 11395 25958
5475 7115 9110
7115 5475 9110
9110 5475 7115
18290 14595 23415
14595 18290 23415
23415 14595 18290
15234 12996 13818
13818 12996 15234
12996 13818 15234
4253 3374 9956
3374 4253 9956
9956 3374 4253
20939 25278 27088
25278 20939 27088
27088 20939 25278
2207 1259 12739
12739 1259 2207
1259 2207 12739
28171 8078 22152
8078 22152 28171
22152 8078 28171
12730 7744 21275
7744 12730 21275
21275 7744 12730
13072 16793 19506
16793 13072 19506
19506 13072 16793
4562 7125 18467
18467 4562 7125
7125 4562 18467
9984 11886 25517
11886 9984 25517
25517 9984 11886
11808 3211 27244
27244 3211 11808
3211 11808 27244
9671 10035 14268
10035 9671 14268
14268 9671 10035
22813 17465 29301
17465 22813 29301
29301 17465 22813
25025 1291 29417
1291 25025 29417
29417 1291 25025
7345 13402 14232
13402 7345 14232
14232 7345 13402
1560 4557 18414
18414 1560 4557
4557 1560 18414
24801 20728 22496
22496 20728 24801
20728 22496 24801
1424 7414 21000
7414 1424 21000
21000 1424 7414
14562 11863 14180
14180 11863 14562
11863 14180 14562
27111 15698 20268
20268 15698 27111
15698 20268 27111
22398 10535 12620
10535 12620 22398
12620 10535 22398
23514 15373 21925
21925 15373 23514
15373 21925 23514
18705 20255 21218
21218 18705 20255
20255 18705 21218
6335 752 10643
10643 752 6335
752 6335 10643
788 168 24084
24084 168 788
168 788 24084
23821 13747 14050
14050 13747 23821
13747 14050 23821
10046 12198 21366
12198 10046 21366
21366 10046 12198
23897 6182 27376
27376 6182 23897
6182 23897 27376
19373 4205 5214
4205 5214 19373
5214 4205 19373
9241 10653 27492
10653 9241 27492
27492 9241 10653
26385 28841 29613
28841 26385 29613
29613 26385 28841
21420 15473 29883
29883 15473 21420
15473 21420 29883
28216 2122 4508
4508 2122 28216
2122 4508 28216
21282 15497 17799
17799 15497 21282
15497 17799 21282
3117 15197 26034
26034 3117 15197
15197 3117 26034
6053 2385 9479
9479 2385 6053
2385 6053 9479
16059 7654 25412
7654 16059 25412
25412 7654 16059
21722 21301 28117
21301 21722 28117
28117 21301 21722
21397 20325 27297
20325 21397 27297
27297 20325 21397
24100 2849 14780
2849 14780 24100
14780 2849 24100
26024 1146 8315
8315 1146 26024
1146 8315 26024
22654 1261 14045
14045 1261 22654
1261 14045 22654
29663 17112 28067
28067 17112 29663
17112 28067 29663
5058 15788 24700
15788 5058 24700
24700 5058 15788
3454 8571 20878
8571 3454 20878
20878 3454 8571
24816 7201 24668
24668 7201 24816
7201 24668 24816
12820 26165 29228
26165 12820 29228
29228 12820 26165
7878 21617 24533
24533 7878 21617
21617 7878 24533
26022 578 26014
26014 578 26022
578 26014 26022
20637 14663 26512
14663 20637 26512
26512 14663 20637
11202 2220 7223
2220 7223 11202
7223 2220 11202
25052 208 12696
12696 208 25052
208 12696 25052
29464 4792 27287
27287 4792 29464
4792 27287 29464
27647 14668 15311
15311 14668 27647
14668 15311 27647
9829 11362 25223
25223 9829 11362
11362 9829 25223
10333 10948 14901
10948 10333 14901
14901 10333 10948
22228 12179 29614
12179 22228 29614
29614 12179 22228
12804 16879 25342
16879 12804 25342
25342 12804 16879
7202 2064 14047
2064 7202 14047
14047 2064 7202
4547 14296 14784
14296 4547 14784
14784 4547 14296
20767 11997 26069
26069 11997 20767
11997 20767 26069
24061 7277 13127
7277 13127 24061
13127 7277 24061
20793 25129 28693
28693 20793 25129
25129 20793 28693
9968 23858 24306
24306 9968 23858
23858 9968 24306
17643 11029 24990
11029 17643 24990
24990 11029 17643
4732 13884 22934
22934 4732 13884
13884 4732 22934
23953 2497 6718
2497 6718 23953
6718 2497 23953
452 18311 19335
18311 452 19335
19335 452 18311
28774 27555 27573
27555 27573 28774
27573 27555 28774
386 1316 19608
19608 386 1316
1316 386 19608
11686 4796 14433
4796 11686 14433
14433 4796 11686
9975 1525 14363
14363 1525 9975
1525 9975 14363
19597 627 25388
627 19597 25388
25388 627 19597
37 17737 26888
17737 37 26888
26888 37 17737
16488 8684 10342
8684 10342 16488
10342 8684 16488
27627 11008 14804
14804 11008 27627
11008 14804 27627
18961 24755 26213
26213 18961 24755
24755 18961 26213
3213 5764 29091
5764 3213 29091
29091 3213 5764
28184 6521 7885
6521 7885 28184
7885 6521 28184
18559 5020 15576
15576 5020 18559
5020 15576 18559
16048 10692 25790
25790 10692 16048
10692 16048 25790
5037 16519 26682
26682 5037 16519
16519 5037 26682
4050 1840 6048
1840 4050 6048
6048 1840 4050
5113 6615 23057
6615 5113 23057
23057 5113 6615
6527 1099 24632
24632 1099 6527
1099 6527 24632
17405 13144 15653
13144 15653 17405
15653 13144 17405
13167 10299 15154
10299 13167 15154
15154 10299 13167
8663 16280 22296
16280 8663 22296
22296 8663 16280
26369 949 1470
949 1470 26369
1470 949 26369
5643 4852 16580
16580 4852 5643
4852 5643 16580
19538 8645 19940
19940 8645 19538
8645 19538 19940
19549 12091 18770
12091 18770 19549
18770 12091 19549
8788 8511 11864
11864 8511 8788
8511 8788 11864
7323 25067 25142
25067 7323 25142
25142 7323 25067
27341 374 9744
374 9744 27341
9744 374 27341
28146 3651 20586
3651 20586 28146
20586 3651 28146
20118 15574 29220
15574 20118 29220
29220 15574 20118
29623 4859 21459
21459 4859 29623
4859 21459 29623
20795 2278 29266
2278 20795 29266
29266 2278 20795
3755 20585 24302
20585 3755 24302
24302 3755 20585
2701 5577 24692
5577 2701 24692
24692 2701 5577
5459 4528 15565
4528 5459 15565
15565 4528 5459
7300 16079 27888
27888 7300 16079
16079 7300 27888
22895 6414 13210
13210 6414 22895
6414 13210 22895
9223 14874 26734
14874 9223 26734
26734 9223 14874
24924 10792 12871
10792 12871 24924
12871 10792 24924
5351 2161 15883
15883 2161 5351
2161 5351 15883
19880 16151 24590
16151 19880 24590
24590 16151 19880
15696 6268 15021
6268 15021 15696
15021 6268 15696
28970 16685 29922
16685 28970 29922
29922 16685 28970
23596 6834 11869
11869 6834 23596
6834 11869 23596
12899 9217 22222
22222 9217 12899
9217 12899 22222
11070 9448 11374
11374 9448 11070
9448 11070 11374
25105 21518 28567
21518 25105 28567
28567 21518 25105
15482 11221 25758
11221 15482 25758
25758 11221 15482
17291 7769 19675
7769 17291 19675
19675 7769 17291
22979 10209 13973
13973 10209 22979
10209 13973 22979
6456 17961 18297
17961 6456 18297
18297 6456 17961
29716 5919 12548
12548 5919 29716
5919 12548 29716
29502 14659 27081
27081 14659 29502
14659 27081 29502
19280 13717 24602
24602 13717 19280
13717 19280 24602
9562 15051 28494
15051 9562 28494
28494 9562 15051
1216 4125 17716
4125 1216 17716
17716 1216 4125
18768 12619 22422
12619 18768 22422
22422 12619 18768
5834 7862 9222
9222 5834 7862
7862 5834 9222
12461 923 2967
2967 923 12461
923 2967 12461
10684 920 11344
920 10684 11344
11344 920 10684
4667 13223 21031
13223 4667 21031
21031 4667 13223
4900 6334 23008
6334 4900 23008
23008 4900 6334
1156 13397 14853
14853 1156 13397
13397 1156 14853
16220 24958 27906
27906 16220 24958
24958 16220 27906
12973 6981 24543
24543 6981 12973
6981 12973 24543
29629 20017 27402
27402 20017 29629
20017 27402 29629
13480 1024 24120
24120 1024 13480
1024 13480 24120
8549 23451 28015
23451 8549 28015
28015 8549 23451
28783 4880 6906
4880 6906 28783
6906 4880 28783
7186 2125 3789
2125 3789 7186
3789 2125 7186
9093 15915 25424
25424 9093 15915
15915 9093 25424
29918 3469 13216
13216 3469 29918
3469 13216 29918
23520 3560 20041
3560 20041 23520
20041 3560 23520
4938 4354 22805
22805 4354 4938
4354 4938 22805
13358 23390 28966
28966 13358 23390
23390 13358 28966
10891 24272 28034
28034 10891 24272
24272 10891 28034
11177 24646 25447
24646 11177 25447
25447 11177 24646
7007 16190 29649
29649 7007 16190
16190 7007 29649
26081 1221 28600
1221 26081 28600
28600 1221 26081
4885 4793 22125
22125 4793 4885
4793 4885 22125
20575 7788 9762
9762 7788 20575
7788 9762 20575
4212 2875 10049
10049 2875 4212
2875 4212 10049
3363 18156 28896
28896 3363 18156
18156 3363 28896
8874 8376 16123
8376 8874 16123
16123 8376 8874
8916 9190 12631
9190 8916 12631
12631 8916 9190
1763 4577 19987
19987 1763 4577
4577 1763 19987
17425 20343 27536
20343 17425 27536
27536 17425 20343
26511 20137 25224
25224 20137 26511
20137 25224 26511
12860 2959 15891
15891 2959 12860
2959 12860 15891
16571 5248 10277
10277 5248 16571
5248 10277 16571
18572 1414 10510
10510 1414 18572
1414 10510 18572
19537 11983 26206
26206 11983 19537
11983 19537 26206
27557 1946 7616
7616 1946 27557
1946 7616 27557
4788 1233 25946
1233 4788 25946
25946 1233 4788
266 2205 7906
2205 266 7906
7906 266 2205
14228 4012 17165
17165 4012 14228
4012 14228 17165
4795 7594 21531
7594 4795 21531
21531 4795 7594
20116 7701 10752
10752 7701 20116
7701 10752 20116
13449 7913 21564
21564 7913 13449
7913 13449 21564
131 41 21332
21332 41 131
41 131 21332
9477 9031 11789
9031 9477 11789
11789 9031 9477
6469 23251 27896
23251 6469 27896
27896 6469 23251
10078 2270 23795
2270 10078 23795
23795 2270 10078
10980 12029 13682
13682 10980 12029
12029 10980 13682
29777 1929 3882
1929 3882 29777
3882 1929 29777
19295 1757 15325
15325 1757 19295
1757 15325 19295
19290 23599 24519
23599 19290 24519
24519 19290 23599
14294 4651 28437
4651 14294 28437
28437 4651 14294
17950 15872 18125
18125 15872 17950
15872 17950 18125
7729 18898 27978
27978 7729 18898
18898 7729 27978
10395 9943 19972
19972 9943 10395
9943 10395 19972
13490 10282 28830
10282 13490 28830
28830 10282 13490
10935 335 10871
335 10871 10935
10871 335 10935
6609 8438 17696
8438 6609 17696
17696 6609 8438
16511 737 5193
737 5193 16511
5193 737 16511
8729 27505 29709
29709 8729 27505
27505 8729 29709
10690 10616 20912
10616 10690 20912
20912 10616 10690
14710 15669 23108
23108 14710 15669
15669 14710 23108
5796 24806 25340
24806 5796 25340
25340 5796 24806
4249 2721 27606
2721 4249 27606
27606 2721 4249
29729 13846 19056
19056 13846 29729
13846 19056 29729
12798 6682 16070
6682 12798 16070
16070 6682 12798
26916 9240 24909
9240 24909 26916
24909 9240 26916
24580 13362 23664
13362 23664 24580
23664 13362 24580
10981 3801 4040
4040 3801 10981
3801 4040 10981
753 17726 18188
17726 753 18188
18188 753 17726
7380 307 10228
10228 307 7380
307 7380 10228
14063 1101 7635
7635 1101 14063
1101 7635 14063
4094 18727 29973
29973 4094 18727
18727 4094 29973
4835 7045 9578
9578 4835 7045
7045 4835 9578
21012 9027 16461
16461 9027 21012
9027 16461 21012
14597 8304 8784
8784 8304 14597
8304 8784 14597
10540 523 29330
29330 523 10540
523 10540 29330
26816 8175 21133
21133 8175 26816
8175 21133 26816
5272 11737 16337
16337 5272 11737
11737 5272 16337
2792 1739 29647
1739 2792 29647
29647 1739 2792
26228 11268 24403
24403 11268 26228
11268 24403 26228
13828 3519 8428
3519 8428 13828
8428 3519 13828
12555 11197 27206
11197 12555 27206
27206 11197 12555
2086 5474 24103
24103 2086 5474
5474 2086 24103
4462 1504 23790
23790 1504 4462
1504 4462 23790
17846 14317 29062
29062 14317 17846
14317 17846 29062
1389 14751 20210
14751 1389 20210
20210 1389 14751
2906 8274 10751
10751 2906 8274
8274 2906 10751
7936 7553 14124
7553 7936 14124
14124 7553 7936
1782 16069 23305
16069 1782 23305
23305 1782 16069
15056 1447 24667
1447 15056 24667
24667 1447 15056
11750 3219 3772
3772 3219 11750
3219 3772 11750
9466 1919 25959
25959 1919 9466
1919 9466 25959
22210 3602 19886
19886 3602 22210
3602 19886 22210
18706 7364 9279
9279 7364 18706
7364 9279 18706
14466 7445 10592
10592 7445 14466
7445 10592 14466
8472 9885 15477
9885 8472 15477
15477 8472 9885
9877 21233 25111
25111 9877 21233
21233 9877 25111
11185 18674 22199
18674 11185 22199
22199 11185 18674
10646 10015 14413
14413 10015 10646
10015 10646 14413
27901 436 24537
24537 436 27901
436 24537 27901
27802 6837 11251
11251 6837 27802
6837 11251 27802
27261 1043 28334
28334 1043 27261
1043 27261 28334
22628 26557 29337
26557 22628 29337
29337 22628 26557
18640 3276 5004
3276 5004 18640
5004 3276 18640
10967 4451 14340
14340 4451 10967
4451 10967 14340
27456 8440 23471
8440 23471 27456
23471 8440 27456
26818 6608 25306
6608 25306 26818
25306 6608 26818
12296 17951 21280
17951 12296 21280
21280 12296 17951
6479 7526 29133
7526 6479 29133
29133 6479 7526
13515 9191 18167
9191 13515 18167
18167 9191 13515
18245 594 21221
594 18245 21221
21221 594 18245
1656 7056 25475
25475 1656 7056
7056 1656 25475
4402 3066 22785
22785 3066 4402
3066 4402 22785
23762 2231 12456
12456 2231 23762
2231 12456 23762
25463 12760 21885
21885 12760 25463
12760 21885 25463
23537 11289 15537
11289 15537 23537
15537 11289 23537
11757 6720 13284
6720 11757 13284
13284 6720 11757
19625 16250 28892
16250 19625 28892
28892 16250 19625
15301 5772 7931
7931 5772 15301
5772 7931 15301
29142 6884 24080
24080 6884 29142
6884 24080 29142
4381 6357 15507
6357 4381 15507
15507 4381 6357
13342 4489 27523
4489 13342 27523
27523 4489 13342
12666 7987 14898
14898 7987 12666
7987 12666 14898
23846 9335 20968
20968 9335 23846
9335 20968 23846
10932 5798 21290
5798 10932 21290
21290 5798 10932
13532 563 9363
563 9363 13532
9363 563 13532
21932 10499 27410
27410 10499 21932
10499 21932 27410
9833 4197 21250
4197 9833 21250
21250 4197 9833
2518 11333 14990
14990 2518 11333
11333 2518 14990
5072 103 19026
103 5072 19026
19026 103 5072
23441 4695 14352
4695 14352 23441
14352 4695 23441
5184 12171 16405
12171 5184 16405
16405 5184 12171
18231 2866 26035
2866 18231 26035
26035 2866 18231
24166 11464 17680
11464 17680 24166
17680 11464 24166
8420 10736 20178
20178 8420 10736
10736 8420 20178
14755 17203 20054
17203 14755 20054
20054 14755 17203
7530 5812 17527
17527 5812 7530
5812 7530 17527
5655 5972 13930
13930 5655 5972
5972 5655 13930
7914 7432 22921
22921 7432 7914
7432 7914 22921
11007 1733 7659
7659 1733 11007
1733 7659 11007
19915 6933 21105
21105 6933 19915
6933 19915 21105
23489 23744 29433
29433 23489 23744
23744 23489 29433
12352 10343 13489
10343 12352 13489
13489 10343 12352
2413 4810 9500
9500 2413 4810
4810 2413 9500
7800 3355 6674
6674 3355 7800
3355 6674 7800
13486 14969 26361
14969 13486 26361
26361 13486 14969
19814 13288 24662
13288 19814 24662
24662 13288 19814
25405 7535 9901
7535 9901 25405
9901 7535 25405
24733 12710 12733
12710 12733 24733
12733 12710 24733
7778 14617 29525
14617 7778 29525
29525 7778 14617
26104 5256 29258
29258 5256 26104
5256 26104 29258
13790 10853 21436
21436 10853 13790
10853 13790 21436
28913 1802 3215
1802 3215 28913
3215 1802 28913
3208 21195 22405
21195 3208 22405
22405 3208 21195
21453 1063 23575
23575 1063 21453
1063 21453 23575
11264 11923 12545
12545 11264 11923
11923 11264 12545
15860 11755 23883
23883 11755 15860
11755 15860 23883
8144 16133 23515
16133 8144 23515
23515 8144 16133
25692 7184 7411
7184 7411 25692
7411 7184 25692
630 13329 14533
13329 630 14533
14533 630 13329
2740 10631 20420
20420 2740 10631
10631 2740 20420
5867 23483 27641
27641 5867 23483
23483 5867 27641
20674 9613 21661
21661 9613 20674
9613 20674 21661
20646 5778 27100
5778 20646 27100
27100 5778 20646
9225 16644 22531
22531 9225 16644
16644 9225 22531
26161 603 7819
603 7819 26161
7819 603 26161
24021 7789 8944
7789 8944 24021
8944 7789 24021
15441 13548 20435
20435 13548 15441
13548 15441 20435
1471 1270 15222
15222 1270 1471
1270 1471 15222
8668 14033 29059
14033 8668 29059
29059 8668 14033
12910 24871 24925
24871 12910 24925
24925 12910 24871
13826 7085 20460
7085 13826 20460
20460 7085 13826
20088 6068 15196
6068 15196 20088
15196 6068 20088
27375 12641 26248
26248 12641 27375
12641 26248 27375
29178 9919 21167
9919 21167 29178
21167 9919 29178
26685 9061 22453
9061 22453 26685
22453 9061 26685
13740 13317 27933
13317 13740 27933
27933 13317 13740
15399 22585 27705
22585 15399 27705
27705 15399 22585
3992 3492 29589
3492 3992 29589
29589 3492 3992
22807 3731 14998
3731 14998 22807
14998 3731 22807
17388 8835 11366
11366 8835 17388
8835 11366 17388
4361 16681 22176
22176 4361 16681
16681 4361 22176
13640 12584 15055
15055 12584 13640
12584 13640 15055
4606 16245 24874
24874 4606 16245
16245 4606 24874
29160 1715 19077
19077 1715 29160
1715 19077 29160
23811 1213 27805
27805 1213 23811
1213 23811 27805
15899 7690 18003
7690 15899 18003
18003 7690 15899
22616 6468 9650
6468 9650 22616
9650 6468 22616
8498 7964 14903
14903 7964 8498
7964 8498 14903
14077 4751 15265
4751 14077 15265
15265 4751 14077
17786 6473 10180
10180 6473 17786
6473 10180 17786
21515 13593 14269
13593 14269 21515
14269 13593 21515
29018 4005 18107
18107 4005 29018
4005 18107 29018
618 13350 17623
17623 618 13350
13350 618 17623
13472 14417 16419
14417 13472 16419
16419 13472 14417
9139 15583 18686
15583 9139 18686
18686 9139 15583
11312 18323 28250
28250 11312 18323
18323 11312 28250
27921 4035 24027
4035 24027 27921
24027 4035 27921
23323 11664 17168
17168 11664 23323
11664 17168 23323
25271 20157 22439
20157 22439 25271
22439 20157 25271
5854 29226 29844
29226 5854 29844
29844 5854 29226
16850 1551 14209
1551 14209 16850
14209 1551 16850
3961 17831 18864
18864 3961 17831
17831 3961 18864
795 2427 5546
2427 795 5546
5546 795 2427
19779 16518 20265
20265 16518 19779
16518 19779 20265
16165 5975 12859
5975 12859 16165
12859 5975 16165
24873 11011 12543
11011 12543 24873
12543 11011 24873
15986 6290 21693
6290 15986 21693
21693 6290 15986
23920 1747 25497
25497 1747 23920
1747 23920 25497
22423 10110 14170
10110 14170 22423
14170 10110 22423
26574 16446 25380
25380 16446 26574
16446 25380 26574
22657 947 18027
947 18027 22657
18027 947 22657
948 21757 23830
23830 948 21757
21757 948 23830
20717 14580 15493
14580 15493 20717
15493 14580 20717
18837 10905 21416
21416 10905 18837
10905 18837 21416
19736 16056 20809
20809 16056 19736
16056 19736 20809
10820 3973 8488
3973 8488 10820
8488 3973 10820
17198 373 13673
373 13673 17198
13673 373 17198
26631 5023 25485
5023 25485 26631
25485 5023 26631
2355 3310 16490
3310 2355 16490
16490 2355 3310
18133 8808 28618
28618 8808 18133
8808 18133 28618
28082 7439 16843
16843 7439 28082
7439 16843 28082
22374 10150 26142
26142 10150 22374
10150 22374 26142
28543 1672 21444
1672 21444 28543
21444 1672 28543
5040 11575 14419
11575 5040 14419
14419 5040 11575
20102 7193 15132
7193 15132 20102
15132 7193 20102
7907 6513 18341
18341 6513 7907
6513 7907 18341
16218 2748 5544
5544 2748 16218
2748 5544 16218
8353 19358 20694
19358 8353 20694
20694 8353 19358
2489 12382 18045
12382 2489 18045
18045 2489 12382
23431 3131 10942
3131 10942 23431
10942 3131 23431
26724 2711 12630
2711 12630 26724
12630 2711 26724
7298 2991 17661
2991 7298 17661
17661 2991 7298
17175 11110 12685
12685 11110 17175
11110 12685 17175
3771 61 12905
61 3771 12905
12905 61 3771
16167 3997 19783
3997 16167 19783
19783 3997 16167
13124 2560 10025
10025 2560 13124
2560 10025 13124
2251 11938 19613
11938 2251 19613
19613 2251 11938
27016 18526 29606
29606 18526 27016
18526 27016 29606
8442 13415 25264
13415 8442 25264
25264 8442 13415
21430 10311 13035
13035 10311 21430
10311 13035 21430
21342 12007 19739
12007 19739 21342
19739 12007 21342
27783 588 15904
588 15904 27783
15904 588 27783
27447 1050 26842
26842 1050 27447
1050 26842 27447
10440 25512 26605
26605 10440 25512
25512 10440 26605
10120 17143 21479
21479 10120 17143
17143 10120 21479
13158 13903 16876
13903 13158 16876
16876 13158 13903
23083 5611 19930
19930 5611 23083
5611 19930 23083
19686 2850 7863
7863 2850 19686
2850 7863 19686
25051 18144 23985
18144 23985 25051
23985 18144 25051
2420 1304 17036
17036 1304 2420
1304 2420 17036
1768 3536 10924
3536 1768 10924
10924 1768 3536
24512 9331 13824
13824 9331 24512
9331 13824 24512
21309 3865 21024
3865 21024 21309
21024 3865 21309
7626 7610 18673
18673 7610 7626
7610 7626 18673
23005 6358 16438
16438 6358 23005
6358 16438 23005
27043 14144 23513
23513 14144 27043
14144 23513 27043
17207 19006 27114
19006 17207 27114
27114 17207 19006
4532 7644 22858
22858 4532 7644
7644 4532 22858
19410 6230 17197
17197 6230 19410
6230 17197 19410
27315 490 14515
14515 490 27315
490 14515 27315
6244 15256 16662
15256 6244 16662
16662 6244 15256
3149 20326 21494
20326 3149 21494
21494 3149 20326
20752 6915 28642
28642 6915 20752
6915 20752 28642
9527 9068 20811
9068 9527 20811
20811 9068 9527
17998 3962 28090
3962 17998 28090
28090 3962 17998
14895 2515 5989
2515 5989 14895
5989 2515 14895
5096 10677 28518
10677 5096 28518
28518 5096 10677
16773 1465 7043
1465 7043 16773
7043 1465 16773
24914 26744 28908
26744 24914 28908
28908 24914 26744
20175 7019 17013
7019 17013 20175
17013 7019 20175
20263 6103 7658
6103 7658 20263
7658 6103 20263
1530 12437 23069
23069 1530 12437
12437 1530 23069
6234 9809 17084
9809 6234 17084
17084 6234 9809
18730 3034 19066
3034 18730 19066
19066 3034 18730
143 27696 29146
27696 143 29146
29146 143 27696
10707 20893 28824
28824 10707 20893
20893 10707 28824
423 10398 11772
11772 423 10398
10398 423 11772
17944 21081 27918
21081 17944 27918
27918 17944 21081
17071 18087 29236
29236 17071 18087
18087 17071 29236
27556 3857 28791
3857 27556 28791
28791 3857 27556
22863 14094 20114
20114 14094 22863
14094 20114 22863
28447 1674 24128
1674 24128 28447
24128 1674 28447
6759 6105 21152
6105 6759 21152
21152 6105 6759
8033 7318 21481
7318 8033 21481
21481 7318 8033
21626 1776 4723
1776 4723 21626
4723 1776 21626
23132 12628 23942
23942 12628 23132
12628 23132 23942
2684 21425 23206
21425 2684 23206
23206 2684 21425
3558 8081 28219
8081 3558 28219
28219 3558 8081
15955 10139 11102
11102 10139 15955
10139 11102 15955
20156 13982 28680
13982 20156 28680
28680 13982 20156
9453 15714 26652
26652 9453 15714
15714 9453 26652
4067 6220 17131
17131 4067 6220
6220 4067 17131
8024 15429 18134
15429 8024 18134
18134 8024 15429
9601 4894 14312
4894 9601 14312
14312 4894 9601
5129 27446 29279
29279 5129 27446
27446 5129 29279
21848 23528 25522
25522 21848 23528
23528 21848 25522
8607 14378 28240
28240 8607 14378
14378 8607 28240
23161 13365 24219
24219 13365 23161
13365 23161 24219
23958 5523 22036
22036 5523 23958
5523 22036 23958
12304 10881 23727
10881 12304 23727
23727 10881 12304
942 510 28795
510 942 28795
28795 510 942
22408 6655 23134
6655 22408 23134
23134 6655 22408
27115 2824 14476
2824 14476 27115
14476 2824 27115
3261 2321 23189
2321 3261 23189
23189 2321 3261
16149 9772 15776
9772 15776 16149
15776 9772 16149
3781 183 22429
183 3781 22429
22429 183 3781
14841 3049 25893
25893 3049 14841
3049 14841 25893
6959 6462 14732
14732 6462 6959
6462 6959 14732
11104 3405 15277
15277 3405 11104
3405 11104 15277
18463 9128 10097
9128 10097 18463
10097 9128 18463
19822 20181 26594
26594 19822 20181
20181 19822 26594
19127 21445 23302
23302 19127 21445
21445 19127 23302
13220 9711 10822
10822 9711 13220
9711 10822 13220
19483 17631 20692
20692 17631 19483
17631 19483 20692
19350 2033 14606
2033 14606 19350
14606 2033 19350
18881 16279 19406
19406 16279 18881
16279 18881 19406
5759 2857 15490
2857 5759 15490
15490 2857 5759
10585 15659 23932
15659 10585 23932
23932 10585 15659
26615 5742 13084
5742 13084 26615
13084 5742 26615
18445 644 5769
5769 644 18445
644 5769 18445
17144 11727 24373
24373 11727 17144
11727 17144 24373
6187 6054 6219
6054 6187 6219
6219 6054 6187
8260 5106 22566
22566 5106 8260
5106 8260 22566
21979 16046 29611
29611 16046 21979
16046 21979 29611
16786 17793 29240
29240 16786 17793
17793 16786 29240
27755 10325 18537
10325 18537 27755
18537 10325 27755
9325 21363 21917
21917 9325 21363
21363 9325 21917
10286 26536 28164
26536 10286 28164
28164 10286 26536
5029 703 11940
11940 703 5029
703 5029 11940
9095 15517 16063
16063 9095 15517
15517 9095 16063
20857 7390 13975
7390 13975 20857
13975 7390 20857
4764 21699 24207
21699 4764 24207
24207 4764 21699
2043 11036 15306
11036 2043 15306
15306 2043 11036
9534 10247 15754
15754 9534 10247
10247 9534 15754
3168 1834 17566
17566 1834 3168
1834 3168 17566
20249 6344 6509
6509 6344 20249
6344 6509 20249
6730 12560 26493
12560 6730 26493
26493 6730 12560
7059 9496 17980
17980 7059 9496
9496 7059 17980
25386 8616 23100
8616 23100 25386
23100 8616 25386
22264 19473 22291
19473 22264 22291
22291 19473 22264
17204 4904 29669
4904 17204 29669
29669 4904 17204
18717 26359 27702
26359 18717 27702
27702 18717 26359
13248 832 26810
832 13248 26810
26810 832 13248
9825 27137 27485
27485 9825 27137
27137 9825 27485
28735 5340 29711
5340 28735 29711
29711 5340 28735
25805 18247 29105
29105 18247 25805
18247 25805 29105
2059 3667 4023
4023 2059 3667
3667 2059 4023
11570 13528 19339
19339 11570 13528
13528 11570 19339
19184 1295 24621
24621 1295 19184
1295 19184 24621
25218 17830 26524
17830 25218 26524
26524 17830 25218
21285 12822 23382
12822 21285 23382
23382 12822 21285
4386 3572 16918
16918 3572 4386
3572 4386 16918
2409 10875 16108
10875 2409 16108
16108 2409 10875
3234 2908 12775
12775 2908 3234
2908 3234 12775
24796 13391 27744
27744 13391 24796
13391 24796 27744
7033 1121 22034
22034 1121 7033
1121 7033 22034
18064 5680 23340
5680 18064 23340
23340 5680 18064
11360 6702 13226
13226 6702 11360
6702 11360 13226
26286 10397 23061
23061 10397 26286
10397 23061 26286
13063 5758 7336
5758 7336 13063
7336 5758 13063
10563 6361 6891
6891 6361 10563
6361 6891 10563
19497 20805 29235
20805 19497 29235
29235 19497 20805
13007 17044 26331
26331 13007 17044
17044 13007 26331
23598 9747 27235
9747 23598 27235
27235 9747 23598
4734 1410 19747
1410 4734 19747
19747 1410 4734
16964 1987 16119
1987 16119 16964
16119 1987 16964
12598 11960 14792
11960 12598 14792
14792 11960 12598
1344 4319 6302
6302 1344 4319
4319 1344 6302
18852 15290 17242
17242 15290 18852
15290 17242 18852
21508 5844 9473
9473 5844 21508
5844 9473 21508
1675 19165 22265
19165 1675 22265
22265 1675 19165
14820 23169 24574
23169 14820 24574
24574 14820 23169
25803 23092 29340
23092 25803 29340
29340 23092 25803
20450 9349 21695
9349 20450 21695
21695 9349 20450
12071 18283 21449
21449 12071 18283
18283 12071 21449
18980 9199 24482
24482 9199 18980
9199 18980 24482
8037 2833 8406
8406 2833 8037
2833 8037 8406
13491 7999 15975
15975 7999 13491
7999 13491 15975
11707 25503 26392
25503 11707 26392
26392 11707 25503
11591 9206 20612
20612 9206 11591
9206 11591 20612
26079 8660 13591
8660 13591 26079
13591 8660 26079
21048 15524 25877
15524 21048 25877
25877 15524 21048
22790 11056 24661
24661 11056 22790
11056 22790 24661
23229 10297 23059
10297 23059 23229
23059 10297 23229
9734 11030 17850
17850 9734 11030
11030 9734 17850
12070 3565 9785
9785 3565 12070
3565 9785 12070
8006 12537 14555
12537 8006 14555
14555 8006 12537
16451 7784 11476
11476 7784 16451
7784 11476 16451
549 11081 12794
12794 549 11081
11081 549 12794
13989 4417 9328
4417 9328 13989
9328 4417 13989
11412 7485 10184
7485 10184 11412
10184 7485 11412
16212 7452 23277
7452 16212 23277
23277 7452 16212
29076 16585 25809
16585 25809 29076
25809 16585 29076
29355 4232 21645
21645 4232 29355
4232 21645 29355
22076 8030 27562
27562 8030 22076
8030 22076 27562
11687 9769 9988
9988 9769 11687
9769 9988 11687
11037 14772 25963
14772 11037 25963
25963 11037 14772
350 13460 21524
13460 350 21524
21524 350 13460
26985 5859 15521
5859 15521 26985
15521 5859 26985
19652 20040 27957
27957 19652 20040
20040 19652 27957
13792 15404 26876
26876 13792 15404
15404 13792 26876
19355 1507 23143
23143 1507 19355
1507 19355 23143
24344 4731 29180
29180 4731 24344
4731 24344 29180
3140 17548 26323
26323 3140 17548
17548 3140 26323
17092 6818 28533
6818 17092 28533
28533 6818 17092
17592 16421 26910
16421 17592 26910
26910 16421 17592
23754 3488 20060
20060 3488 23754
3488 20060 23754
19081 5785 18418
5785 18418 19081
18418 5785 19081
25156 3541 9502
3541 9502 25156
9502 3541 25156
3099 10461 28867
10461 3099 28867
28867 3099 10461
14894 1455 15596
1455 14894 15596
15596 1455 14894
18212 3946 15089
3946 15089 18212
15089 3946 18212
11919 15164 24367
15164 11919 24367
24367 11919 15164
11647 4965 10594
4965 10594 11647
10594 4965 11647
29630 6851 10231
6851 10231 29630
10231 6851 29630
23457 26036 28670
28670 23457 26036
26036 23457 28670
21115 13102 27285
13102 21115 27285
27285 13102 21115
6828 20085 26628
26628 6828 20085
20085 6828 26628
18200 2199 22086
22086 2199 18200
2199 18200 22086
17116 4063 29025
29025 4063 17116
4063 17116 29025
2827 16157 23490
23490 2827 16157
16157 2827 23490
24466 11337 24505
24505 11337 24466
11337 24466 24505
25470 230 11083
230 11083 25470
11083 230 25470
16561 8586 19093
8586 16561 19093
19093 8586 16561
28231 19416 23324
19416 23324 28231
23324 19416 28231
12487 2325 14381
2325 12487 14381
14381 2325 12487
8960 694 14153
14153 694 8960
694 8960 14153
7923 9595 11684
11684 7923 9595
9595 7923 11684
26606 19144 22009
19144 22009 26606
22009 19144 26606
13525 18604 25279
18604 13525 25279
25279 13525 18604
7568 1907 26433
26433 1907 7568
1907 7568 26433
28485 6306 13243
13243 6306 28485
6306 13243 28485
23719 3699 10153
3699 10153 23719
10153 3699 23719
22087 9843 22875
22875 9843 22087
9843 22087 22875
17346 3904 18804
3904 17346 18804
18804 3904 17346
21263 999 10432
999 10432 21263
10432 999 21263
4346 13345 27959
13345 4346 27959
27959 4346 13345
25392 3190 7136
3190 7136 25392
7136 3190 25392
6890 14021 20689
14021 6890 20689
20689 6890 14021
20082 5419 16616
5419 16616 20082
16616 5419 20082
18962 7459 25260
25260 7459 18962
7459 18962 25260
21605 16587 21778
21778 16587 21605
16587 21605 21778
29423 10169 22864
22864 10169 29423
10169 22864 29423
18805 810 20988
20988 810 18805
810 18805 20988
5627 20029 28492
28492 5627 20029
20029 5627 28492
5267 14572 26423
14572 5267 26423
26423 5267 14572
1497 6062 28441
28441 1497 6062
6062 1497 28441
8675 12580 29542
29542 8675 12580
12580 8675 29542
22633 18938 29386
29386 18938 22633
18938 22633 29386
15847 6540 29215
6540 15847 29215
29215 6540 15847
8308 12610 29833
29833 8308 12610
12610 8308 29833
3059 5440 20348
5440 3059 20348
20348 3059 5440
3887 5075 24565
24565 3887 5075
5075 3887 24565
25591 4414 17160
17160 4414 25591
4414 17160 25591
17086 941 17979
17979 941 17086
941 17086 17979
24377 1836 29438
29438 1836 24377
1836 24377 29438
11431 9947 27962
27962 9947 11431
9947 11431 27962
8251 5398 29707
29707 5398 8251
5398 8251 29707
29071 6158 22757
22757 6158 29071
6158 22757 29071
1754 10610 13346
13346 1754 10610
10610 1754 13346
13406 10859 14278
10859 13406 14278
14278 10859 13406
14953 9246 22008
22008 9246 14953
9246 14953 22008
23650 16273 25285
16273 23650 25285
25285 16273 23650
8370 23074 25545
23074 8370 25545
25545 8370 23074
7541 9430 22726
22726 7541 9430
9430 7541 22726
24701 19991 20429
20429 19991 24701
19991 20429 24701
9347 14964 27777
27777 9347 14964
14964 9347 27777
12188 4813 16071
4813 12188 16071
16071 4813 12188
2079 3433 4867
3433 2079 4867
4867 2079 3433
19392 4624 13910
4624 13910 19392
13910 4624 19392
13222 22696 25119
25119 13222 22696
22696 13222 25119
22403 4191 20559
4191 20559 22403
20559 4191 22403
19116 4713 18762
4713 18762 19116
18762 4713 19116
29871 2232 19062
2232 19062 29871
19062 2232 29871
11119 8393 10420
8393 10420 11119
10420 8393 11119
8309 12679 26636
26636 8309 12679
12679 8309 26636
7624 15219 29191
15219 7624 29191
29191 7624 15219
994 10987 21792
10987 994 21792
21792 994 10987
1897 6178 19731
6178 1897 19731
19731 1897 6178
20264 13838 14029
13838 14029 20264
14029 13838 20264
15561 4971 16865
4971 15561 16865
16865 4971 15561
28333 21556 28869
28869 21556 28333
21556 28333 28869
2643 14666 15287
15287 2643 14666
14666 2643 15287
21490 10719 26250
10719 21490 26250
26250 10719 21490
29700 16315 20045
16315 20045 29700
20045 16315 29700
6586 15008 18744
18744 6586 15008
15008 6586 18744
25513 1037 24294
24294 1037 25513
1037 24294 25513
358 15630 22532
