803 7489 28505
7489 803 28505
28505 803 7489
6185 12826 20718
12826 6185 20718
20718 6185 12826
21727 8107 21065
8107 21065 21727
21065 8107 21727
4918 14009 22547
22547 4918 14009
14009 4918 22547
21448 6955 7017
7017 6955 21448
6955 7017 21448
6435 21289 29858
29858 6435 21289
21289 6435 29858
20005 1133 28503
1133 20005 28503
28503 1133 20005
2818 2853 22628
2853 2818 22628
22628 2818 2853
6153 2789 26089
2789 6153 26089
26089 2789 6153
9437 13990 29423
13990 9437 29423
29423 9437 13990
24240 6217 16305
16305 6217 24240
6217 16305 24240
1305 7914 18603
18603 1305 7914
7914 1305 18603
530 1145 23661
23661 530 1145
1145 530 23661
16062 6729 28734
28734 6729 16062
6729 16062 28734
7347 9126 13739
13739 7347 9126
9126 7347 13739
24501 791 24622
791 24501 24622
24622 791 24501
6183 3040 7103
7103 3040 6183
3040 6183 7103
9612 3379 25384
3379 9612 25384
25384 3379 9612
838 2625 11201
2625 838 11201
11201 838 2625
5879 514 7453
514 5879 7453
7453 514 5879
14115 16339 23564
16339 14115 23564
23564 14115 16339
19692 6966 19688
6966 19688 19692
19688 6966 19692
9558 25693 25790
25790 9558 25693
25693 9558 25790
22707 9154 9878
9154 9878 22707
9878 9154 22707
24145 18973 28438
18973 24145 28438
28438 18973 24145
10809 13585 19571
13585 10809 19571
19571 10809 13585
12789 4258 27881
27881 4258 12789
4258 12789 27881
23344 19201 19279
19279 19201 23344
19201 19279 23344
17835 2547 23132
23132 2547 17835
2547 17835 23132
16804 776 25987
25987 776 16804
776 16804 25987
6147 4431 18638
18638 4431 6147
4431 6147 18638
7098 1650 20154
20154 1650 7098
1650 7098 20154
23234 1637 27722
27722 1637 23234
1637 23234 27722
4528 7988 19333
19333 4528 7988
7988 4528 19333
24555 7907 18058
18058 7907 24555
7907 18058 24555
27014 22360 24411
24411 22360 27014
22360 24411 27014
19383 8369 11002
8369 11002 19383
11002 8369 19383
14207 9123 18804
9123 14207 18804
18804 9123 14207
14513 3002 4199
3002 4199 14513
4199 3002 14513
931 14486 28152
28152 931 14486
14486 931 28152
14116 1610 19469
1610 14116 19469
19469 1610 14116
2478 20662 28737
28737 2478 20662
20662 2478 28737
13772 17044 18720
17044 13772 18720
18720 13772 17044
2069 19343 25605
19343 2069 25605
25605 2069 19343
6027 23240 27378
23240 6027 27378
27378 6027 23240
3595 1561 4784
4784 1561 3595
1561 3595 4784
14359 23716 26009
23716 14359 26009
26009 14359 23716
1399 5197 15785
15785 1399 5197
5197 1399 15785
3943 15323 24798
15323 3943 24798
24798 3943 15323
1303 5693 16728
16728 1303 5693
5693 1303 16728
26718 3916 26224
26224 3916 26718
3916 26224 26718
10868 24228 29427
29427 10868 24228
24228 10868 29427
27282 11508 28472
11508 27282 28472
28472 11508 27282
20217 8849 24665
8849 20217 24665
24665 8849 20217
3259 6836 24457
6836 3259 24457
24457 3259 6836
8791 1617 25977
1617 8791 25977
25977 1617 8791
29652 21173 27229
21173 27229 29652
27229 21173 29652
11969 12555 24107
12555 11969 24107
24107 11969 12555
27157 5009 12741
5009 12741 27157
12741 5009 27157
3902 6583 28487
6583 3902 28487
28487 3902 6583
8230 7448 8587
7448 8230 8587
8587 7448 8230
23767 954 17245
954 17245 23767
17245 954 23767
28003 5023 21742
5023 21742 28003
21742 5023 28003
28127 6090 18589
6090 18589 28127
18589 6090 28127
4836 21806 24352
21806 4836 24352
24352 4836 21806
25578 15602 28372
28372 15602 25578
15602 25578 28372
19334 13496 14804
13496 14804 19334
14804 13496 19334
17400 2579 4315
4315 2579 17400
2579 4315 17400
1045 7 20285
20285 7 1045
7 1045 20285
23207 23357 24683
23357 23207 24683
24683 23207 23357
20550 10493 12436
10493 12436 20550
12436 10493 20550
21224 20712 22613
20712 21224 22613
22613 20712 21224
24430 17629 21397
17629 21397 24430
21397 17629 24430
190 8964 19674
19674 190 8964
8964 190 19674
24514 1767 1962
1962 1767 24514
1767 1962 24514
16040 7546 16396
7546 16040 16396
16396 7546 16040
8281 2871 17239
2871 8281 17239
17239 2871 8281
4979 4876 15439
15439 4876 4979
4876 4979 15439
17322 9844 18900
18900 9844 17322
9844 17322 18900
16594 18149 19345
19345 16594 18149
18149 16594 19345
7746 11642 14736
14736 7746 11642
11642 7746 14736
4703 2742 20218
2742 4703 20218
20218 2742 4703
13698 20032 28386
28386 13698 20032
20032 13698 28386
10409 2117 28030
28030 2117 10409
2117 10409 28030
25338 1086 15784
15784 1086 25338
1086 15784 25338
18822 20317 25099
25099 18822 20317
20317 18822 25099
10522 11589 16164
16164 10522 11589
11589 10522 16164
26162 15423 22302
15423 22302 26162
22302 15423 26162
4741 1770 7011
1770 4741 7011
7011 1770 4741
25531 24022 27756
24022 25531 27756
27756 24022 25531
22884 8986 26003
8986 22884 26003
26003 8986 22884
18667 16383 23203
16383 18667 23203
23203 16383 18667
21257 15779 20888
15779 20888 21257
20888 15779 21257
1419 14749 25236
25236 1419 14749
14749 1419 25236
20529 4264 4799
4264 4799 20529
4799 4264 20529
58 5503 15500
5503 58 15500
15500 58 5503
25199 14067 19013
14067 19013 25199
19013 14067 25199
10356 3832 26114
26114 3832 10356
3832 10356 26114
21809 20758 29258
29258 20758 21809
20758 21809 29258
10666 2103 20754
2103 10666 20754
20754 2103 10666
13667 836 13352
836 13352 13667
13352 836 13667
28820 2391 13948
13948 2391 28820
2391 13948 28820
28937 8013 12732
12732 8013 28937
8013 12732 28937
17881 9341 21691
21691 9341 17881
9341 17881 21691
24694 11748 21921
21921 11748 24694
11748 21921 24694
1348 8868 24232
24232 1348 8868
8868 1348 24232
15494 13254 26433
26433 13254 15494
13254 15494 26433
11991 5317 25130
5317 11991 25130
25130 5317 11991
19972 14131 25795
14131 19972 25795
25795 14131 19972
9596 2058 29333
2058 9596 29333
29333 2058 9596
14759 11504 29628
29628 11504 14759
11504 14759 29628
7670 20771 27091
27091 7670 20771
20771 7670 27091
13782 20402 20859
20402 13782 20859
20859 13782 20402
19470 12064 20044
12064 19470 20044
20044 12064 19470
26850 19280 27687
27687 19280 26850
19280 26850 27687
24544 2788 20437
20437 2788 24544
2788 20437 24544
25775 3851 6297
6297 3851 25775
3851 6297 25775
25810 8773 21149
21149 8773 25810
8773 21149 25810
20067 14981 18195
18195 14981 20067
14981 18195 20067
14240 2535 14141
2535 14141 14240
14141 2535 14240
2154 4794 28662
28662 2154 4794
4794 2154 28662
29703 6020 28549
28549 6020 29703
6020 28549 29703
8321 2153 9906
2153 8321 9906
9906 2153 8321
20769 11092 24030
11092 20769 24030
24030 11092 20769
28490 4899 15405
4899 15405 28490
15405 4899 28490
2091 7584 12950
12950 2091 7584
7584 2091 12950
25162 11124 23655
11124 23655 25162
23655 11124 25162
29909 2636 28976
28976 2636 29909
2636 28976 29909
1591 12379 19416
12379 1591 19416
19416 1591 12379
12494 5335 9889
9889 5335 12494
5335 9889 12494
5438 16322 23389
16322 5438 23389
23389 5438 16322
1850 7925 12144
7925 1850 12144
12144 1850 7925
9404 88 4953
4953 88 9404
88 4953 9404
21203 6265 16245
6265 16245 21203
16245 6265 21203
17399 17820 26317
17820 17399 26317
26317 17399 17820
8114 16237 17574
17574 8114 16237
16237 8114 17574
7747 6389 24138
24138 6389 7747
6389 7747 24138
18570 2732 17039
17039 2732 18570
2732 17039 18570
29396 11081 23461
23461 11081 29396
11081 23461 29396
1603 2404 16569
2404 1603 16569
16569 1603 2404
16479 21611 24219
21611 16479 24219
24219 16479 21611
3710 22800 24290
24290 3710 22800
22800 3710 24290
29320 14506 28677
14506 28677 29320
28677 14506 29320
2686 29467 29524
29467 2686 29524
29524 2686 29467
20410 3872 28617
3872 20410 28617
28617 3872 20410
16129 993 24163
993 16129 24163
24163 993 16129
29470 10486 27723
27723 10486 29470
10486 27723 29470
23164 495 16716
16716 495 23164
495 16716 23164
25413 16995 24328
24328 16995 25413
16995 24328 25413
11261 213 12559
213 11261 12559
12559 213 11261
1135 5285 7702
5285 1135 7702
7702 1135 5285
26408 15211 19822
15211 19822 26408
19822 15211 26408
1966 15020 29899
29899 1966 15020
15020 1966 29899
10271 18785 27375
18785 10271 27375
27375 10271 18785
19132 12136 19744
12136 19132 19744
19744 12136 19132
20766 1123 28221
28221 1123 20766
1123 20766 28221
14922 15581 25000
25000 14922 15581
15581 14922 25000
20965 7357 14699
7357 14699 20965
14699 7357 20965
21006 12073 23459
23459 12073 21006
12073 21006 23459
20234 10519 13203
13203 10519 20234
10519 13203 20234
11347 5518 23351
23351 5518 11347
5518 11347 23351
8073 2158 8556
8556 2158 8073
2158 8073 8556
13434 13992 29770
29770 13434 13992
13992 13434 29770
28972 25323 27393
25323 27393 28972
27393 25323 28972
9315 11574 19068
11574 9315 19068
19068 9315 11574
5495 1473 17828
1473 5495 17828
17828 1473 5495
19921 14389 15829
14389 15829 19921
15829 14389 19921
28560 15625 22492
15625 22492 28560
22492 15625 28560
14329 10760 28329
10760 14329 28329
28329 10760 14329
15588 15572 24606
24606 15572 15588
15572 15588 24606
14136 18275 21710
21710 14136 18275
18275 14136 21710
21557 7402 29418
7402 21557 29418
29418 7402 21557
23883 1715 19978
1715 19978 23883
19978 1715 23883
6756 19727 27720
19727 6756 27720
27720 6756 19727
25090 13730 18721
13730 18721 25090
18721 13730 25090
19219 10425 24739
24739 10425 19219
10425 19219 24739
408 9102 22612
9102 408 22612
22612 408 9102
12090 16280 20215
16280 12090 20215
20215 12090 16280
13416 16340 17537
16340 13416 17537
17537 13416 16340
6986 393 29234
29234 393 6986
393 6986 29234
15870 4524 12454
12454 4524 15870
4524 12454 15870
22018 15956 23884
23884 15956 22018
15956 22018 23884
1424 13974 28701
28701 1424 13974
13974 1424 28701
10167 22199 23163
23163 10167 22199
22199 10167 23163
17162 12112 14740
14740 12112 17162
12112 14740 17162
1897 22244 22415
22415 1897 22244
22244 1897 22415
25600 5979 22611
5979 22611 25600
22611 5979 25600
18523 16774 20452
20452 16774 18523
16774 18523 20452
17436 15796 28956
28956 15796 17436
15796 17436 28956
27851 7893 9745
7893 9745 27851
9745 7893 27851
768 4361 23017
23017 768 4361
4361 768 23017
6877 1440 19209
1440 6877 19209
19209 1440 6877
2141 13485 26907
26907 2141 13485
13485 2141 26907
17393 10040 14839
10040 14839 17393
14839 10040 17393
6313 16355 24224
16355 6313 24224
24224 6313 16355
2033 449 8301
449 2033 8301
8301 449 2033
27489 11311 25050
11311 25050 27489
25050 11311 27489
6521 629 2473
2473 629 6521
629 2473 6521
27954 10807 15838
10807 15838 27954
15838 10807 27954
22401 12299 13072
12299 13072 22401
13072 12299 22401
21062 25394 29804
29804 21062 25394
25394 21062 29804
27555 61 24651
61 24651 27555
24651 61 27555
15114 9318 29908
9318 15114 29908
29908 9318 15114
24449 17359 28864
17359 24449 28864
28864 17359 24449
6645 6632 19757
19757 6632 6645
6632 6645 19757
2288 47 28591
47 2288 28591
28591 47 2288
7884 3650 19339
3650 7884 19339
19339 3650 7884
27960 5586 21796
21796 5586 27960
5586 21796 27960
18211 8704 9436
9436 8704 18211
8704 9436 18211
1268 15913 19918
19918 1268 15913
15913 1268 19918
859 1748 8802
8802 859 1748
1748 859 8802
21350 6367 28664
6367 21350 28664
28664 6367 21350
9166 14548 26546
26546 9166 14548
14548 9166 26546
26829 23324 27494
27494 23324 26829
23324 26829 27494
9824 22013 25465
22013 9824 25465
25465 9824 22013
16101 13801 27955
13801 16101 27955
27955 13801 16101
10111 15242 22760
22760 10111 15242
15242 10111 22760
5019 20478 23352
23352 5019 20478
20478 5019 23352
20512 59 12951
12951 59 20512
59 12951 20512
15825 7214 18922
7214 15825 18922
18922 7214 15825
1382 3132 26538
3132 1382 26538
26538 1382 3132
2409 3996 8721
8721 2409 3996
3996 2409 8721
18800 3502 19102
19102 3502 18800
3502 18800 19102
3312 18400 28403
18400 3312 28403
28403 3312 18400
12134 5642 28171
5642 12134 28171
28171 5642 12134
28608 1289 18700
1289 18700 28608
18700 1289 28608
14619 25031 29009
29009 14619 25031
25031 14619 29009
28002 3800 11928
11928 3800 28002
3800 11928 28002
4884 3063 9709
9709 3063 4884
3063 4884 9709
16720 1144 19194
19194 1144 16720
1144 16720 19194
7803 15915 18067
15915 7803 18067
18067 7803 15915
24464 21041 26140
26140 21041 24464
21041 24464 26140
4522 7276 21744
7276 4522 21744
21744 4522 7276
6433 5935 13068
5935 6433 13068
13068 5935 6433
27602 22395 28125
22395 27602 28125
28125 22395 27602
18387 10599 18263
18263 10599 18387
10599 18263 18387
7271 20637 25054
20637 7271 25054
25054 7271 20637
9304 3738 21707
3738 9304 21707
21707 3738 9304
6577 4187 18100
4187 6577 18100
18100 4187 6577
191 25815 29733
25815 191 29733
29733 191 25815
22693 802 17282
17282 802 22693
802 17282 22693
16354 3440 15271
15271 3440 16354
3440 15271 16354
3749 930 20940
20940 930 3749
930 3749 20940
27236 1219 25306
1219 25306 27236
25306 1219 27236
11263 19199 28040
28040 11263 19199
19199 11263 28040
15807 4986 25270
25270 4986 15807
4986 15807 25270
2037 4737 26751
4737 2037 26751
26751 2037 4737
26334 9512 28394
9512 26334 28394
28394 9512 26334
1173 20038 27371
20038 1173 27371
27371 1173 20038
24856 8681 13956
8681 13956 24856
13956 8681 24856
10257 11059 19487
11059 10257 19487
19487 10257 11059
21698 455 22130
22130 455 21698
455 21698 22130
540 9871 18165
18165 540 9871
9871 540 18165
7607 7277 18562
7277 7607 18562
18562 7277 7607
28072 21311 23338
21311 23338 28072
23338 21311 28072
28497 4610 17622
17622 4610 28497
4610 17622 28497
123 8965 25756
25756 123 8965
8965 123 25756
9532 11392 17618
11392 9532 17618
17618 9532 11392
6459 7631 8788
7631 6459 8788
8788 6459 7631
4385 13463 21057
13463 4385 21057
21057 4385 13463
12629 8708 18026
8708 12629 18026
18026 8708 12629
8903 4302 20323
20323 4302 8903
4302 8903 20323
25166 8488 22324
8488 22324 25166
22324 8488 25166
23047 16463 18646
18646 16463 23047
16463 18646 23047
24488 871 24348
24348 871 24488
871 24348 24488
3787 4291 26591
4291 3787 26591
26591 3787 4291
16875 6380 28752
28752 6380 16875
6380 16875 28752
25095 19005 25393
19005 25095 25393
25393 19005 25095
22902 28924 29482
28924 22902 29482
29482 22902 28924
1619 6549 11779
11779 1619 6549
6549 1619 11779
4732 370 18453
370 4732 18453
18453 370 4732
27001 18490 27682
27682 18490 27001
18490 27001 27682
28194 12981 26154
12981 26154 28194
26154 12981 28194
15533 1816 5544
1816 5544 15533
5544 1816 15533
4614 7265 27237
7265 4614 27237
27237 4614 7265
24682 17192 21986
17192 21986 24682
21986 17192 24682
14285 11986 24410
24410 11986 14285
11986 14285 24410
4177 7230 21370
7230 4177 21370
21370 4177 7230
466 6658 29091
6658 466 29091
29091 466 6658
6648 1775 5735
5735 1775 6648
1775 5735 6648
26773 4147 26532
26532 4147 26773
4147 26532 26773
3678 3439 19323
19323 3439 3678
3439 3678 19323
12928 16856 23097
23097 12928 16856
16856 12928 23097
7379 4032 24271
24271 4032 7379
4032 7379 24271
10481 5326 14369
14369 5326 10481
5326 10481 14369
2863 5250 7542
7542 2863 5250
5250 2863 7542
12645 9841 24371
9841 12645 24371
24371 9841 12645
11468 12330 13923
13923 11468 12330
12330 11468 13923
20243 16963 28674
16963 20243 28674
28674 16963 20243
19728 21693 25486
21693 19728 25486
25486 19728 21693
1836 20435 27359
20435 1836 27359
27359 1836 20435
24883 5079 12770
5079 12770 24883
12770 5079 24883
23831 10910 24864
10910 23831 24864
24864 10910 23831
19720 622 10600
10600 622 19720
622 10600 19720
19485 18297 20549
18297 19485 20549
20549 18297 19485
26706 5374 16333
5374 16333 26706
16333 5374 26706
17028 15614 17569
15614 17028 17569
17569 15614 17028
15823 9530 17411
17411 9530 15823
9530 15823 17411
14397 5452 16736
5452 14397 16736
16736 5452 14397
21764 860 18642
18642 860 21764
860 18642 21764
28877 16113 20563
16113 20563 28877
20563 16113 28877
29307 1276 2868
2868 1276 29307
1276 2868 29307
29947 5157 22231
5157 22231 29947
22231 5157 29947
28698 4570 13636
13636 4570 28698
4570 13636 28698
16328 12593 25169
12593 16328 25169
25169 12593 16328
15174 6608 18234
6608 15174 18234
18234 6608 15174
3714 545 16739
545 3714 16739
16739 545 3714
6694 1681 26908
26908 1681 6694
1681 6694 26908
27139 2017 2852
2017 2852 27139
2852 2017 27139
95 4021 24598
24598 95 4021
4021 95 24598
15386 16792 29759
29759 15386 16792
16792 15386 29759
4310 16472 28666
16472 4310 28666
28666 4310 16472
4197 2437 13931
13931 2437 4197
2437 4197 13931
7656 3061 9995
9995 3061 7656
3061 7656 9995
10887 18518 22374
18518 10887 22374
22374 10887 18518
23058 874 24504
874 23058 24504
24504 874 23058
4124 20750 20978
20978 4124 20750
20750 4124 20978
22444 7082 17002
17002 7082 22444
7082 17002 22444
13659 3233 20664
3233 13659 20664
20664 3233 13659
25488 11434 20682
11434 20682 25488
20682 11434 25488
41 10315 26024
26024 41 10315
10315 41 26024
10078 10727 16765
16765 10078 10727
10727 10078 16765
24037 3362 7137
3362 7137 24037
7137 3362 24037
13607 2356 27796
2356 13607 27796
27796 2356 13607
5237 20454 28006
28006 5237 20454
20454 5237 28006
16317 1383 15978
1383 15978 16317
15978 1383 16317
5661 16575 25819
16575 5661 25819
25819 5661 16575
10911 9761 24736
9761 10911 24736
24736 9761 10911
8022 16083 26321
26321 8022 16083
16083 8022 26321
29000 3331 6388
3331 6388 29000
6388 3331 29000
2798 7662 20943
20943 2798 7662
7662 2798 20943
11074 8530 11900
8530 11074 11900
11900 8530 11074
4733 5047 29436
5047 4733 29436
29436 4733 5047
14418 1406 15426
15426 1406 14418
1406 14418 15426
23201 8854 22692
22692 8854 23201
8854 22692 23201
29398 2176 17238
2176 17238 29398
17238 2176 29398
10074 11926 26000
11926 10074 26000
26000 10074 11926
20353 3114 24669
3114 20353 24669
24669 3114 20353
26955 13766 16058
13766 16058 26955
16058 13766 26955
18884 12795 28242
28242 12795 18884
12795 18884 28242
9194 19774 25298
19774 9194 25298
25298 9194 19774
15137 2107 8071
8071 2107 15137
2107 8071 15137
14162 13043 27364
27364 13043 14162
13043 14162 27364
26736 14559 17909
17909 14559 26736
14559 17909 26736
26484 8726 17990
17990 8726 26484
8726 17990 26484
11911 3385 16922
3385 11911 16922
16922 3385 11911
3503 2922 13079
2922 3503 13079
13079 2922 3503
5198 16527 29290
16527 5198 29290
29290 5198 16527
23148 6397 7942
7942 6397 23148
6397 7942 23148
3918 13179 17130
13179 3918 17130
17130 3918 13179
16236 12625 21022
21022 12625 16236
12625 16236 21022
10773 4567 22432
22432 4567 10773
4567 10773 22432
20994 1462 19964
19964 1462 20994
1462 19964 20994
17023 7854 15001
15001 7854 17023
7854 15001 17023
4616 14909 24330
24330 4616 14909
14909 4616 24330
27382 18576 20319
18576 20319 27382
20319 18576 27382
25460 14105 25761
25761 14105 25460
14105 25460 25761
12031 1815 10383
1815 10383 12031
10383 1815 12031
26922 8552 9872
8552 9872 26922
9872 8552 26922
21036 15292 22308
22308 15292 21036
15292 21036 22308
27400 16627 18005
18005 16627 27400
16627 18005 27400
6070 1669 19801
19801 1669 6070
1669 6070 19801
21864 24472 25455
24472 21864 25455
25455 21864 24472
27423 20198 29386
20198 27423 29386
29386 20198 27423
13051 6550 7238
7238 6550 13051
6550 7238 13051
23153 1344 18201
1344 18201 23153
18201 1344 23153
22738 1312 28483
1312 22738 28483
28483 1312 22738
635 5061 14309
5061 635 14309
14309 635 5061
15084 2258 26460
26460 2258 15084
2258 15084 26460
905 3346 14722
14722 905 3346
3346 905 14722
17235 9654 17718
17718 9654 17235
9654 17235 17718
23614 9079 17650
9079 17650 23614
17650 9079 23614
1171 6460 15416
15416 1171 6460
6460 1171 15416
11917 14381 24187
24187 11917 14381
14381 11917 24187
15173 2728 28254
2728 15173 28254
28254 2728 15173
741 3659 23038
23038 741 3659
3659 741 23038
25940 12293 28200
28200 12293 25940
12293 25940 28200
18120 10438 14023
10438 14023 18120
14023 10438 18120
28618 2997 17972
2997 17972 28618
17972 2997 28618
18046 17465 20244
20244 17465 18046
17465 18046 20244
423 19286 23241
19286 423 23241
23241 423 19286
27463 22778 28382
28382 22778 27463
22778 27463 28382
28965 11404 26704
26704 11404 28965
11404 26704 28965
28399 9723 11920
9723 11920 28399
11920 9723 28399
28988 10478 29384
10478 28988 29384
29384 10478 28988
10023 7435 20334
7435 10023 20334
20334 7435 10023
25335 8458 20260
20260 8458 25335
8458 20260 25335
23178 1550 18812
18812 1550 23178
1550 18812 23178
13366 10414 11742
11742 10414 13366
10414 11742 13366
9196 1778 21010
21010 1778 9196
1778 9196 21010
28159 5821 20219
20219 5821 28159
5821 20219 28159
20487 25269 27409
27409 20487 25269
25269 20487 27409
18383 22066 24454
24454 18383 22066
22066 18383 24454
12405 1292 3963
3963 1292 12405
1292 3963 12405
2793 8 29249
8 2793 29249
29249 8 2793
13220 17995 26516
26516 13220 17995
17995 13220 26516
27886 1914 5936
5936 1914 27886
1914 5936 27886
21267 3279 4119
3279 4119 21267
4119 3279 21267
25922 12 1864
1864 12 25922
12 1864 25922
28553 4842 10064
4842 10064 28553
10064 4842 28553
21695 8520 13410
13410 8520 21695
8520 13410 21695
1675 21812 22721
22721 1675 21812
21812 1675 22721
23745 3143 26266
26266 3143 23745
3143 23745 26266
1478 383 826
383 826 1478
826 383 1478
17988 14526 25601
14526 17988 25601
25601 14526 17988
875 12451 13153
13153 875 12451
12451 875 13153
8952 24063 28280
28280 8952 24063
24063 8952 28280
25927 9005 29708
9005 25927 29708
29708 9005 25927
23826 5373 26492
26492 5373 23826
5373 23826 26492
5037 4905 23237
4905 5037 23237
23237 4905 5037
5866 4716 21192
21192 4716 5866
4716 5866 21192
13131 257 29995
257 13131 29995
29995 257 13131
8490 1930 13162
13162 1930 8490
1930 8490 13162
6206 15601 25278
15601 6206 25278
25278 6206 15601
25196 2 11204
11204 2 25196
2 11204 25196
26056 5416 13100
5416 13100 26056
13100 5416 26056
9717 13819 26985
26985 9717 13819
13819 9717 26985
29990 11379 16648
16648 11379 29990
11379 16648 29990
6383 17421 28620
17421 6383 28620
28620 6383 17421
1645 18591 18955
18955 1645 18591
18591 1645 18955
14557 4514 23469
4514 14557 23469
23469 4514 14557
4642 24623 28325
28325 4642 24623
24623 4642 28325
8138 3842 20560
20560 3842 8138
3842 8138 20560
25777 4791 13955
13955 4791 25777
4791 13955 25777
10128 4387 13353
4387 10128 13353
13353 4387 10128
19983 10179 25560
25560 10179 19983
10179 19983 25560
8401 27784 29340
27784 8401 29340
29340 8401 27784
19962 14510 28612
14510 19962 28612
28612 14510 19962
24001 5078 23005
23005 5078 24001
5078 23005 24001
19256 22010 28626
28626 19256 22010
22010 19256 28626
12734 13920 26641
13920 12734 26641
26641 12734 13920
13715 6634 7014
6634 7014 13715
7014 6634 13715
8794 687 15435
687 8794 15435
15435 687 8794
7198 18993 19206
18993 7198 19206
19206 7198 18993
28982 18751 18765
18765 18751 28982
18751 18765 28982
19301 13391 23088
13391 19301 23088
23088 13391 19301
8524 8669 14199
8669 8524 14199
14199 8524 8669
17603 10529 17933
17933 10529 17603
10529 17603 17933
17057 7281 8132
7281 8132 17057
8132 7281 17057
3393 2245 9046
9046 2245 3393
2245 3393 9046
24398 20175 28703
28703 20175 24398
20175 24398 28703
22385 7570 26936
26936 7570 22385
7570 22385 26936
9601 6330 28825
28825 6330 9601
6330 9601 28825
23260 287 20142
287 20142 23260
20142 287 23260
3677 8830 23587
23587 3677 8830
8830 3677 23587
8260 579 26370
26370 579 8260
579 8260 26370
14245 14962 19129
14962 14245 19129
19129 14245 14962
17817 6038 29914
29914 6038 17817
6038 17817 29914
20705 24368 29529
24368 20705 29529
29529 20705 24368
15005 3814 7300
7300 3814 15005
3814 7300 15005
6171 3931 7936
7936 3931 6171
3931 6171 7936
19739 34 5069
5069 34 19739
34 5069 19739
21502 9699 13271
9699 13271 21502
13271 9699 21502
4909 2916 3737
2916 3737 4909
3737 2916 4909
23625 24703 28034
24703 23625 28034
28034 23625 24703
1974 2525 15778
2525 1974 15778
15778 1974 2525
22086 1401 18042
1401 18042 22086
18042 1401 22086
4011 18608 18769
18608 4011 18769
18769 4011 18608
24994 549 12448
12448 549 24994
549 12448 24994
783 1647 25948
1647 783 25948
25948 783 1647
23121 1731 25796
25796 1731 23121
1731 23121 25796
4013 7088 9255
9255 4013 7088
7088 4013 9255
19915 1427 2659
1427 2659 19915
2659 1427 19915
2119 13760 22930
22930 2119 13760
13760 2119 22930
1722 16084 28471
16084 1722 28471
28471 1722 16084
26232 8818 29736
29736 8818 26232
8818 26232 29736
22150 498 4056
4056 498 22150
498 4056 22150
27141 4846 10460
4846 10460 27141
10460 4846 27141
21337 3382 28596
3382 21337 28596
28596 3382 21337
26649 1149 21563
21563 1149 26649
1149 21563 26649
25310 16719 19428
16719 19428 25310
19428 16719 25310
12279 701 2470
701 2470 12279
2470 701 12279
23617 20085 24522
20085 23617 24522
24522 20085 23617
23276 512 25047
25047 512 23276
512 23276 25047
17890 11084 12412
11084 12412 17890
12412 11084 17890
3871 23553 24969
24969 3871 23553
23553 3871 24969
25333 16130 20813
20813 16130 25333
16130 20813 25333
28668 10053 29662
29662 10053 28668
10053 28668 29662
12312 6378 10545
6378 10545 12312
10545 6378 12312
20588 11573 22984
11573 20588 22984
22984 11573 20588
8432 11932 18291
18291 8432 11932
11932 8432 18291
1983 16552 21872
16552 1983 21872
21872 1983 16552
17213 4840 24280
4840 17213 24280
24280 4840 17213
17190 5800 26196
5800 17190 26196
26196 5800 17190
1417 522 13952
522 1417 13952
13952 522 1417
21820 8459 17375
17375 8459 21820
8459 17375 21820
25354 880 8975
8975 880 25354
880 8975 25354
27250 9631 21920
21920 9631 27250
9631 21920 27250
24684 7675 10706
10706 7675 24684
7675 10706 24684
17034 4751 26956
4751 17034 26956
26956 4751 17034
9994 15827 28383
15827 9994 28383
28383 9994 15827
7732 3667 11606
11606 3667 7732
3667 7732 11606
18675 10340 19940
19940 10340 18675
10340 18675 19940
26744 1658 21254
1658 21254 26744
21254 1658 26744
19276 17664 24873
17664 19276 24873
24873 17664 19276
19295 2726 25176
2726 19295 25176
25176 2726 19295
10684 8734 25512
25512 8734 10684
8734 10684 25512
3202 3982 10978
10978 3202 3982
3982 3202 10978
2111 16634 24088
24088 2111 16634
16634 2111 24088
16920 729 22297
22297 729 16920
729 16920 22297
10608 24642 28905
24642 10608 28905
28905 10608 24642
608 18733 26028
26028 608 18733
18733 608 26028
24316 4227 9199
9199 4227 24316
4227 9199 24316
5578 3485 12118
12118 3485 5578
3485 5578 12118
23945 24661 28050
28050 23945 24661
24661 23945 28050
9439 15923 16082
16082 9439 15923
15923 9439 16082
9482 4991 24510
24510 4991 9482
4991 9482 24510
6394 11759 27830
11759 6394 27830
27830 6394 11759
10236 11161 11649
11161 10236 11649
11649 10236 11161
17778 16197 24215
24215 16197 17778
16197 17778 24215
26145 19742 27412
19742 26145 27412
27412 19742 26145
25352 9989 21247
21247 9989 25352
9989 21247 25352
2583 9924 18773
18773 2583 9924
9924 2583 18773
10018 8374 15011
8374 10018 15011
15011 8374 10018
1158 5167 17723
17723 1158 5167
5167 1158 17723
22672 15673 15945
15945 15673 22672
15673 15945 22672
28240 13935 14921
14921 13935 28240
13935 14921 28240
10949 3097 23747
3097 10949 23747
23747 3097 10949
218 22317 29151
22317 218 29151
29151 218 22317
10592 4434 9678
9678 4434 10592
4434 9678 10592
3024 11408 26963
11408 3024 26963
26963 3024 11408
14527 18660 21506
18660 14527 21506
21506 14527 18660
27315 15378 28408
15378 27315 28408
28408 15378 27315
19133 1085 25876
25876 1085 19133
1085 19133 25876
17849 29 28022
29 17849 28022
28022 29 17849
25569 11683 27671
11683 25569 27671
27671 11683 25569
11421 4824 24675
24675 4824 11421
4824 11421 24675
1319 2260 3058
2260 1319 3058
3058 1319 2260
23701 17234 21569
21569 17234 23701
17234 21569 23701
10118 918 15907
15907 918 10118
918 10118 15907
4917 5609 24069
5609 4917 24069
24069 4917 5609
19699 3309 26743
3309 19699 26743
26743 3309 19699
6414 12524 15559
15559 6414 12524
12524 6414 15559
10961 13542 21572
13542 10961 21572
21572 10961 13542
14355 5134 10325
5134 10325 14355
10325 5134 14355
18454 591 25870
25870 591 18454
591 18454 25870
12708 7530 11153
11153 7530 12708
7530 11153 12708
20098 14689 16625
16625 14689 20098
14689 16625 20098
23562 4655 17068
4655 17068 23562
17068 4655 23562
2993 15759 21723
21723 2993 15759
15759 2993 21723
29261 4865 5764
5764 4865 29261
4865 5764 29261
24689 7959 25183
25183 7959 24689
7959 24689 25183
22227 11437 20376
11437 20376 22227
20376 11437 22227
25322 14509 17017
17017 14509 25322
14509 17017 25322
28320 11060 25845
11060 25845 28320
25845 11060 28320
12027 12159 24585
12159 12027 24585
24585 12027 12159
23551 3407 27392
3407 23551 27392
27392 3407 23551
20421 3753 24692
24692 3753 20421
3753 20421 24692
6008 3127 20135
20135 3127 6008
3127 6008 20135
17300 4352 28452
28452 4352 17300
4352 17300 28452
26206 17816 27946
27946 17816 26206
17816 26206 27946
16822 16065 22766
16065 16822 22766
22766 16065 16822
27000 9708 27993
9708 27000 27993
27993 9708 27000
28384 22888 26561
26561 22888 28384
22888 26561 28384
18281 19148 25424
25424 18281 19148
19148 18281 25424
25276 3803 17641
17641 3803 25276
3803 17641 25276
28071 1628 24497
1628 24497 28071
24497 1628 28071
7493 8485 10745
10745 7493 8485
8485 7493 10745
15764 8334 25800
8334 15764 25800
25800 8334 15764
23706 15401 23293
15401 23293 23706
23293 15401 23706
14146 11699 20339
11699 14146 20339
20339 11699 14146
25217 7569 7850
7569 7850 25217
7850 7569 25217
16165 1024 27452
1024 16165 27452
27452 1024 16165
7144 22249 26400
22249 7144 26400
26400 7144 22249
10462 14209 17483
17483 10462 14209
14209 10462 17483
18040 5059 7184
5059 7184 18040
7184 5059 18040
18548 8463 23764
8463 18548 23764
23764 8463 18548
20726 14412 17996
17996 14412 20726
14412 17996 20726
21452 5993 11459
11459 5993 21452
5993 11459 21452
8848 22733 24480
24480 8848 22733
22733 8848 24480
8470 3510 23656
3510 8470 23656
23656 3510 8470
8141 19958 22723
19958 8141 22723
22723 8141 19958
19994 5377 14633
5377 14633 19994
14633 5377 19994
17684 11634 20152
20152 11634 17684
11634 17684 20152
685 4756 20259
4756 685 20259
20259 685 4756
9048 275 14814
275 9048 14814
14814 275 9048
12518 5635 6105
5635 6105 12518
6105 5635 12518
8008 20624 26288
26288 8008 20624
20624 8008 26288
25292 22397 25705
25705 22397 25292
22397 25292 25705
4942 3080 9068
3080 4942 9068
9068 3080 4942
27223 18144 20886
18144 20886 27223
20886 18144 27223
17460 9265 13752
9265 13752 17460
13752 9265 17460
120 439 19612
439 120 19612
19612 120 439
573 14226 18258
18258 573 14226
14226 573 18258
1252 6931 10139
10139 1252 6931
6931 1252 10139
28326 1774 16887
1774 16887 28326
16887 1774 28326
19483 1270 18982
18982 1270 19483
1270 18982 19483
1300 15161 15704
15704 1300 15161
15161 1300 15704
13114 22001 29621
22001 13114 29621
29621 13114 22001
5980 15194 25390
15194 5980 25390
25390 5980 15194
25499 13727 25974
13727 25499 25974
25974 13727 25499
18246 1127 17085
1127 17085 18246
17085 1127 18246
4573 25392 29794
29794 4573 25392
25392 4573 29794
10334 20746 26272
20746 10334 26272
26272 10334 20746
23599 1906 22918
22918 1906 23599
1906 22918 23599
15864 6146 7159
7159 6146 15864
6146 7159 15864
8916 2664 5747
5747 2664 8916
2664 5747 8916
26758 7041 26673
26673 7041 26758
7041 26673 26758
3736 8918 15497
8918 3736 15497
15497 3736 8918
8498 19845 22755
19845 8498 22755
22755 8498 19845
16378 12577 15531
15531 12577 16378
12577 15531 16378
8310 906 13792
13792 906 8310
906 8310 13792
2814 7877 20505
7877 2814 20505
20505 2814 7877
24295 9817 21335
9817 21335 24295
21335 9817 24295
19714 7606 26860
26860 7606 19714
7606 19714 26860
11500 320 27480
320 11500 27480
27480 320 11500
3697 26805 29011
29011 3697 26805
26805 3697 29011
28310 12034 21928
12034 21928 28310
21928 12034 28310
28466 14965 20873
20873 14965 28466
14965 20873 28466
1543 15954 20153
15954 1543 20153
20153 1543 15954
9737 11983 23762
23762 9737 11983
11983 9737 23762
25951 5990 17040
5990 17040 25951
17040 5990 25951
16993 2116 4538
2116 4538 16993
4538 2116 16993
1224 4607 23309
4607 1224 23309
23309 1224 4607
27246 22055 24997
24997 22055 27246
22055 24997 27246
18304 3033 24400
24400 3033 18304
3033 18304 24400
6922 12212 21110
12212 6922 21110
21110 6922 12212
7409 5562 10621
10621 5562 7409
5562 7409 10621
12570 21029 21831
21029 12570 21831
21831 12570 21029
28454 3984 14650
14650 3984 28454
3984 14650 28454
3765 1028 20462
1028 3765 20462
20462 1028 3765
22215 1975 13315
13315 1975 22215
1975 13315 22215
24649 461 555
555 461 24649
461 555 24649
19161 9951 21931
9951 19161 21931
21931 9951 19161
11503 4773 10833
10833 4773 11503
4773 10833 11503
15791 7127 29571
7127 15791 29571
29571 7127 15791
28774 180 20987
20987 180 28774
180 20987 28774
19397 22697 27362
27362 19397 22697
22697 19397 27362
12952 10311 21031
10311 12952 21031
21031 10311 12952
12443 15093 29306
15093 12443 29306
29306 12443 15093
10454 3227 21305
3227 10454 21305
21305 3227 10454
26315 18280 28800
18280 26315 28800
28800 18280 26315
29554 6256 29389
29389 6256 29554
6256 29389 29554
29697 10218 26527
26527 10218 29697
10218 26527 29697
27363 654 20723
20723 654 27363
654 20723 27363
29719 3524 29951
29951 3524 29719
3524 29719 29951
14836 12423 24748
12423 14836 24748
24748 12423 14836
27274 6254 28675
6254 27274 28675
28675 6254 27274
16120 12578 20984
12578 16120 20984
20984 12578 16120
10862 1635 11322
1635 10862 11322
11322 1635 10862
15771 2480 13182
13182 2480 15771
2480 13182 15771
28120 3290 9425
3290 9425 28120
9425 3290 28120
12646 12745 18724
18724 12646 12745
12745 12646 18724
18023 14828 21185
21185 14828 18023
14828 18023 21185
14995 2606 28036
2606 14995 28036
28036 2606 14995
22581 18083 21146
18083 21146 22581
21146 18083 22581
4860 8845 22420
22420 4860 8845
8845 4860 22420
21091 4708 17741
17741 4708 21091
4708 17741 21091
15380 16041 19294
19294 15380 16041
16041 15380 19294
18227 1542 14327
14327 1542 18227
1542 14327 18227
22994 18132 25501
25501 18132 22994
18132 22994 25501
15502 3593 15865
3593 15502 15865
15865 3593 15502
9350 2048 13732
13732 2048 9350
2048 9350 13732
22159 2980 20661
2980 20661 22159
20661 2980 22159
25748 10872 16073
10872 16073 25748
16073 10872 25748
20861 89 2324
89 2324 20861
2324 89 20861
15013 16469 18653
18653 15013 16469
16469 15013 18653
1761 2464 29539
29539 1761 2464
2464 1761 29539
24644 23251 23473
23473 23251 24644
23251 23473 24644
9735 2238 3883
3883 2238 9735
2238 3883 9735
16181 26313 27049
26313 16181 27049
27049 16181 26313
238 7842 17500
7842 238 17500
17500 238 7842
3176 3330 22689
3330 3176 22689
22689 3176 3330
16297 12531 18932
18932 12531 16297
12531 16297 18932
8826 16000 16440
16000 8826 16440
16440 8826 16000
15867 28489 29679
29679 15867 28489
28489 15867 29679
23138 14725 26721
26721 14725 23138
14725 23138 26721
19718 19621 19802
19802 19621 19718
19621 19718 19802
27758 630 16292
16292 630 27758
630 16292 27758
20357 7436 12595
7436 12595 20357
12595 7436 20357
22777 12615 18544
12615 18544 22777
18544 12615 22777
12543 863 28999
28999 863 12543
863 12543 28999
9489 24151 29356
24151 9489 29356
29356 9489 24151
14846 7092 10795
7092 10795 14846
10795 7092 14846
5516 5000 16228
5000 5516 16228
16228 5000 5516
6175 15908 28004
15908 6175 28004
28004 6175 15908
3457 27554 29061
27554 3457 29061
29061 3457 27554
18107 2029 29970
29970 2029 18107
2029 18107 29970
1877 6881 29660
6881 1877 29660
29660 1877 6881
9703 27812 29869
27812 9703 29869
29869 9703 27812
16791 16790 21835
16790 16791 21835
21835 16790 16791
14896 2925 4070
2925 4070 14896
4070 2925 14896
10322 2748 15295
2748 10322 15295
15295 2748 10322
1124 4768 20210
20210 1124 4768
4768 1124 20210
27794 2673 8465
8465 2673 27794
2673 8465 27794
26138 17942 29031
29031 17942 26138
17942 26138 29031
23937 2764 4897
4897 2764 23937
2764 4897 23937
25463 4536 25136
25136 4536 25463
4536 25136 25463
9340 15730 21015
15730 9340 21015
21015 9340 15730
291 1599 28695
1599 291 28695
28695 291 1599
19105 23549 28475
28475 19105 23549
23549 19105 28475
27509 5760 15063
5760 15063 27509
15063 5760 27509
21736 1726 17752
17752 1726 21736
1726 17752 21736
24055 22664 26452
26452 22664 24055
22664 24055 26452
3216 2291 28370
28370 2291 3216
2291 3216 28370
5140 21960 28436
21960 5140 28436
28436 5140 21960
14690 11883 28604
11883 14690 28604
28604 11883 14690
18967 17033 20090
17033 18967 20090
20090 17033 18967
29894 25625 28019
25625 28019 29894
28019 25625 29894
2192 3890 25920
25920 2192 3890
3890 2192 25920
8007 17267 22272
17267 8007 22272
22272 8007 17267
18179 5342 24932
5342 18179 24932
24932 5342 18179
15320 1055 8258
1055 8258 15320
8258 1055 15320
4188 13695 18288
13695 4188 18288
18288 4188 13695
4445 20436 25995
20436 4445 25995
25995 4445 20436
9159 16667 18590
16667 9159 18590
18590 9159 16667
16568 21953 28535
28535 16568 21953
21953 16568 28535
25329 5371 15868
15868 5371 25329
5371 15868 25329
7717 21295 29817
29817 7717 21295
21295 7717 29817
25421 3599 20185
3599 20185 25421
20185 3599 25421
9630 10433 21438
21438 9630 10433
10433 9630 21438
18939 10080 10634
10080 10634 18939
10634 10080 18939
7474 20927 27146
27146 7474 20927
20927 7474 27146
11619 9458 20542
9458 11619 20542
20542 9458 11619
16169 14673 26031
14673 16169 26031
26031 14673 16169
14010 18763 18972
18763 14010 18972
18972 14010 18763
19499 22574 28060
22574 19499 28060
28060 19499 22574
28491 17079 25093
17079 25093 28491
25093 17079 28491
24203 5601 21210
21210 5601 24203
5601 21210 24203
1616 1908 13775
1908 1616 13775
13775 1616 1908
28052 7651 8700
7651 8700 28052
8700 7651 28052
23323 10690 15963
15963 10690 23323
10690 15963 23323
7957 10341 23732
23732 7957 10341
10341 7957 23732
28317 4030 25617
4030 25617 28317
25617 4030 28317
2787 4450 4503
4503 2787 4450
4450 2787 4503
21721 3954 29086
3954 21721 29086
29086 3954 21721
29501 971 17751
17751 971 29501
971 17751 29501
2665 2405 6553
2405 2665 6553
6553 2405 2665
17530 20370 20890
20890 17530 20370
20370 17530 20890
13905 5994 16788
16788 5994 13905
5994 13905 16788
17628 6996 20606
20606 6996 17628
6996 17628 20606
8824 8119 16596
8119 8824 16596
16596 8119 8824
18774 2585 13839
2585 13839 18774
13839 2585 18774
26690 2082 29702
29702 2082 26690
2082 26690 29702
12129 1297 29360
29360 1297 12129
1297 12129 29360
28484 17750 26524
26524 17750 28484
17750 26524 28484
5819 1755 18825
18825 1755 5819
1755 5819 18825
19476 6823 10663
6823 10663 19476
10663 6823 19476
26918 15430 27728
15430 26918 27728
27728 15430 26918
10367 4098 9025
4098 9025 10367
9025 4098 10367
26097 16599 26634
26634 16599 26097
16599 26097 26634
12317 3380 23736
23736 3380 12317
3380 12317 23736
9964 11056 12032
11056 9964 12032
12032 9964 11056
22452 3355 10418
10418 3355 22452
3355 10418 22452
7650 8776 23388
23388 7650 8776
8776 7650 23388
14702 6080 16696
16696 6080 14702
6080 14702 16696
6982 18136 21963
18136 6982 21963
21963 6982 18136
8480 24768 27609
24768 8480 27609
27609 8480 24768
29614 8697 26095
8697 26095 29614
26095 8697 29614
18744 104 13116
13116 104 18744
104 13116 18744
20381 14213 28895
14213 20381 28895
28895 14213 20381
24972 7246 25627
25627 7246 24972
7246 24972 25627
717 537 19073
19073 537 717
537 717 19073
16385 2797 12260
12260 2797 16385
2797 12260 16385
1338 1476 14276
14276 1338 1476
1476 1338 14276
8978 9240 19079
19079 8978 9240
9240 8978 19079
15212 3870 22958
3870 15212 22958
22958 3870 15212
28290 18852 26122
18852 26122 28290
26122 18852 28290
18781 6913 28784
28784 6913 18781
6913 18781 28784
17954 464 18147
464 17954 18147
18147 464 17954
232 8163 28571
28571 232 8163
8163 232 28571
11564 3091 14649
3091 11564 14649
14649 3091 11564
10991 22178 25588
22178 10991 25588
25588 10991 22178
29034 7859 27787
27787 7859 29034
7859 27787 29034
1922 26781 28115
26781 1922 28115
28115 1922 26781
10121 326 14990
326 10121 14990
14990 326 10121
29089 3876 20466
20466 3876 29089
3876 20466 29089
13123 26477 27447
26477 13123 27447
27447 13123 26477
16070 3215 24957
3215 16070 24957
24957 3215 16070
25661 22087 23381
22087 23381 25661
23381 22087 25661
10229 11652 24340
11652 10229 24340
24340 10229 11652
22596 4050 26824
26824 4050 22596
4050 22596 26824
23560 13621 29955
29955 13621 23560
13621 23560 29955
6887 19698 27373
19698 6887 27373
27373 6887 19698
2785 10391 27814
27814 2785 10391
10391 2785 27814
339 9136 11555
11555 339 9136
9136 339 11555
7220 8205 24012
8205 7220 24012
24012 7220 8205
16953 10112 15456
15456 10112 16953
10112 15456 16953
18353 17029 19536
17029 18353 19536
19536 17029 18353
5659 15373 25356
15373 5659 25356
25356 5659 15373
23150 26863 29910
29910 23150 26863
26863 23150 29910
1139 3213 9623
3213 1139 9623
9623 1139 3213
13201 1105 15859
15859 1105 13201
1105 13201 15859
16517 2102 29070
29070 2102 16517
2102 16517 29070
18816 2147 26035
26035 2147 18816
2147 18816 26035
27749 6319 21379
6319 21379 27749
21379 6319 27749
23030 4707 8441
4707 8441 23030
8441 4707 23030
26076 24171 25847
25847 24171 26076
24171 25847 26076
3997 9263 27088
9263 3997 27088
27088 3997 9263
27476 3088 20525
3088 20525 27476
20525 3088 27476
21381 4520 13858
4520 13858 21381
