11598 24709 29907
24709 11598 29907
29907 11598 24709
463 4838 19314
4838 463 19314
19314 463 4838
21451 8538 17292
17292 8538 21451
8538 17292 21451
10975 16959 21130
21130 10975 16959
16959 10975 21130
11734 5249 24468
5249 11734 24468
24468 5249 11734
17030 11761 16553
11761 16553 17030
16553 11761 17030
9870 21239 27541
21239 9870 27541
27541 9870 21239
11405 22138 23575
22138 11405 23575
23575 11405 22138
29480 1321 15613
15613 1321 29480
1321 15613 29480
23592 1276 14855
1276 14855 23592
14855 1276 23592
11387 13378 22751
22751 11387 13378
13378 11387 22751
1568 2401 16782
2401 1568 16782
16782 1568 2401
21591 7465 24473
7465 21591 24473
24473 7465 21591
13509 22981 24327
22981 13509 24327
24327 13509 22981
27306 2108 10142
2108 10142 27306
10142 2108 27306
29474 9071 29220
9071 29220 29474
29220 9071 29474
29392 4097 26204
4097 26204 29392
26204 4097 29392
26785 13257 27435
13257 26785 27435
27435 13257 26785
25875 507 28309
28309 507 25875
507 25875 28309
12200 11742 25440
11742 12200 25440
25440 11742 12200
3371 11433 13480
13480 3371 11433
11433 3371 13480
9558 14613 16909
16909 9558 14613
14613 9558 16909
25410 19740 23689
23689 19740 25410
19740 23689 25410
14239 6224 25977
25977 6224 14239
6224 14239 25977
8877 3020 19436
19436 3020 8877
3020 8877 19436
11924 1463 14135
14135 1463 11924
1463 11924 14135
5754 641 28238
641 5754 28238
28238 641 5754
29432 628 25548
25548 628 29432
628 25548 29432
9604 23213 23379
23213 9604 23379
23379 9604 23213
9676 6897 29276
6897 9676 29276
29276 6897 9676
14369 3141 13634
3141 13634 14369
13634 3141 14369
22173 1021 4897
1021 4897 22173
4897 1021 22173
28868 11482 14840
11482 14840 28868
14840 11482 28868
5428 7216 18320
7216 5428 18320
18320 5428 7216
7238 7180 11472
7180 7238 11472
11472 7180 7238
21511 17693 29673
17693 21511 29673
29673 17693 21511
2077 5831 29533
29533 2077 5831
5831 2077 29533
15984 16268 23153
23153 15984 16268
16268 15984 23153
14423 1497 9653
9653 1497 14423
1497 9653 14423
29509 10447 18906
18906 10447 29509
10447 18906 29509
26059 17951 27430
17951 26059 27430
27430 17951 26059
19676 468 19771
468 19676 19771
19771 468 19676
19419 22609 29066
22609 19419 29066
29066 19419 22609
26224 25012 26298
25012 26224 26298
26298 25012 26224
19345 11246 18185
11246 18185 19345
18185 11246 19345
11503 5764 16627
5764 11503 16627
16627 5764 11503
2136 6978 24669
6978 2136 24669
24669 2136 6978
18124 14417 16204
16204 14417 18124
14417 16204 18124
4474 26641 27368
27368 4474 26641
26641 4474 27368
5391 778 20166
20166 778 5391
778 5391 20166
16461 1202 18406
1202 16461 18406
18406 1202 16461
5963 12201 20120
12201 5963 20120
20120 5963 12201
1469 5214 14281
5214 1469 14281
14281 1469 5214
3678 2049 25831
25831 2049 3678
2049 3678 25831
23174 2433 12902
12902 2433 23174
2433 12902 23174
21092 18128 23530
23530 18128 21092
18128 21092 23530
17535 16540 20935
20935 16540 17535
16540 17535 20935
19101 5553 20314
5553 19101 20314
20314 5553 19101
19956 6663 9360
6663 9360 19956
9360 6663 19956
26120 4118 29065
29065 4118 26120
4118 26120 29065
6095 17419 27985
17419 6095 27985
27985 6095 17419
19941 18824 19454
19454 18824 19941
18824 19454 19941
24458 16106 22104
16106 22104 24458
22104 16106 24458
19529 26747 29132
29132 19529 26747
26747 19529 29132
8732 9826 23010
23010 8732 9826
9826 8732 23010
4915 15126 16096
15126 4915 16096
16096 4915 15126
21098 3309 23099
3309 21098 23099
23099 3309 21098
17362 5539 13711
13711 5539 17362
5539 13711 17362
13667 20096 29928
29928 13667 20096
20096 13667 29928
5336 16297 24285
24285 5336 16297
16297 5336 24285
7820 6974 10628
10628 6974 7820
6974 7820 10628
7854 14326 17086
17086 7854 14326
14326 7854 17086
11969 16765 29612
16765 11969 29612
29612 11969 16765
27732 11075 18214
18214 11075 27732
11075 18214 27732
8358 6304 20827
6304 8358 20827
20827 6304 8358
28512 256 7761
7761 256 28512
256 7761 28512
15992 13957 26622
13957 15992 26622
26622 13957 15992
13698 2032 14125
2032 13698 14125
14125 2032 13698
22196 1547 21657
21657 1547 22196
1547 21657 22196
15216 6757 12189
12189 6757 15216
6757 12189 15216
539 5405 16460
16460 539 5405
5405 539 16460
5263 736 17628
17628 736 5263
736 5263 17628
29456 23324 24646
23324 24646 29456
24646 23324 29456
6103 18209 20081
18209 6103 20081
20081 6103 18209
6487 4249 24181
24181 4249 6487
4249 6487 24181
19866 16477 24294
24294 16477 19866
16477 19866 24294
18763 21652 23310
21652 18763 23310
23310 18763 21652
20872 9779 27999
9779 20872 27999
27999 9779 20872
29373 4678 27032
27032 4678 29373
4678 27032 29373
10359 4025 26040
4025 10359 26040
26040 4025 10359
23303 2711 19127
2711 19127 23303
19127 2711 23303
8694 3086 5615
5615 3086 8694
3086 5615 8694
28429 7790 27874
7790 27874 28429
27874 7790 28429
19204 20359 23520
23520 19204 20359
20359 19204 23520
10910 8443 10662
8443 10662 10910
10662 8443 10910
18908 6397 22994
6397 18908 22994
22994 6397 18908
20091 7849 17632
17632 7849 20091
7849 17632 20091
11802 21404 23048
23048 11802 21404
21404 11802 23048
20694 13995 17559
13995 17559 20694
17559 13995 20694
24814 21163 24965
24965 21163 24814
21163 24814 24965
4665 12892 29035
12892 4665 29035
29035 4665 12892
2456 14511 25235
14511 2456 25235
25235 2456 14511
29505 8506 23866
23866 8506 29505
8506 23866 29505
26872 5032 13053
5032 13053 26872
13053 5032 26872
1079 9859 25502
9859 1079 25502
25502 1079 9859
12973 2007 3738
3738 2007 12973
2007 3738 12973
23969 9786 17820
17820 9786 23969
9786 17820 23969
7608 6559 8147
8147 6559 7608
6559 7608 8147
3454 488 12330
12330 488 3454
488 3454 12330
28908 16149 24826
16149 24826 28908
24826 16149 28908
15292 9298 21126
21126 9298 15292
9298 15292 21126
23503 2644 12305
12305 2644 23503
2644 12305 23503
10409 2225 15210
15210 2225 10409
2225 10409 15210
6630 16578 28474
16578 6630 28474
28474 6630 16578
25488 9378 18051
9378 18051 25488
18051 9378 25488
5185 13015 14631
14631 5185 13015
13015 5185 14631
13038 3885 16681
16681 3885 13038
3885 13038 16681
12107 3042 15411
3042 12107 15411
15411 3042 12107
4927 2328 24108
24108 2328 4927
2328 4927 24108
3034 10237 17723
10237 3034 17723
17723 3034 10237
17013 2874 16943
2874 16943 17013
16943 2874 17013
28392 3180 18182
18182 3180 28392
3180 18182 28392
10070 3251 20072
20072 3251 10070
3251 10070 20072
10733 4951 12986
12986 4951 10733
4951 10733 12986
3317 7036 9072
7036 3317 9072
9072 3317 7036
9765 2242 15616
2242 9765 15616
15616 2242 9765
25114 6695 15114
6695 15114 25114
15114 6695 25114
15053 431 17036
431 15053 17036
17036 431 15053
14143 9399 21927
21927 9399 14143
9399 14143 21927
18475 17556 27720
17556 18475 27720
27720 17556 18475
8907 14115 21111
21111 8907 14115
14115 8907 21111
29923 3778 25916
3778 25916 29923
25916 3778 29923
15694 7844 20216
7844 15694 20216
20216 7844 15694
25259 16820 17234
17234 16820 25259
16820 17234 25259
24045 19653 23024
23024 19653 24045
19653 23024 24045
27459 25976 29824
25976 27459 29824
29824 25976 27459
25651 5935 18621
5935 18621 25651
18621 5935 25651
27146 425 16279
16279 425 27146
425 16279 27146
13792 21180 28096
21180 13792 28096
28096 13792 21180
29856 838 13396
13396 838 29856
838 13396 29856
28204 1952 29247
29247 1952 28204
1952 28204 29247
29869 21471 22886
22886 21471 29869
21471 22886 29869
29256 17889 27950
17889 27950 29256
27950 17889 29256
7211 1053 4536
4536 1053 7211
1053 4536 7211
12732 279 1152
1152 279 12732
279 1152 12732
16499 8588 20073
20073 8588 16499
8588 16499 20073
16135 18207 23265
18207 16135 23265
23265 16135 18207
29218 285 23290
23290 285 29218
285 23290 29218
8525 7232 7888
7888 7232 8525
7232 7888 8525
4756 4030 16507
16507 4030 4756
4030 4756 16507
11477 8162 27867
8162 11477 27867
27867 8162 11477
17587 18739 26073
26073 17587 18739
18739 17587 26073
23567 4282 24412
4282 23567 24412
24412 4282 23567
5299 17033 19672
17033 5299 19672
19672 5299 17033
8031 25569 28367
25569 8031 28367
28367 8031 25569
1238 1368 14058
14058 1238 1368
1368 1238 14058
21771 4680 24349
4680 21771 24349
24349 4680 21771
7999 2312 19385
2312 7999 19385
19385 2312 7999
21109 3426 12852
3426 12852 21109
12852 3426 21109
19970 7880 11337
11337 7880 19970
7880 11337 19970
18410 16514 17505
16514 17505 18410
17505 16514 18410
20301 6013 17885
6013 17885 20301
17885 6013 20301
22742 11934 29909
11934 22742 29909
29909 11934 22742
16113 52 10056
52 10056 16113
10056 52 16113
22982 18467 21493
21493 18467 22982
18467 21493 22982
14540 3019 3705
3019 3705 14540
3705 3019 14540
28635 19079 19423
19423 19079 28635
19079 19423 28635
8952 19661 19807
19661 8952 19807
19807 8952 19661
10853 23293 25460
23293 10853 25460
25460 10853 23293
15637 9936 15271
15271 9936 15637
9936 15271 15637
14067 5617 17394
17394 5617 14067
5617 14067 17394
992 6768 10027
6768 992 10027
10027 992 6768
26714 18253 23259
18253 23259 26714
23259 18253 26714
12515 23552 28450
28450 12515 23552
23552 12515 28450
15714 15988 17137
17137 15714 15988
15988 15714 17137
917 573 29805
573 917 29805
29805 573 917
18341 7026 12881
7026 12881 18341
12881 7026 18341
9357 15303 22709
15303 9357 22709
22709 9357 15303
22686 5575 9659
9659 5575 22686
5575 9659 22686
9934 5133 11626
11626 5133 9934
5133 9934 11626
25604 422 9728
422 9728 25604
9728 422 25604
13538 11745 24052
11745 13538 24052
24052 11745 13538
13552 12173 22724
12173 13552 22724
22724 12173 13552
8673 26183 29642
29642 8673 26183
26183 8673 29642
6891 5554 6425
6425 5554 6891
5554 6425 6891
17971 4374 16908
4374 16908 17971
16908 4374 17971
105 5164 17844
5164 105 17844
17844 105 5164
18514 9613 21498
21498 9613 18514
9613 18514 21498
14845 1459 13548
1459 13548 14845
13548 1459 14845
7990 762 14967
14967 762 7990
762 7990 14967
25528 3574 19097
3574 19097 25528
19097 3574 25528
23425 10959 18310
10959 18310 23425
18310 10959 23425
11052 19613 28055
28055 11052 19613
19613 11052 28055
1832 10890 26565
26565 1832 10890
10890 1832 26565
24042 13065 14821
13065 14821 24042
14821 13065 24042
2664 10678 29093
29093 2664 10678
10678 2664 29093
26686 2081 28524
2081 26686 28524
28524 2081 26686
23128 253 5489
253 5489 23128
5489 253 23128
7868 3125 10276
10276 3125 7868
3125 7868 10276
22740 3546 26347
26347 3546 22740
3546 22740 26347
27632 5500 18993
5500 18993 27632
18993 5500 27632
25588 16700 29430
29430 16700 25588
16700 25588 29430
877 5191 19952
5191 877 19952
19952 877 5191
3391 1609 22339
22339 1609 3391
1609 3391 22339
113 16574 18148
16574 113 18148
18148 113 16574
11274 3779 25395
3779 11274 25395
25395 3779 11274
8020 15410 19806
19806 8020 15410
15410 8020 19806
17592 22213 27446
27446 17592 22213
22213 17592 27446
29419 14362 29158
29158 14362 29419
14362 29158 29419
22280 12932 15881
12932 15881 22280
15881 12932 22280
14605 1863 24103
24103 1863 14605
1863 14605 24103
3900 11 8275
8275 11 3900
11 3900 8275
9462 861 19321
19321 861 9462
861 9462 19321
24196 3936 14823
3936 14823 24196
14823 3936 24196
10785 8167 9847
8167 9847 10785
9847 8167 10785
28203 13188 21358
13188 21358 28203
21358 13188 28203
16949 5713 9972
5713 9972 16949
9972 5713 16949
7140 3921 28001
28001 3921 7140
3921 7140 28001
16948 4633 19012
19012 4633 16948
4633 16948 19012
9854 12432 29968
29968 9854 12432
12432 9854 29968
9137 14059 21532
21532 9137 14059
14059 9137 21532
12295 1508 3129
1508 3129 12295
3129 1508 12295
18002 21805 26994
21805 18002 26994
26994 18002 21805
2073 11352 25679
25679 2073 11352
11352 2073 25679
21051 7104 13372
7104 13372 21051
13372 7104 21051
14764 11118 24789
24789 11118 14764
11118 14764 24789
25620 1523 19190
19190 1523 25620
1523 19190 25620
26700 1858 12704
12704 1858 26700
1858 12704 26700
9114 7631 7975
7975 7631 9114
7631 7975 9114
26859 10560 27887
10560 26859 27887
27887 10560 26859
745 8223 22220
8223 745 22220
22220 745 8223
8841 6637 24702
24702 6637 8841
6637 8841 24702
14296 3289 25439
25439 3289 14296
3289 14296 25439
14584 236 29737
236 14584 29737
29737 236 14584
25205 9038 14444
9038 14444 25205
14444 9038 25205
2914 21569 28612
21569 2914 28612
28612 2914 21569
17686 3464 16181
16181 3464 17686
3464 16181 17686
11066 322 21200
21200 322 11066
322 11066 21200
1743 1108 22093
22093 1108 1743
1108 1743 22093
8899 2645 26377
26377 2645 8899
2645 8899 26377
4326 6621 26328
26328 4326 6621
6621 4326 26328
3661 17179 28806
28806 3661 17179
17179 3661 28806
13976 7299 24359
24359 7299 13976
7299 13976 24359
15559 23150 26719
23150 15559 26719
26719 15559 23150
18121 11302 27108
11302 18121 27108
27108 11302 18121
21818 20044 20952
20044 20952 21818
20952 20044 21818
12652 3201 15561
3201 12652 15561
15561 3201 12652
26444 6344 21138
6344 21138 26444
21138 6344 26444
16336 17280 22717
22717 16336 17280
17280 16336 22717
27896 7488 24105
7488 24105 27896
24105 7488 27896
10454 11291 14997
11291 10454 14997
14997 10454 11291
24790 17065 26851
17065 24790 26851
26851 17065 24790
20609 8665 26526
26526 8665 20609
8665 20609 26526
4247 1949 8318
8318 1949 4247
1949 4247 8318
13153 20033 28216
20033 13153 28216
28216 13153 20033
20529 5726 9233
9233 5726 20529
5726 9233 20529
3866 11334 18504
18504 3866 11334
11334 3866 18504
24906 12431 12638
12638 12431 24906
12431 12638 24906
19899 1362 21619
21619 1362 19899
1362 19899 21619
14390 26499 29541
29541 14390 26499
26499 14390 29541
13971 23505 27221
23505 13971 27221
27221 13971 23505
28677 9456 14791
14791 9456 28677
9456 14791 28677
24156 19727 27638
27638 19727 24156
19727 24156 27638
16346 769 15043
15043 769 16346
769 15043 16346
4634 8974 21726
8974 4634 21726
21726 4634 8974
14882 7208 14992
7208 14882 14992
14992 7208 14882
10319 2299 16040
2299 10319 16040
16040 2299 10319
12630 1989 4237
4237 1989 12630
1989 4237 12630
25469 16332 16556
16556 16332 25469
16332 16556 25469
7818 2244 5307
5307 2244 7818
2244 5307 7818
7373 973 19356
973 7373 19356
19356 973 7373
10972 16060 26624
26624 10972 16060
16060 10972 26624
25925 13143 13447
13447 13143 25925
13143 13447 25925
8813 23468 24250
23468 8813 24250
24250 8813 23468
653 16445 29023
16445 653 29023
29023 653 16445
15176 7167 27909
7167 15176 27909
27909 7167 15176
16385 16483 22326
16483 16385 22326
22326 16385 16483
20169 1814 16348
16348 1814 20169
1814 16348 20169
10721 9791 20542
20542 9791 10721
9791 10721 20542
28688 4861 11059
11059 4861 28688
4861 11059 28688
10361 1171 6968
1171 6968 10361
6968 1171 10361
8915 4946 25088
25088 4946 8915
4946 8915 25088
7992 24162 25591
24162 7992 25591
25591 7992 24162
19198 5942 11860
5942 11860 19198
11860 5942 19198
19088 162 14162
14162 162 19088
162 14162 19088
23341 2756 10904
2756 10904 23341
10904 2756 23341
1454 25137 27219
27219 1454 25137
25137 1454 27219
24159 1875 14120
14120 1875 24159
1875 14120 24159
5536 6791 27232
6791 5536 27232
27232 5536 6791
16821 11105 12865
12865 11105 16821
11105 12865 16821
29513 473 2336
473 2336 29513
2336 473 29513
2598 337 8065
8065 337 2598
337 2598 8065
28637 470 3873
3873 470 28637
470 3873 28637
23477 3170 15276
15276 3170 23477
3170 15276 23477
28487 11166 24967
24967 11166 28487
11166 24967 28487
21781 14746 24273
24273 14746 21781
14746 21781 24273
25836 13096 22056
22056 13096 25836
13096 22056 25836
29483 13992 26137
26137 13992 29483
13992 26137 29483
3831 13470 29662
13470 3831 29662
29662 3831 13470
7533 20212 22642
22642 7533 20212
20212 7533 22642
8793 10677 20468
10677 8793 20468
20468 8793 10677
3501 5266 7610
7610 3501 5266
5266 3501 7610
1605 14585 17927
17927 1605 14585
14585 1605 17927
26187 21255 26809
26809 21255 26187
21255 26187 26809
9127 5009 25195
5009 9127 25195
25195 5009 9127
10814 3599 27741
3599 10814 27741
27741 3599 10814
14565 6168 8480
8480 6168 14565
6168 8480 14565
10783 3410 15006
3410 10783 15006
15006 3410 10783
27366 5949 20734
20734 5949 27366
5949 20734 27366
18362 1967 18081
18081 1967 18362
1967 18081 18362
28798 2605 8402
8402 2605 28798
2605 8402 28798
14449 6313 13239
6313 13239 14449
13239 6313 14449
9358 4071 11500
11500 4071 9358
4071 9358 11500
5095 5584 18359
18359 5095 5584
5584 5095 18359
8521 3046 13041
3046 8521 13041
13041 3046 8521
27271 24403 29092
24403 27271 29092
29092 24403 27271
25432 141 13515
13515 141 25432
141 13515 25432
21231 14665 17831
17831 14665 21231
14665 17831 21231
26752 3959 6461
3959 6461 26752
6461 3959 26752
22124 5026 24842
24842 5026 22124
5026 22124 24842
19309 4837 18164
18164 4837 19309
4837 18164 19309
22565 2410 20009
2410 20009 22565
20009 2410 22565
9501 7574 12191
7574 9501 12191
12191 7574 9501
2472 18139 18262
18262 2472 18139
18139 2472 18262
13821 22141 28306
22141 13821 28306
28306 13821 22141
15543 5504 24216
24216 5504 15543
5504 15543 24216
16882 4544 22239
22239 4544 16882
4544 16882 22239
5134 23834 27209
27209 5134 23834
23834 5134 27209
17338 10799 29457
29457 10799 17338
10799 17338 29457
19215 5412 11374
11374 5412 19215
5412 11374 19215
24822 6210 12529
6210 12529 24822
12529 6210 24822
16637 9980 14365
14365 9980 16637
9980 14365 16637
28750 1774 23109
1774 23109 28750
23109 1774 28750
4723 1983 10525
10525 1983 4723
1983 4723 10525
10856 13203 16293
16293 10856 13203
13203 10856 16293
7407 9922 23857
9922 7407 23857
23857 7407 9922
29485 9400 26569
26569 9400 29485
9400 26569 29485
22757 5296 15316
15316 5296 22757
5296 15316 22757
6463 13507 21124
13507 6463 21124
21124 6463 13507
20923 19566 29870
29870 19566 20923
19566 20923 29870
22355 24121 26765
26765 22355 24121
24121 22355 26765
1658 4050 7133
4050 1658 7133
7133 1658 4050
19546 13486 20124
20124 13486 19546
13486 19546 20124
11289 23088 27350
23088 11289 27350
27350 11289 23088
8466 18849 19677
18849 8466 19677
19677 8466 18849
7874 1714 7346
7346 1714 7874
1714 7346 7874
2111 1855 29812
29812 1855 2111
1855 2111 29812
8810 6792 15401
15401 6792 8810
6792 8810 15401
23764 5889 13767
5889 13767 23764
13767 5889 23764
767 20118 25705
25705 767 20118
20118 767 25705
12281 12240 13081
13081 12240 12281
12240 12281 13081
12594 11774 24153
11774 12594 24153
24153 11774 12594
9578 19500 19642
19500 9578 19642
19642 9578 19500
8228 12606 23561
12606 8228 23561
23561 8228 12606
11688 4179 4564
4564 4179 11688
4179 4564 11688
23364 7141 9603
7141 9603 23364
9603 7141 23364
3399 755 2137
755 2137 3399
2137 755 3399
9868 17311 26030
26030 9868 17311
17311 9868 26030
985 23564 28066
28066 985 23564
23564 985 28066
15476 7539 29594
29594 7539 15476
7539 15476 29594
5950 346 17998
17998 346 5950
346 5950 17998
28221 15659 25384
25384 15659 28221
15659 25384 28221
5721 99 10203
99 5721 10203
10203 99 5721
18313 1553 4508
4508 1553 18313
1553 4508 18313
18518 1067 7093
7093 1067 18518
1067 7093 18518
23474 5049 15175
5049 15175 23474
15175 5049 23474
16394 701 1972
1972 701 16394
701 1972 16394
10726 17614 18488
18488 10726 17614
17614 10726 18488
4063 898 4303
4303 898 4063
898 4063 4303
5042 14367 27752
27752 5042 14367
14367 5042 27752
11970 5653 23052
23052 5653 11970
5653 11970 23052
26104 14514 22445
14514 22445 26104
22445 14514 26104
15721 1764 7850
1764 7850 15721
7850 1764 15721
27727 2249 22480
22480 2249 27727
2249 22480 27727
19713 15848 24850
15848 19713 24850
24850 15848 19713
28583 2967 17361
2967 17361 28583
17361 2967 28583
14199 12885 15677
12885 14199 15677
15677 12885 14199
23726 28095 29719
28095 23726 29719
29719 23726 28095
6987 13008 29486
29486 6987 13008
13008 6987 29486
13834 2009 22149
2009 13834 22149
22149 2009 13834
4868 16462 23693
23693 4868 16462
16462 4868 23693
8041 8072 29008
29008 8041 8072
8072 8041 29008
11948 1724 13126
13126 1724 11948
1724 11948 13126
26961 8454 28016
8454 26961 28016
28016 8454 26961
3167 107 10698
107 3167 10698
10698 107 3167
12814 4119 25056
4119 12814 25056
25056 4119 12814
6815 4562 5998
5998 4562 6815
4562 5998 6815
21160 13998 19335
19335 13998 21160
13998 19335 21160
16590 28656 29978
29978 16590 28656
28656 16590 29978
8448 23302 29701
29701 8448 23302
23302 8448 29701
9587 13138 22639
22639 9587 13138
13138 9587 22639
4540 16170 19121
19121 4540 16170
16170 4540 19121
1296 15482 17859
17859 1296 15482
15482 1296 17859
5771 2767 13295
2767 5771 13295
13295 2767 5771
12072 10117 25022
25022 10117 12072
10117 12072 25022
26358 15061 24706
15061 24706 26358
24706 15061 26358
24754 2603 24364
24364 2603 24754
2603 24364 24754
20311 19074 19517
19074 19517 20311
19517 19074 20311
16522 3097 22922
22922 3097 16522
3097 16522 22922
27628 19716 28854
19716 27628 28854
28854 19716 27628
16427 12363 25677
12363 16427 25677
25677 12363 16427
19599 1049 5510
5510 1049 19599
1049 5510 19599
25359 5368 5437
5437 5368 25359
5368 5437 25359
27855 15993 19438
19438 15993 27855
15993 19438 27855
20551 21982 29789
29789 20551 21982
21982 20551 29789
25026 3303 20466
3303 20466 25026
20466 3303 25026
9730 735 7127
7127 735 9730
735 7127 9730
19851 6381 25806
25806 6381 19851
6381 19851 25806
13697 7794 26014
7794 13697 26014
26014 7794 13697
19685 29372 29616
29372 19685 29616
29616 19685 29372
10507 10907 13484
10907 10507 13484
13484 10507 10907
29111 4947 9268
9268 4947 29111
4947 9268 29111
29792 6508 18871
18871 6508 29792
6508 18871 29792
29786 5589 29608
5589 29608 29786
29608 5589 29786
8051 2060 14465
14465 2060 8051
2060 8051 14465
15888 15404 18245
18245 15404 15888
15404 15888 18245
16117 8438 11419
11419 8438 16117
8438 11419 16117
28452 10160 26649
10160 26649 28452
26649 10160 28452
20823 7281 12722
7281 12722 20823
12722 7281 20823
540 10514 13090
10514 540 13090
13090 540 10514
9316 21946 23160
21946 9316 23160
23160 9316 21946
3503 2796 7306
2796 3503 7306
7306 2796 3503
1674 4655 28911
28911 1674 4655
4655 1674 28911
25802 4768 25575
4768 25575 25802
25575 4768 25802
7752 15731 28653
28653 7752 15731
15731 7752 28653
6973 6774 9213
6774 6973 9213
9213 6774 6973
1209 7475 24817
24817 1209 7475
7475 1209 24817
23566 12788 26239
26239 12788 23566
12788 23566 26239
18866 7126 16497
16497 7126 18866
7126 16497 18866
4542 12403 22319
22319 4542 12403
12403 4542 22319
8013 9224 16769
16769 8013 9224
9224 8013 16769
27872 18211 28042
28042 18211 27872
18211 27872 28042
17359 7568 16629
7568 16629 17359
16629 7568 17359
18325 3108 5014
5014 3108 18325
3108 5014 18325
3425 6284 20731
6284 3425 20731
20731 3425 6284
3004 9747 15493
9747 3004 15493
15493 3004 9747
23547 8370 29073
8370 23547 29073
29073 8370 23547
29427 4186 25301
25301 4186 29427
4186 25301 29427
126 6837 8120
6837 126 8120
8120 126 6837
16182 24183 24724
24183 16182 24724
24724 16182 24183
11722 1895 27939
1895 11722 27939
27939 1895 11722
17439 13611 17349
17349 13611 17439
13611 17349 17439
6183 21973 28575
28575 6183 21973
21973 6183 28575
20068 16203 17569
17569 16203 20068
16203 17569 20068
7290 2775 14716
14716 2775 7290
2775 7290 14716
14396 18601 27309
27309 14396 18601
18601 14396 27309
30000 1191 25707
25707 1191 30000
1191 25707 30000
7197 9726 17996
9726 7197 17996
17996 7197 9726
13991 10637 22908
10637 13991 22908
22908 10637 13991
1931 6271 27133
27133 1931 6271
6271 1931 27133
3324 13006 26037
13006 3324 26037
26037 3324 13006
18246 10997 13235
13235 10997 18246
10997 13235 18246
20928 2573 3488
3488 2573 20928
2573 3488 20928
28375 13943 16144
13943 16144 28375
16144 13943 28375
25550 26740 27280
26740 25550 27280
27280 25550 26740
5447 4068 28348
4068 5447 28348
28348 4068 5447
20431 593 10981
593 10981 20431
10981 593 20431
5869 12984 27018
12984 5869 27018
27018 5869 12984
5259 25341 27692
27692 5259 25341
25341 5259 27692
25841 11520 26563
11520 25841 26563
26563 11520 25841
1784 4055 16124
16124 1784 4055
4055 1784 16124
14922 12649 20626
12649 14922 20626
20626 12649 14922
21753 2647 29442
2647 21753 29442
29442 2647 21753
18979 401 10991
10991 401 18979
401 10991 18979
3300 7420 29145
29145 3300 7420
7420 3300 29145
389 6084 20562
20562 389 6084
6084 389 20562
27591 2450 9992
2450 9992 27591
9992 2450 27591
16800 20305 26496
26496 16800 20305
20305 16800 26496
15131 6673 19906
19906 6673 15131
6673 15131 19906
9955 8418 15268
8418 9955 15268
15268 8418 9955
8612 22295 28679
28679 8612 22295
22295 8612 28679
28549 9188 16467
16467 9188 28549
9188 16467 28549
18742 5966 26981
5966 18742 26981
26981 5966 18742
23140 1186 27258
27258 1186 23140
1186 23140 27258
20121 3609 22398
3609 20121 22398
22398 3609 20121
28069 14424 15960
15960 14424 28069
14424 15960 28069
25397 12786 15240
15240 12786 25397
12786 15240 25397
29210 7561 18474
18474 7561 29210
7561 18474 29210
22044 368 26758
368 22044 26758
26758 368 22044
23236 7035 13186
7035 13186 23236
13186 7035 23236
11413 4223 5745
4223 5745 11413
5745 4223 11413
13028 19509 25473
19509 13028 25473
25473 13028 19509
4609 5749 6825
5749 4609 6825
6825 4609 5749
21574 6208 28483
28483 6208 21574
6208 21574 28483
24040 23524 26977
26977 23524 24040
23524 24040 26977
10936 1911 22078
1911 10936 22078
22078 1911 10936
5880 15903 18264
15903 5880 18264
18264 5880 15903
29669 7890 20895
7890 20895 29669
20895 7890 29669
20147 26528 28522
28522 20147 26528
26528 20147 28522
4753 2083 15766
2083 4753 15766
15766 2083 4753
14486 19240 25602
25602 14486 19240
19240 14486 25602
29171 8018 20195
20195 8018 29171
8018 20195 29171
25572 27149 29649
27149 25572 29649
29649 25572 27149
19135 14819 21243
21243 14819 19135
14819 19135 21243
11112 12031 22085
12031 11112 22085
22085 11112 12031
14166 14425 19714
14425 14166 19714
19714 14166 14425
370 8865 28665
28665 370 8865
8865 370 28665
3840 11593 26214
26214 3840 11593
11593 3840 26214
28970 35 4827
35 4827 28970
4827 35 28970
28976 3424 6730
6730 3424 28976
3424 6730 28976
18172 18499 19590
19590 18172 18499
18499 18172 19590
20310 1059 21838
21838 1059 20310
1059 20310 21838
18089 12282 13815
12282 13815 18089
13815 12282 18089
3538 1878 15165
1878 3538 15165
15165 1878 3538
26874 13650 18843
18843 13650 26874
13650 18843 26874
28516 14804 24580
14804 24580 28516
24580 14804 28516
8146 22827 24351
22827 8146 24351
24351 8146 22827
28179 19690 25462
19690 25462 28179
25462 19690 28179
25215 652 21580
652 21580 25215
21580 652 25215
1753 14741 25853
25853 1753 14741
14741 1753 25853
19016 12728 19994
12728 19016 19994
19994 12728 19016
29434 491 16587
491 16587 29434
16587 491 29434
20139 13735 29226
13735 20139 29226
29226 13735 20139
4735 343 4788
343 4735 4788
4788 343 4735
8628 5140 22320
22320 5140 8628
5140 8628 22320
5392 2844 6985
6985 2844 5392
2844 5392 6985
27178 303 6185
6185 303 27178
303 6185 27178
19655 7401 13831
13831 7401 19655
7401 13831 19655
28176 4904 5068
4904 5068 28176
5068 4904 28176
29315 12808 13291
12808 13291 29315
13291 12808 29315
14587 4386 18449
18449 4386 14587
4386 14587 18449
10968 6431 23097
6431 10968 23097
23097 6431 10968
15168 20951 23481
20951 15168 23481
23481 15168 20951
19008 9331 13067
13067 9331 19008
9331 13067 19008
17237 4505 25784
4505 17237 25784
25784 4505 17237
12827 1636 4898
4898 1636 12827
1636 4898 12827
3680 8890 15368
15368 3680 8890
8890 3680 15368
22369 8479 26315
8479 22369 26315
26315 8479 22369
9736 16088 25201
16088 9736 25201
25201 9736 16088
7946 10710 19940
19940 7946 10710
10710 7946 19940
19224 7341 10024
7341 10024 19224
10024 7341 19224
3343 3907 5868
5868 3343 3907
3907 3343 5868
25771 8129 20235
8129 20235 25771
20235 8129 25771
19829 14989 15944
14989 15944 19829
15944 14989 19829
1018 21615 29089
21615 1018 29089
29089 1018 21615
18965 7856 15687
15687 7856 18965
7856 15687 18965
9246 6965 17392
17392 6965 9246
6965 9246 17392
15036 9592 28727
28727 9592 15036
9592 15036 28727
24853 8143 28030
8143 24853 28030
28030 8143 24853
17875 24335 26654
26654 17875 24335
24335 17875 26654
3507 2744 23073
23073 2744 3507
2744 3507 23073
7442 1136 9547
9547 1136 7442
1136 7442 9547
9918 1041 20171
1041 9918 20171
20171 1041 9918
3636 23325 27986
23325 3636 27986
27986 3636 23325
20659 25062 27785
27785 20659 25062
25062 20659 27785
28222 2891 4507
2891 4507 28222
4507 2891 28222
22968 13354 26147
26147 13354 22968
13354 22968 26147
12396 1728 24613
1728 12396 24613
24613 1728 12396
3214 17076 20403
20403 3214 17076
17076 3214 20403
4150 15750 28668
15750 4150 28668
28668 4150 15750
27683 222 5908
222 5908 27683
5908 222 27683
18706 5681 12961
12961 5681 18706
5681 12961 18706
17563 3207 10170
3207 10170 17563
10170 3207 17563
15425 15633 23760
23760 15425 15633
15633 15425 23760
13215 14493 25877
14493 13215 25877
25877 13215 14493
531 5921 22381
5921 531 22381
22381 531 5921
4262 3178 18546
3178 4262 18546
18546 3178 4262
5130 4448 18033
4448 5130 18033
18033 4448 5130
8450 2273 29043
29043 2273 8450
2273 8450 29043
24695 16376 18895
18895 16376 24695
16376 18895 24695
15055 8518 9577
9577 8518 15055
8518 9577 15055
20936 11607 21529
11607 20936 21529
21529 11607 20936
8500 1080 12149
1080 8500 12149
12149 1080 8500
4737 6277 26474
26474 4737 6277
6277 4737 26474
12213 3901 7858
7858 3901 12213
3901 7858 12213
509 16603 17042
17042 509 16603
16603 509 17042
27843 1001 19252
19252 1001 27843
1001 19252 27843
9973 17701 19774
19774 9973 17701
17701 9973 19774
10000 5522 25408
25408 5522 10000
5522 10000 25408
13000 10743 21482
10743 13000 21482
21482 10743 13000
28173 17485 25461
17485 25461 28173
25461 17485 28173
18613 15765 20702
15765 18613 20702
20702 15765 18613
17929 19837 22976
19837 17929 22976
22976 17929 19837
7433 18382 29232
29232 7433 18382
18382 7433 29232
12897 15740 21581
21581 12897 15740
15740 12897 21581
11805 11533 23371
11533 11805 23371
23371 11533 11805
23261 14065 26656
26656 14065 23261
14065 23261 26656
14497 11743 11872
11743 11872 14497
11872 11743 14497
24698 13571 27690
27690 13571 24698
13571 24698 27690
11006 1529 12258
1529 11006 12258
12258 1529 11006
3949 1735 9822
9822 1735 3949
1735 3949 9822
1112 49 5004
49 1112 5004
5004 49 1112
18724 18074 27180
27180 18074 18724
18074 18724 27180
11254 13355 21462
13355 11254 21462
21462 11254 13355
10458 1416 28080
28080 1416 10458
1416 10458 28080
12842 5379 19370
5379 12842 19370
19370 5379 12842
7303 8568 9886
8568 7303 9886
9886 7303 8568
27196 15515 28130
28130 15515 27196
15515 27196 28130
22646 9913 23560
9913 22646 23560
23560 9913 22646
25659 17675 20892
20892 17675 25659
17675 20892 25659
13748 1767 14559
14559 1767 13748
1767 13748 14559
4767 9569 14947
9569 4767 14947
14947 4767 9569
26595 10756 28054
10756 26595 28054
28054 10756 26595
2263 982 10227
10227 982 2263
982 2263 10227
4705 954 4922
954 4705 4922
4922 954 4705
20912 24207 25146
24207 20912 25146
25146 20912 24207
29012 21228 29258
29258 21228 29012
21228 29012 29258
13171 8427 17975
17975 8427 13171
8427 13171 17975
21827 19017 26006
19017 21827 26006
26006 19017 21827
844 5860 21733
21733 844 5860
5860 844 21733
5097 27444 28765
27444 5097 28765
28765 5097 27444
2755 78 24840
78 2755 24840
24840 78 2755
4988 17484 18093
17484 4988 18093
18093 4988 17484
5626 14485 17188
17188 5626 14485
14485 5626 17188
25643 6777 23270
6777 23270 25643
23270 6777 25643
28669 8434 19883
8434 19883 28669
19883 8434 28669
382 5666 20918
5666 382 20918
20918 382 5666
18157 433 577
577 433 18157
433 577 18157
5505 23742 23895
23742 5505 23895
23895 5505 23742
20777 25379 28926
25379 20777 28926
28926 20777 25379
9417 1590 27693
27693 1590 9417
1590 9417 27693
5084 8159 28145
28145 5084 8159
8159 5084 28145
17000 23587 26291
23587 17000 26291
26291 17000 23587
3418 3164 27119
3164 3418 27119
27119 3164 3418
20332 9431 20709
20709 9431 20332
9431 20332 20709
501 13893 28672
13893 501 28672
28672 501 13893
10299 860 27869
860 10299 27869
27869 860 10299
28978 6037 27348
27348 6037 28978
6037 27348 28978
21605 6014 26861
26861 6014 21605
6014 21605 26861
22097 136 29338
29338 136 22097
136 22097 29338
29648 16768 19594
16768 19594 29648
19594 16768 29648
1438 4551 13062
4551 1438 13062
13062 1438 4551
23092 5050 28286
28286 5050 23092
5050 23092 28286
19337 10053 22955
22955 10053 19337
10053 19337 22955
11652 7171 13982
7171 11652 13982
13982 7171 11652
11852 18688 23177
18688 11852 23177
23177 11852 18688
16225 18038 25963
25963 16225 18038
18038 16225 25963
6018 13125 29341
29341 6018 13125
13125 6018 29341
25170 5421 20475
5421 20475 25170
20475 5421 25170
9829 17650 24889
24889 9829 17650
17650 9829 24889
17807 2308 13598
13598 2308 17807
2308 13598 17807
29530 3562 19245
3562 19245 29530
19245 3562 29530
6456 21679 22857
22857 6456 21679
21679 6456 22857
3107 5120 19411
19411 3107 5120
5120 3107 19411
21467 13659 29846
13659 21467 29846
29846 13659 21467
19572 2833 12909
2833 12909 19572
12909 2833 19572
18619 4130 28948
28948 4130 18619
4130 18619 28948
4755 4327 20653
4327 4755 20653
20653 4327 4755
27850 7646 16618
7646 16618 27850
16618 7646 27850
27547 2288 16265
2288 16265 27547
16265 2288 27547
9410 4446 11488
11488 4446 9410
4446 9410 11488
20842 20727 21264
20727 20842 21264
21264 20727 20842
24038 19895 21553
19895 21553 24038
21553 19895 24038
6890 19453 26824
19453 6890 26824
26824 6890 19453
16793 13990 14981
13990 14981 16793
14981 13990 16793
25720 9332 29096
9332 25720 29096
29096 9332 25720
22582 21647 29067
29067 21647 22582
21647 22582 29067
11263 403 2375
403 2375 11263
2375 403 11263
18034 5146 14572
14572 5146 18034
5146 14572 18034
10679 148 6785
148 6785 10679
6785 148 10679
17732 4161 10330
4161 10330 17732
10330 4161 17732
528 7319 8453
8453 528 7319
7319 528 8453
22610 4399 29465
29465 4399 22610
4399 22610 29465
28005 5545 26334
5545 26334 28005
26334 5545 28005
10406 11015 24257
24257 10406 11015
11015 10406 24257
15713 18571 29272
29272 15713 18571
18571 15713 29272
4476 14285 22628
14285 4476 22628
22628 4476 14285
1139 22112 23897
23897 1139 22112
22112 1139 23897
29752 8087 28252
28252 8087 29752
8087 28252 29752
4643 1569 20992
20992 1569 4643
1569 4643 20992
28247 5466 26834
5466 26834 28247
26834 5466 28247
6358 2888 15994
2888 6358 15994
15994 2888 6358
28239 284 15518
284 15518 28239
15518 284 28239
6264 2366 9179
2366 6264 9179
9179 2366 6264
23484 6069 14598
6069 14598 23484
14598 6069 23484
21776 10487 18839
10487 18839 21776
18839 10487 21776
21296 10850 13775
10850 13775 21296
13775 10850 21296
28547 25521 26038
26038 25521 28547
25521 26038 28547
11932 22227 23837
22227 11932 23837
23837 11932 22227
7532 23119 27733
27733 7532 23119
23119 7532 27733
20361 6368 23240
6368 20361 23240
23240 6368 20361
15136 2226 16236
2226 15136 16236
16236 2226 15136
219 601 17203
17203 219 601
601 219 17203
21909 9598 21673
21673 9598 21909
9598 21673 21909
26667 17002 20439
20439 17002 26667
17002 20439 26667
11654 680 26895
680 11654 26895
26895 680 11654
21896 782 16307
16307 782 21896
782 16307 21896
27438 4822 15170
4822 15170 27438
15170 4822 27438
19410 4293 10645
4293 10645 19410
10645 4293 19410
19457 10875 19601
10875 19457 19601
19601 10875 19457
5866 5697 23143
5697 5866 23143
23143 5697 5866
12197 10492 13928
10492 12197 13928
13928 10492 12197
8944 13007 15215
13007 8944 15215
15215 8944 13007
10932 14502 23776
23776 10932 14502
14502 10932 23776
13728 22804 25902
25902 13728 22804
22804 13728 25902
19084 17666 20940
20940 17666 19084
17666 19084 20940
14676 10848 15979
15979 10848 14676
10848 14676 15979
23957 9484 17352
17352 9484 23957
9484 17352 23957
23393 6467 23999
6467 23393 23999
23999 6467 23393
18084 13174 14582
14582 13174 18084
13174 14582 18084
14266 6625 20592
6625 14266 20592
20592 6625 14266
742 28 1533
28 742 1533
1533 28 742
5056 4429 28577
28577 4429 5056
4429 5056 28577
1489 10800 23372
10800 1489 23372
23372 1489 10800
8979 1821 17751
17751 1821 8979
1821 8979 17751
13459 8403 21588
21588 8403 13459
8403 13459 21588
27789 13119 17892
17892 13119 27789
13119 17892 27789
10884 7796 8234
7796 8234 10884
8234 7796 10884
19139 5195 26008
26008 5195 19139
5195 19139 26008
25039 10845 27273
27273 10845 25039
10845 25039 27273
1643 11469 28446
28446 1643 11469
11469 1643 28446
10180 17590 29558
29558 10180 17590
17590 10180 29558
27264 7825 13399
13399 7825 27264
7825 13399 27264
16731 14421 25999
14421 16731 25999
25999 14421 16731
28376 2933 24142
2933 24142 28376
24142 2933 28376
19011 859 28589
859 19011 28589
28589 859 19011
7730 2309 24792
2309 7730 24792
24792 2309 7730
24438 6893 8442
6893 8442 24438
8442 6893 24438
12832 12461 25065
12461 12832 25065
25065 12461 12832
24609 10982 23067
10982 23067 24609
23067 10982 24609
28652 4641 28867
28867 4641 28652
4641 28652 28867
5519 6202 15807
15807 5519 6202
6202 5519 15807
6702 14698 20740
20740 6702 14698
14698 6702 20740
18306 20689 29624
20689 18306 29624
29624 18306 20689
22282 7712 25320
7712 22282 25320
25320 7712 22282
5561 15313 25533
25533 5561 15313
15313 5561 25533
20400 3849 3915
3849 3915 20400
3915 3849 20400
25203 7766 14685
14685 7766 25203
7766 14685 25203
14330 24155 29659
24155 14330 29659
29659 14330 24155
6615 8503 18718
8503 6615 18718
18718 6615 8503
9755 14500 19814
14500 9755 19814
19814 9755 14500
19915 1971 7177
7177 1971 19915
1971 7177 19915
26725 14812 19921
14812 19921 26725
19921 14812 26725
19593 13201 29784
13201 19593 29784
29784 13201 19593
14347 8994 23132
8994 14347 23132
23132 8994 14347
901 2184 3000
3000 901 2184
2184 901 3000
17454 7607 10795
7607 10795 17454
10795 7607 17454
214 9007 18777
9007 214 18777
18777 214 9007
9465 16801 23317
16801 9465 23317
23317 9465 16801
6753 11452 11637
11452 6753 11637
11637 6753 11452
14889 20090 20973
20090 14889 20973
20973 14889 20090
22959 13386 18846
13386 18846 22959
18846 13386 22959
10373 5907 20906
5907 10373 20906
20906 5907 10373
22352 13433 15196
15196 13433 22352
13433 15196 22352
23031 3353 4535
4535 3353 23031
3353 4535 23031
101 5124 13961
5124 101 13961
13961 101 5124
28816 1745 17674
1745 17674 28816
17674 1745 28816
5682 1916 28535
1916 5682 28535
28535 1916 5682
22865 21398 29880
21398 22865 29880
29880 21398 22865
6979 98 11965
11965 98 6979
98 6979 11965
16696 2449 29343
29343 2449 16696
2449 16696 29343
934 27740 29114
27740 934 29114
29114 934 27740
8842 1312 15318
1312 8842 15318
15318 1312 8842
2230 8514 9904
9904 2230 8514
8514 2230 9904
22608 9146 10272
10272 9146 22608
9146 10272 22608
23533 10620 11288
11288 10620 23533
10620 11288 23533
5206 9845 18859
9845 5206 18859
18859 5206 9845
320 2034 2909
2909 320 2034
2034 320 2909
17497 1245 4390
4390 1245 17497
1245 4390 17497
11338 23030 26400
23030 11338 26400
26400 11338 23030
19978 1400 5784
5784 1400 19978
1400 5784 19978
20280 18192 27554
18192 20280 27554
27554 18192 20280
7791 10073 14134
10073 7791 14134
14134 7791 10073
20563 26128 26406
26128 20563 26406
26406 20563 26128
13637 2820 18487
18487 2820 13637
2820 13637 18487
20024 12349 21384
21384 12349 20024
12349 20024 21384
15166 1740 17753
1740 15166 17753
17753 1740 15166
29491 21000 24068
21000 24068 29491
24068 21000 29491
10422 4304 13191
4304 10422 13191
13191 4304 10422
18837 12830 27090
27090 12830 18837
12830 18837 27090
16642 17109 26297
17109 16642 26297
26297 16642 17109
15619 19495 24653
19495 15619 24653
24653 15619 19495
23925 3381 8103
8103 3381 23925
3381 8103 23925
21938 5317 17219
17219 5317 21938
5317 17219 21938
24161 8201 27792
27792 8201 24161
8201 24161 27792
20418 20662 24266
20662 20418 24266
24266 20418 20662
1468 21182 21998
21182 1468 21998
21998 1468 21182
25668 2807 9282
2807 9282 25668
9282 2807 25668
5535 10472 14518
14518 5535 10472
10472 5535 14518
13022 11913 28692
11913 13022 28692
28692 11913 13022
10938 3479 17195
3479 10938 17195
17195 3479 10938
281 8229 8881
8229 281 8881
8881 281 8229
13911 7654 29906
29906 7654 13911
7654 13911 29906
1535 16419 24192
24192 1535 16419
16419 1535 24192
23699 16036 20265
16036 20265 23699
20265 16036 23699
13582 10182 27021
27021 10182 13582
10182 13582 27021
1707 781 19302
19302 781 1707
781 1707 19302
2781 3157 18823
18823 2781 3157
3157 2781 18823
22809 6286 16535
16535 6286 22809
6286 16535 22809
810 5526 7481
5526 810 7481
7481 810 5526
6524 11717 17212
17212 6524 11717
11717 6524 17212
14692 2452 20397
20397 2452 14692
2452 14692 20397
9252 4221 11401
4221 9252 11401
11401 4221 9252
19165 18811 26003
18811 19165 26003
26003 18811 19165
13270 8091 17780
8091 13270 17780
17780 8091 13270
7080 24251 24659
24659 7080 24251
24251 7080 24659
11359 5410 22387
5410 11359 22387
22387 5410 11359
27969 13849 22261
22261 13849 27969
13849 22261 27969
23913 4387 8712
4387 8712 23913
8712 4387 23913
3193 2974 17395
17395 2974 3193
2974 3193 17395
22558 12855 19258
19258 12855 22558
12855 19258 22558
1509 14005 21599
