11926 4823 23242
4823 11926 23242
23242 4823 11926
6478 2589 9809
9809 2589 6478
2589 6478 9809
8146 5755 11769
11769 5755 8146
5755 8146 11769
21661 3282 4108
4108 3282 21661
3282 4108 21661
5467 3800 21570
21570 3800 5467
3800 5467 21570
6648 2736 23451
2736 6648 23451
23451 2736 6648
8282 6006 11449
6006 8282 11449
11449 6006 8282
433 17294 24632
17294 433 24632
24632 433 17294
11907 11169 11179
11179 11169 11907
11169 11179 11907
23251 6388 16145
16145 6388 23251
6388 16145 23251
11181 11386 25277
25277 11181 11386
11386 11181 25277
5999 20106 25609
20106 5999 25609
25609 5999 20106
4050 16123 21487
16123 4050 21487
21487 4050 16123
3873 26340 26422
26340 3873 26422
26422 3873 26340
27242 12182 25469
25469 12182 27242
12182 25469 27242
22422 931 8040
931 8040 22422
8040 931 22422
29555 2267 3798
2267 3798 29555
3798 2267 29555
15744 26756 27509
27509 15744 26756
26756 15744 27509
19943 2268 22069
2268 19943 22069
22069 2268 19943
22401 4318 29824
4318 22401 29824
29824 4318 22401
4918 7031 21175
7031 4918 21175
21175 4918 7031
21715 5386 18467
5386 18467 21715
18467 5386 21715
14341 5674 29608
29608 5674 14341
5674 14341 29608
8557 11173 12461
11173 8557 12461
12461 8557 11173
330 12023 25039
12023 330 25039
25039 330 12023
4200 3610 22527
3610 4200 22527
22527 3610 4200
8306 3896 8584
8584 3896 8306
3896 8306 8584
9975 20897 28655
28655 9975 20897
20897 9975 28655
15569 16450 17696
17696 15569 16450
16450 15569 17696
11138 5617 16399
5617 11138 16399
16399 5617 11138
14992 7306 17261
17261 7306 14992
7306 14992 17261
17449 3519 18734
18734 3519 17449
3519 17449 18734
488 8876 8936
8936 488 8876
8876 488 8936
17202 21815 24465
21815 17202 24465
24465 17202 21815
26261 5400 12101
5400 12101 26261
12101 5400 26261
25350 24335 27229
27229 24335 25350
24335 25350 27229
3176 16036 21290
16036 3176 21290
21290 3176 16036
19342 23598 29284
29284 19342 23598
23598 19342 29284
15900 25360 25584
25360 15900 25584
25584 15900 25360
18375 7079 14236
7079 14236 18375
14236 7079 18375
6188 5625 23076
23076 5625 6188
5625 6188 23076
16141 21211 23541
23541 16141 21211
21211 16141 23541
19939 21831 29429
29429 19939 21831
21831 19939 29429
16355 17691 19526
17691 16355 19526
19526 16355 17691
1605 11382 24761
24761 1605 11382
11382 1605 24761
23448 26638 28641
28641 23448 26638
26638 23448 28641
22452 18455 18672
18672 18455 22452
18455 18672 22452
22763 8751 19775
8751 19775 22763
19775 8751 22763
8483 1269 15947
1269 8483 15947
15947 1269 8483
25334 12111 29282
12111 25334 29282
29282 12111 25334
9562 7383 15616
15616 7383 9562
7383 9562 15616
29114 9769 13490
9769 13490 29114
13490 9769 29114
20433 17546 29889
29889 17546 20433
17546 20433 29889
23262 639 24443
24443 639 23262
639 23262 24443
13334 1865 7764
1865 7764 13334
7764 1865 13334
5995 5078 21134
5078 5995 21134
21134 5078 5995
25927 4909 15749
4909 15749 25927
15749 4909 25927
22555 6531 13797
6531 13797 22555
13797 6531 22555
4912 5803 6600
6600 4912 5803
5803 4912 6600
21883 18363 23980
18363 21883 23980
23980 18363 21883
7845 23650 27611
27611 7845 23650
23650 7845 27611
20535 1369 16986
1369 16986 20535
16986 1369 20535
13707 201 21395
21395 201 13707
201 13707 21395
12833 5303 24637
24637 5303 12833
5303 12833 24637
26774 5742 19318
5742 19318 26774
19318 5742 26774
3287 5706 13156
13156 3287 5706
5706 3287 13156
27302 10855 20864
10855 20864 27302
20864 10855 27302
12689 12535 24218
24218 12535 12689
12535 12689 24218
28373 8433 21504
8433 21504 28373
21504 8433 28373
22078 7683 20838
20838 7683 22078
7683 20838 22078
5389 3598 23729
3598 5389 23729
23729 3598 5389
23053 3520 25321
25321 3520 23053
3520 23053 25321
19660 7885 22360
22360 7885 19660
7885 19660 22360
20935 3120 3322
3322 3120 20935
3120 3322 20935
8389 10019 11520
11520 8389 10019
10019 8389 11520
22261 3522 18684
18684 3522 22261
3522 18684 22261
17077 11669 12754
11669 12754 17077
12754 11669 17077
26445 20926 21381
21381 20926 26445
20926 21381 26445
24062 16650 28306
28306 16650 24062
16650 24062 28306
13800 14165 29780
29780 13800 14165
14165 13800 29780
24878 7105 24203
7105 24203 24878
24203 7105 24878
14036 822 2216
2216 822 14036
822 2216 14036
23834 10385 24159
10385 23834 24159
24159 10385 23834
5192 6340 17494
6340 5192 17494
17494 5192 6340
4395 442 9638
442 4395 9638
9638 442 4395
16645 5310 27710
27710 5310 16645
5310 16645 27710
18804 4230 13851
13851 4230 18804
4230 13851 18804
14577 7387 20747
20747 7387 14577
7387 14577 20747
1867 18924 24894
24894 1867 18924
18924 1867 24894
22717 7421 29290
7421 22717 29290
29290 7421 22717
15636 8191 14687
8191 14687 15636
14687 8191 15636
13166 3728 11919
11919 3728 13166
3728 11919 13166
18947 3241 24724
3241 18947 24724
24724 3241 18947
28098 20156 23543
20156 23543 28098
23543 20156 28098
23254 7142 24857
7142 23254 24857
24857 7142 23254
18185 165 11557
165 11557 18185
11557 165 18185
1252 14718 27217
14718 1252 27217
27217 1252 14718
26883 20292 23463
20292 23463 26883
23463 20292 26883
26216 7699 12629
7699 12629 26216
12629 7699 26216
10756 2957 9415
2957 9415 10756
9415 2957 10756
6208 10562 23975
10562 6208 23975
23975 6208 10562
18311 139 20810
139 18311 20810
20810 139 18311
2304 7371 26535
26535 2304 7371
7371 2304 26535
14876 2530 22313
2530 14876 22313
22313 2530 14876
15143 5089 21797
21797 5089 15143
5089 15143 21797
913 2039 3042
3042 913 2039
2039 913 3042
2874 13847 17663
17663 2874 13847
13847 2874 17663
14834 14649 21679
21679 14649 14834
14649 14834 21679
7184 6615 9580
9580 6615 7184
6615 7184 9580
5494 11570 24219
24219 5494 11570
11570 5494 24219
27076 12923 14544
12923 14544 27076
14544 12923 27076
13959 6302 20423
20423 6302 13959
6302 13959 20423
11790 5158 21120
21120 5158 11790
5158 11790 21120
18288 1387 1558
1558 1387 18288
1387 1558 18288
13423 14044 15315
14044 13423 15315
15315 13423 14044
12513 5898 28873
5898 12513 28873
28873 5898 12513
14374 6036 27728
6036 14374 27728
27728 6036 14374
29623 5573 28233
28233 5573 29623
5573 28233 29623
2711 21182 29577
29577 2711 21182
21182 2711 29577
14910 6337 17135
6337 14910 17135
17135 6337 14910
6871 356 18976
356 6871 18976
18976 356 6871
15800 7894 12855
7894 12855 15800
12855 7894 15800
26641 15159 28587
15159 26641 28587
28587 15159 26641
14526 25573 27842
25573 14526 27842
27842 14526 25573
584 2860 11215
11215 584 2860
2860 584 11215
22433 19672 27502
27502 19672 22433
19672 22433 27502
7972 5360 13240
5360 7972 13240
13240 5360 7972
14281 14415 19191
14415 14281 19191
19191 14281 14415
24099 19752 29846
19752 24099 29846
29846 19752 24099
21406 17129 17650
17129 17650 21406
17650 17129 21406
3563 614 20547
614 3563 20547
20547 614 3563
25821 15855 19018
19018 15855 25821
15855 19018 25821
11916 8256 27475
27475 8256 11916
8256 11916 27475
19403 26037 27782
26037 19403 27782
27782 19403 26037
24482 14065 19120
14065 19120 24482
19120 14065 24482
6399 739 819
739 819 6399
819 739 6399
13604 6658 9138
9138 6658 13604
6658 9138 13604
2818 15570 29460
29460 2818 15570
15570 2818 29460
14666 23655 29283
23655 14666 29283
29283 14666 23655
9148 11452 19218
11452 9148 19218
19218 9148 11452
7077 9297 14488
9297 7077 14488
14488 7077 9297
5817 19782 27212
27212 5817 19782
19782 5817 27212
25458 1033 15296
15296 1033 25458
1033 15296 25458
25575 3868 19281
19281 3868 25575
3868 19281 25575
13560 4854 13436
4854 13436 13560
13436 4854 13560
10083 10397 17357
17357 10083 10397
10397 10083 17357
16605 8395 13098
8395 13098 16605
13098 8395 16605
12760 4136 6731
6731 4136 12760
4136 6731 12760
2689 1535 17995
1535 2689 17995
17995 1535 2689
10677 16184 21652
16184 10677 21652
21652 10677 16184
11761 2244 25912
25912 2244 11761
2244 11761 25912
22702 17524 29514
29514 17524 22702
17524 22702 29514
11365 20088 26941
26941 11365 20088
20088 11365 26941
29249 4038 10074
4038 10074 29249
10074 4038 29249
4432 9188 23358
9188 4432 23358
23358 4432 9188
24644 15513 20975
20975 15513 24644
15513 20975 24644
21019 18016 23764
18016 21019 23764
23764 18016 21019
1093 1049 15013
1049 1093 15013
15013 1049 1093
27799 9482 18074
18074 9482 27799
9482 18074 27799
26868 8646 17434
17434 8646 26868
8646 17434 26868
12475 3175 25491
25491 3175 12475
3175 12475 25491
3652 7166 19050
7166 3652 19050
19050 3652 7166
27388 17638 28895
17638 27388 28895
28895 17638 27388
28551 877 26586
877 26586 28551
26586 877 28551
4502 9783 11979
9783 4502 11979
11979 4502 9783
8271 16342 16426
16342 8271 16426
16426 8271 16342
10312 3834 7210
3834 7210 10312
7210 3834 10312
7578 21107 25384
21107 7578 25384
25384 7578 21107
11014 16168 16999
16999 11014 16168
16168 11014 16999
6214 13835 29739
13835 6214 29739
29739 6214 13835
29210 8106 29410
29410 8106 29210
8106 29210 29410
10485 14108 28255
14108 10485 28255
28255 10485 14108
6291 19566 21280
19566 6291 21280
21280 6291 19566
24349 6489 27123
27123 6489 24349
6489 24349 27123
19455 6318 18360
18360 6318 19455
6318 18360 19455
15626 5030 15991
15991 5030 15626
5030 15626 15991
15974 16054 21875
16054 15974 21875
21875 15974 16054
29042 25080 26616
25080 26616 29042
26616 25080 29042
9671 15745 23893
23893 9671 15745
15745 9671 23893
12290 2191 27990
2191 12290 27990
27990 2191 12290
4864 5850 29501
29501 4864 5850
5850 4864 29501
13995 17649 26249
17649 13995 26249
26249 13995 17649
1770 10618 11280
11280 1770 10618
10618 1770 11280
2977 15288 23240
23240 2977 15288
15288 2977 23240
9954 9908 21261
9908 9954 21261
21261 9908 9954
15291 6227 25482
6227 15291 25482
25482 6227 15291
12542 8717 17057
8717 12542 17057
17057 8717 12542
24565 11314 17558
17558 11314 24565
11314 17558 24565
21889 4292 15519
15519 4292 21889
4292 15519 21889
22802 5479 13468
13468 5479 22802
5479 13468 22802
16201 1886 12965
1886 12965 16201
12965 1886 16201
17323 1157 18493
18493 1157 17323
1157 17323 18493
29424 13712 22613
13712 22613 29424
22613 13712 29424
20316 444 22866
22866 444 20316
444 20316 22866
28728 1132 7780
1132 7780 28728
7780 1132 28728
29441 3437 9515
3437 9515 29441
9515 3437 29441
16892 16188 25083
16188 16892 25083
25083 16188 16892
4401 13083 15498
13083 4401 15498
15498 4401 13083
15863 4626 12207
4626 12207 15863
12207 4626 15863
15858 4465 6065
4465 6065 15858
6065 4465 15858
23316 1325 23006
1325 23006 23316
23006 1325 23316
7041 16853 22745
16853 7041 22745
22745 7041 16853
7055 8212 10187
8212 7055 10187
10187 7055 8212
10302 4975 10898
10898 4975 10302
4975 10302 10898
1459 20659 29933
20659 1459 29933
29933 1459 20659
13116 15542 27689
15542 13116 27689
27689 13116 15542
9184 10848 19754
19754 9184 10848
10848 9184 19754
20886 8270 29164
29164 8270 20886
8270 20886 29164
9818 3629 10515
10515 3629 9818
3629 9818 10515
9251 16927 28515
28515 9251 16927
16927 9251 28515
25068 688 9181
9181 688 25068
688 9181 25068
13280 11408 18612
11408 13280 18612
18612 11408 13280
4365 1216 8949
8949 1216 4365
1216 4365 8949
15167 11363 28508
28508 11363 15167
11363 15167 28508
11255 9881 12234
9881 11255 12234
12234 9881 11255
9073 10301 23505
23505 9073 10301
10301 9073 23505
7934 7602 11580
11580 7602 7934
7602 7934 11580
17413 17200 28657
17200 17413 28657
28657 17200 17413
10572 10526 26472
26472 10526 10572
10526 10572 26472
22198 4722 29640
4722 22198 29640
29640 4722 22198
27004 2524 23384
23384 2524 27004
2524 23384 27004
22411 12939 26807
12939 22411 26807
26807 12939 22411
7850 1219 20948
20948 1219 7850
1219 7850 20948
28101 1812 29381
1812 28101 29381
29381 1812 28101
20132 2442 22774
22774 2442 20132
2442 20132 22774
23129 5925 9041
9041 5925 23129
5925 9041 23129
738 12651 19833
12651 738 19833
19833 738 12651
8075 1951 11597
11597 1951 8075
1951 8075 11597
23720 5979 11368
5979 11368 23720
11368 5979 23720
21507 15083 26754
15083 21507 26754
26754 15083 21507
22238 13487 20162
13487 20162 22238
20162 13487 22238
26869 6975 23236
23236 6975 26869
6975 23236 26869
25147 8134 22498
8134 22498 25147
22498 8134 25147
11742 6136 8057
8057 6136 11742
6136 8057 11742
19030 3694 18929
18929 3694 19030
3694 18929 19030
20624 13696 24279
24279 13696 20624
13696 20624 24279
2105 7604 25635
7604 2105 25635
25635 2105 7604
13876 3796 14400
14400 3796 13876
3796 13876 14400
14188 7411 8496
7411 8496 14188
8496 7411 14188
12253 7154 12657
12657 7154 12253
7154 12253 12657
7860 5069 16229
16229 5069 7860
5069 7860 16229
27037 8968 19039
19039 8968 27037
8968 19039 27037
19656 2695 6190
6190 2695 19656
2695 6190 19656
24139 1756 9527
1756 9527 24139
9527 1756 24139
9161 19013 19014
19013 9161 19014
19014 9161 19013
18999 6016 29297
29297 6016 18999
6016 18999 29297
12121 4259 26867
4259 12121 26867
26867 4259 12121
22766 2037 9227
9227 2037 22766
2037 9227 22766
21249 14146 14383
14146 14383 21249
14383 14146 21249
7470 5211 13203
5211 7470 13203
13203 5211 7470
28921 7636 12450
7636 12450 28921
12450 7636 28921
4590 22816 23425
22816 4590 23425
23425 4590 22816
25196 10307 19708
19708 10307 25196
10307 19708 25196
6446 2423 10265
2423 6446 10265
10265 2423 6446
1377 17411 22043
17411 1377 22043
22043 1377 17411
10838 7687 28877
7687 10838 28877
28877 7687 10838
13526 5413 13795
13795 5413 13526
5413 13526 13795
26700 8543 25113
25113 8543 26700
8543 25113 26700
27805 20522 21744
21744 20522 27805
20522 21744 27805
5515 24331 28118
28118 5515 24331
24331 5515 28118
25520 15810 23926
15810 23926 25520
23926 15810 25520
5557 16570 16685
16685 5557 16570
16570 5557 16685
18429 14241 19668
14241 18429 19668
19668 14241 18429
17626 5754 23478
23478 5754 17626
5754 17626 23478
4026 8179 12336
8179 4026 12336
12336 4026 8179
14242 2572 8572
8572 2572 14242
2572 8572 14242
27297 12384 20421
20421 12384 27297
12384 20421 27297
12521 7468 14005
14005 7468 12521
7468 12521 14005
5491 8832 18092
8832 5491 18092
18092 5491 8832
3289 5541 29835
5541 3289 29835
29835 3289 5541
11501 4805 10374
4805 10374 11501
10374 4805 11501
28983 12491 18497
18497 12491 28983
12491 18497 28983
24582 831 10415
831 10415 24582
10415 831 24582
29393 15225 28295
28295 15225 29393
15225 28295 29393
9242 8520 17605
8520 9242 17605
17605 8520 9242
1276 7125 7410
7410 1276 7125
7125 1276 7410
11952 11288 11890
11288 11890 11952
11890 11288 11952
25904 11252 21108
21108 11252 25904
11252 21108 25904
26933 1027 26159
26159 1027 26933
1027 26159 26933
1346 10099 24072
24072 1346 10099
10099 1346 24072
16051 23135 27021
27021 16051 23135
23135 16051 27021
15827 7120 9131
9131 7120 15827
7120 9131 15827
28426 4802 12861
4802 12861 28426
12861 4802 28426
773 5858 25652
25652 773 5858
5858 773 25652
25161 24126 29028
29028 24126 25161
24126 25161 29028
5318 2067 25641
2067 5318 25641
25641 2067 5318
19918 4385 12585
12585 4385 19918
4385 12585 19918
22330 2165 2732
2732 2165 22330
2165 2732 22330
10974 921 28487
921 10974 28487
28487 921 10974
29272 5969 17757
17757 5969 29272
5969 17757 29272
17344 10723 17940
10723 17344 17940
17940 10723 17344
2157 3121 4495
4495 2157 3121
3121 2157 4495
11279 1410 15340
1410 11279 15340
15340 1410 11279
22896 2324 18475
2324 18475 22896
18475 2324 22896
20446 7084 23760
23760 7084 20446
7084 20446 23760
24223 4447 22472
22472 4447 24223
4447 22472 24223
12102 3623 11116
11116 3623 12102
3623 11116 12102
21909 2971 26176
26176 2971 21909
2971 21909 26176
6050 8680 25097
25097 6050 8680
8680 6050 25097
12724 10000 19731
19731 10000 12724
10000 12724 19731
27163 21459 28256
21459 27163 28256
28256 21459 27163
10252 3790 21294
21294 3790 10252
3790 10252 21294
8491 2820 4272
2820 4272 8491
4272 2820 8491
13821 3984 23291
23291 3984 13821
3984 13821 23291
23643 1010 12902
12902 1010 23643
1010 12902 23643
21289 2655 5695
2655 5695 21289
5695 2655 21289
15332 2686 21824
2686 15332 21824
21824 2686 15332
10629 5001 27914
5001 10629 27914
27914 5001 10629
20371 10864 23418
10864 20371 23418
23418 10864 20371
15489 6272 29286
6272 15489 29286
29286 6272 15489
28026 11558 17081
17081 11558 28026
11558 17081 28026
26450 20069 29269
20069 26450 29269
29269 20069 26450
19842 19274 23912
23912 19274 19842
19274 19842 23912
27876 8391 20000
8391 20000 27876
20000 8391 27876
20790 17206 24451
24451 17206 20790
17206 20790 24451
4652 18690 27651
27651 4652 18690
18690 4652 27651
18367 12264 24628
12264 18367 24628
24628 12264 18367
5388 4079 12239
12239 4079 5388
4079 5388 12239
16016 21789 21923
21789 16016 21923
21923 16016 21789
28090 14049 27492
14049 27492 28090
27492 14049 28090
21922 20148 25885
25885 20148 21922
20148 21922 25885
19817 13260 15430
15430 13260 19817
13260 15430 19817
18825 6604 27886
6604 18825 27886
27886 6604 18825
9570 14170 18245
18245 9570 14170
14170 9570 18245
12840 12704 18836
12704 12840 18836
18836 12704 12840
5471 8116 10246
8116 5471 10246
10246 5471 8116
429 12766 23155
12766 429 23155
23155 429 12766
3431 8492 25095
8492 3431 25095
25095 3431 8492
9740 12957 17704
17704 9740 12957
12957 9740 17704
23565 6313 25413
6313 23565 25413
25413 6313 23565
16644 11032 26603
11032 16644 26603
26603 11032 16644
19265 10191 22487
10191 19265 22487
22487 10191 19265
10911 5119 15666
5119 10911 15666
15666 5119 10911
23696 15999 24911
15999 23696 24911
24911 15999 23696
13736 7897 16683
7897 13736 16683
16683 7897 13736
27938 17098 27279
27279 17098 27938
17098 27279 27938
1499 7492 27022
27022 1499 7492
7492 1499 27022
25944 22070 22431
22070 22431 25944
22431 22070 25944
9573 4558 17879
17879 4558 9573
4558 9573 17879
26928 6206 29242
29242 6206 26928
6206 26928 29242
20882 8043 17625
17625 8043 20882
8043 17625 20882
14489 1808 5522
1808 5522 14489
5522 1808 14489
1163 9794 29754
9794 1163 29754
29754 1163 9794
27130 2731 29052
29052 2731 27130
2731 27130 29052
3445 5809 11961
5809 3445 11961
11961 3445 5809
28684 22777 29369
29369 22777 28684
22777 28684 29369
785 152 2778
2778 152 785
152 785 2778
4956 1466 18310
1466 4956 18310
18310 1466 4956
19473 17828 29610
17828 19473 29610
29610 17828 19473
11848 21864 26698
26698 11848 21864
21864 11848 26698
27273 4457 9921
9921 4457 27273
4457 9921 27273
7843 27005 28472
28472 7843 27005
27005 7843 28472
11833 4692 6729
6729 4692 11833
4692 6729 11833
11062 2680 12660
12660 2680 11062
2680 11062 12660
20372 19250 23208
23208 19250 20372
19250 20372 23208
4730 8176 23531
23531 4730 8176
8176 4730 23531
9940 5285 27848
5285 9940 27848
27848 5285 9940
10081 24682 27554
24682 10081 27554
27554 10081 24682
12345 4829 5257
5257 4829 12345
4829 5257 12345
21432 14677 27520
27520 14677 21432
14677 21432 27520
4419 17861 25846
17861 4419 25846
25846 4419 17861
24040 19299 20048
20048 19299 24040
19299 20048 24040
19593 2488 23913
23913 2488 19593
2488 19593 23913
24128 13708 25598
13708 24128 25598
25598 13708 24128
5237 5426 16441
5426 5237 16441
16441 5237 5426
454 11809 22086
22086 454 11809
11809 454 22086
10748 17342 19402
17342 10748 19402
19402 10748 17342
23805 3683 28537
28537 3683 23805
3683 23805 28537
29304 1239 29833
1239 29304 29833
29833 1239 29304
8119 1508 5376
5376 1508 8119
1508 5376 8119
21629 3221 23427
23427 3221 21629
3221 21629 23427
29003 162 25503
162 25503 29003
25503 162 29003
24013 22906 23258
23258 22906 24013
22906 23258 24013
13517 645 3702
645 3702 13517
3702 645 13517
21173 3029 3393
3393 3029 21173
3029 3393 21173
17736 8628 24646
24646 8628 17736
8628 17736 24646
14012 31 4922
31 4922 14012
4922 31 14012
23797 13484 14913
14913 13484 23797
13484 14913 23797
24696 27284 27291
27284 24696 27291
27291 24696 27284
14269 7009 27580
27580 7009 14269
7009 14269 27580
27735 6068 22619
6068 22619 27735
22619 6068 27735
28343 5508 11186
5508 11186 28343
11186 5508 28343
10324 7930 25388
25388 7930 10324
7930 10324 25388
7391 3541 3938
3938 3541 7391
3541 3938 7391
14720 9262 24734
9262 14720 24734
24734 9262 14720
26529 18251 29965
18251 26529 29965
29965 18251 26529
3630 1274 3510
3510 1274 3630
1274 3510 3630
28050 5781 8925
8925 5781 28050
5781 8925 28050
7226 20414 21735
21735 7226 20414
20414 7226 21735
21659 18002 26901
26901 18002 21659
18002 21659 26901
28975 11555 12950
12950 11555 28975
11555 12950 28975
15684 2405 28409
2405 15684 28409
28409 2405 15684
24818 2038 8733
2038 8733 24818
8733 2038 24818
27609 8333 11579
8333 11579 27609
11579 8333 27609
17580 17876 19698
17876 17580 19698
19698 17580 17876
16562 20507 28005
28005 16562 20507
20507 16562 28005
14713 719 958
719 958 14713
958 719 14713
15841 5932 11327
11327 5932 15841
5932 11327 15841
25649 23952 25895
23952 25649 25895
25895 23952 25649
15755 4715 27206
27206 4715 15755
4715 15755 27206
25836 12648 29461
12648 25836 29461
29461 12648 25836
29014 13010 19001
13010 19001 29014
19001 13010 29014
10194 8180 23320
8180 10194 23320
23320 8180 10194
8669 4677 19112
4677 8669 19112
19112 4677 8669
275 23173 29598
29598 275 23173
23173 275 29598
29387 2422 6650
6650 2422 29387
2422 6650 29387
19206 10637 29612
10637 19206 29612
29612 10637 19206
14828 13256 20641
20641 13256 14828
13256 14828 20641
8970 10789 27368
27368 8970 10789
10789 8970 27368
20352 19201 23933
19201 20352 23933
23933 19201 20352
25090 23700 24321
23700 24321 25090
24321 23700 25090
20610 5416 24287
5416 20610 24287
24287 5416 20610
76 19155 19539
19539 76 19155
19155 76 19539
12118 10544 11466
11466 10544 12118
10544 11466 12118
11297 10688 19815
19815 10688 11297
10688 11297 19815
26739 15096 22771
15096 22771 26739
22771 15096 26739
5583 474 15457
15457 474 5583
474 5583 15457
15081 12153 19417
12153 15081 19417
19417 12153 15081
7242 5052 26403
5052 7242 26403
26403 5052 7242
12901 2768 17292
2768 12901 17292
17292 2768 12901
23830 19305 21896
21896 19305 23830
19305 21896 23830
5639 6187 21482
6187 5639 21482
21482 5639 6187
9433 22467 29005
29005 9433 22467
22467 9433 29005
23466 5998 24082
24082 5998 23466
5998 23466 24082
15514 8512 20326
8512 15514 20326
20326 8512 15514
16633 702 21921
702 16633 21921
21921 702 16633
844 6421 14973
6421 844 14973
14973 844 6421
11037 19005 27378
27378 11037 19005
19005 11037 27378
12252 1395 8029
8029 1395 12252
1395 8029 12252
20149 8322 10653
10653 8322 20149
8322 10653 20149
26770 14538 27664
14538 26770 27664
27664 14538 26770
25766 7225 28733
7225 25766 28733
28733 7225 25766
18061 17910 25565
25565 17910 18061
17910 18061 25565
2273 24115 24782
24782 2273 24115
24115 2273 24782
10814 8823 9455
9455 8823 10814
8823 9455 10814
18308 4245 4649
4245 4649 18308
4649 4245 18308
12758 769 26762
769 12758 26762
26762 769 12758
22647 11411 19068
11411 19068 22647
19068 11411 22647
5409 2662 28201
2662 5409 28201
28201 2662 5409
12203 1660 26630
26630 1660 12203
1660 12203 26630
21885 6252 20592
20592 6252 21885
6252 20592 21885
1730 1628 28721
1628 1730 28721
28721 1628 1730
9961 21576 26103
26103 9961 21576
21576 9961 26103
11121 16089 25791
25791 11121 16089
16089 11121 25791
20798 17285 25728
25728 17285 20798
17285 20798 25728
16737 6305 29512
6305 16737 29512
29512 6305 16737
16868 11508 14137
11508 14137 16868
14137 11508 16868
5675 2791 26726
26726 2791 5675
2791 5675 26726
11017 13056 21202
13056 11017 21202
21202 11017 13056
25273 19954 20479
19954 20479 25273
20479 19954 25273
19427 9140 23870
23870 9140 19427
9140 19427 23870
7222 22354 29240
29240 7222 22354
22354 7222 29240
7110 28401 28520
28520 7110 28401
28401 7110 28520
7935 14702 23043
23043 7935 14702
14702 7935 23043
28955 9867 26771
26771 9867 28955
9867 26771 28955
8428 2186 7295
7295 2186 8428
2186 7295 8428
12559 9269 27044
9269 12559 27044
27044 9269 12559
15249 9125 21995
9125 15249 21995
21995 9125 15249
22240 6977 20431
6977 20431 22240
20431 6977 22240
16968 5616 5875
5616 5875 16968
5875 5616 16968
11818 1724 25337
25337 1724 11818
1724 11818 25337
2036 7886 13040
7886 2036 13040
13040 2036 7886
15240 24699 27924
27924 15240 24699
24699 15240 27924
17908 2319 6581
6581 2319 17908
2319 6581 17908
10954 5010 23202
23202 5010 10954
5010 10954 23202
19054 5302 14823
5302 14823 19054
14823 5302 19054
26510 4046 19076
19076 4046 26510
4046 19076 26510
21608 21756 28619
21756 21608 28619
28619 21608 21756
1655 2254 4603
4603 1655 2254
2254 1655 4603
21072 11499 25851
25851 11499 21072
11499 21072 25851
18060 13382 20134
20134 13382 18060
13382 18060 20134
10992 26150 26168
26168 10992 26150
26150 10992 26168
6055 18072 22872
22872 6055 18072
18072 6055 22872
25275 18912 26620
26620 18912 25275
18912 25275 26620
6627 6991 26711
6991 6627 26711
26711 6627 6991
7302 16151 25529
25529 7302 16151
16151 7302 25529
24847 20030 28563
28563 20030 24847
20030 24847 28563
22156 3204 11537
11537 3204 22156
3204 11537 22156
24953 24535 29958
29958 24535 24953
24535 24953 29958
5623 1190 25806
1190 5623 25806
25806 1190 5623
19415 22138 23343
23343 19415 22138
22138 19415 23343
23292 5829 18657
18657 5829 23292
5829 18657 23292
406 3576 22855
22855 406 3576
3576 406 22855
20163 8674 29222
29222 8674 20163
8674 20163 29222
21485 17123 23987
23987 17123 21485
17123 21485 23987
27062 18743 27420
27420 18743 27062
18743 27062 27420
16130 3804 9018
3804 9018 16130
9018 3804 16130
16615 20307 23322
23322 16615 20307
20307 16615 23322
12847 7624 21876
21876 7624 12847
7624 12847 21876
26002 10519 14380
10519 14380 26002
14380 10519 26002
13201 14272 19993
14272 13201 19993
19993 13201 14272
10163 12258 20550
12258 10163 20550
20550 10163 12258
12958 3077 28532
3077 12958 28532
28532 3077 12958
7384 4693 27380
4693 7384 27380
27380 4693 7384
160 15619 18114
18114 160 15619
15619 160 18114
27812 6969 11650
11650 6969 27812
6969 11650 27812
4762 15597 22239
22239 4762 15597
15597 4762 22239
5838 1130 14664
1130 5838 14664
14664 1130 5838
1095 4599 15696
4599 1095 15696
15696 1095 4599
27199 1745 15135
1745 15135 27199
15135 1745 27199
1108 19275 25195
19275 1108 25195
25195 1108 19275
4505 8313 25560
25560 4505 8313
8313 4505 25560
23973 9992 22262
22262 9992 23973
9992 22262 23973
3603 4653 19399
19399 3603 4653
4653 3603 19399
6447 11409 12065
12065 6447 11409
11409 6447 12065
25252 20344 29298
20344 25252 29298
29298 20344 25252
22679 3547 24474
3547 22679 24474
24474 3547 22679
27615 14316 19981
19981 14316 27615
14316 19981 27615
7240 8197 19136
19136 7240 8197
8197 7240 19136
12373 3818 24135
3818 12373 24135
24135 3818 12373
27342 2132 18521
2132 18521 27342
18521 2132 27342
8980 10584 14746
10584 8980 14746
14746 8980 10584
3314 1896 2214
2214 1896 3314
1896 2214 3314
26466 4673 11764
4673 11764 26466
11764 4673 26466
4856 15328 17008
17008 4856 15328
15328 4856 17008
28225 18584 27911
18584 27911 28225
27911 18584 28225
8221 16498 18902
18902 8221 16498
16498 8221 18902
25965 5846 7975
7975 5846 25965
5846 7975 25965
13363 2875 19040
2875 13363 19040
19040 2875 13363
7786 20972 21769
21769 7786 20972
20972 7786 21769
23259 9703 13507
9703 13507 23259
13507 9703 23259
11949 15621 24927
24927 11949 15621
15621 11949 24927
27875 16934 20410
16934 20410 27875
20410 16934 27875
13464 5693 23203
5693 13464 23203
23203 5693 13464
18403 22681 26628
22681 18403 26628
26628 18403 22681
20254 7060 27747
7060 20254 27747
27747 7060 20254
5433 2152 12068
2152 5433 12068
12068 2152 5433
10379 16732 22537
22537 10379 16732
16732 10379 22537
14375 7388 21842
7388 14375 21842
21842 7388 14375
24984 1584 23044
23044 1584 24984
1584 23044 24984
22361 3816 18384
18384 3816 22361
3816 18384 22361
27879 21928 25246
25246 21928 27879
21928 25246 27879
28032 22026 22688
22688 22026 28032
22026 22688 28032
12966 19229 23742
19229 12966 23742
23742 12966 19229
24431 22469 27620
22469 24431 27620
27620 22469 24431
6263 3959 6700
3959 6263 6700
6700 3959 6263
14997 20328 29799
20328 14997 29799
29799 14997 20328
14313 390 3489
390 3489 14313
3489 390 14313
9060 11407 12618
11407 9060 12618
12618 9060 11407
24445 26008 26390
26390 24445 26008
26008 24445 26390
12163 18631 24801
18631 12163 24801
24801 12163 18631
13216 5637 7271
5637 7271 13216
7271 5637 13216
289 1965 17355
1965 289 17355
17355 289 1965
13691 3013 4072
4072 3013 13691
3013 4072 13691
7315 11598 22602
11598 7315 22602
22602 7315 11598
10612 10239 26359
26359 10239 10612
10239 10612 26359
1408 6370 7276
6370 1408 7276
7276 1408 6370
3639 7207 15549
7207 3639 15549
15549 3639 7207
27139 11671 13652
11671 13652 27139
13652 11671 27139
28958 5036 6321
6321 5036 28958
5036 6321 28958
28404 21029 23642
21029 23642 28404
23642 21029 28404
9307 1482 9906
9906 1482 9307
1482 9307 9906
12757 3047 26979
26979 3047 12757
3047 12757 26979
766 3764 19930
19930 766 3764
3764 766 19930
26518 4911 9366
9366 4911 26518
4911 9366 26518
14648 10124 29858
10124 14648 29858
29858 10124 14648
8042 13682 29123
29123 8042 13682
13682 8042 29123
12743 3765 16914
16914 3765 12743
3765 12743 16914
29256 16694 29531
16694 29256 29531
29531 16694 29256
25193 12884 14251
12884 14251 25193
14251 12884 25193
9419 8447 23211
8447 9419 23211
23211 8447 9419
1979 3518 18872
3518 1979 18872
18872 1979 3518
3885 3048 17768
3048 3885 17768
17768 3048 3885
3571 12167 25925
12167 3571 25925
25925 3571 12167
18263 4944 15371
15371 4944 18263
4944 15371 18263
6242 6289 25180
25180 6242 6289
6289 6242 25180
14320 20664 29091
29091 14320 20664
20664 14320 29091
21657 19348 29010
19348 21657 29010
29010 19348 21657
7960 20056 24181
20056 7960 24181
24181 7960 20056
13154 1141 26016
1141 13154 26016
26016 1141 13154
8783 13462 17383
17383 8783 13462
13462 8783 17383
962 9587 21051
21051 962 9587
9587 962 21051
18270 21852 22809
21852 18270 22809
22809 18270 21852
24695 14407 16317
16317 14407 24695
14407 16317 24695
21710 5110 26110
5110 21710 26110
26110 5110 21710
28594 1607 2952
1607 2952 28594
2952 1607 28594
27766 13132 18961
18961 13132 27766
13132 18961 27766
22526 20110 28731
20110 22526 28731
28731 20110 22526
22245 565 23842
565 22245 23842
23842 565 22245
14729 4979 9126
9126 4979 14729
4979 9126 14729
5023 2862 14506
2862 5023 14506
14506 2862 5023
19043 11855 17245
11855 17245 19043
17245 11855 19043
14877 14423 25278
25278 14423 14877
14423 14877 25278
15459 1452 22987
1452 15459 22987
22987 1452 15459
22393 3602 12798
3602 12798 22393
12798 3602 22393
355 9619 27684
27684 355 9619
9619 355 27684
24549 17363 28109
17363 24549 28109
28109 17363 24549
16545 17139 23698
17139 16545 23698
23698 16545 17139
19890 16306 16495
16495 16306 19890
16306 16495 19890
24285 1080 2413
1080 2413 24285
2413 1080 24285
14138 20532 27993
20532 14138 27993
27993 14138 20532
4242 282 13148
282 4242 13148
13148 282 4242
21828 17952 23946
23946 17952 21828
17952 21828 23946
107 16663 23167
23167 107 16663
16663 107 23167
8615 16785 18042
18042 8615 16785
16785 8615 18042
19801 22051 26791
26791 19801 22051
22051 19801 26791
2858 17683 18446
17683 2858 18446
18446 2858 17683
16417 6979 10568
6979 10568 16417
10568 6979 16417
21323 21741 25462
21741 21323 25462
25462 21323 21741
28580 19720 23524
23524 19720 28580
19720 23524 28580
10283 4587 20368
4587 10283 20368
20368 4587 10283
18064 1338 29793
29793 1338 18064
1338 18064 29793
5721 14299 16576
14299 5721 16576
16576 5721 14299
2868 19134 21543
19134 2868 21543
21543 2868 19134
19295 5347 14696
14696 5347 19295
5347 14696 19295
527 2785 15543
2785 527 15543
15543 527 2785
14301 20111 29069
20111 14301 29069
29069 14301 20111
24989 2332 6870
6870 2332 24989
2332 6870 24989
7193 14799 26021
26021 7193 14799
14799 7193 26021
905 6162 19803
19803 905 6162
6162 905 19803
15292 4215 6079
6079 4215 15292
4215 6079 15292
12862 8575 20445
8575 12862 20445
20445 8575 12862
22072 13485 20178
20178 13485 22072
13485 20178 22072
6062 15126 19898
15126 6062 19898
19898 6062 15126
1450 8985 17633
8985 1450 17633
17633 1450 8985
19197 7165 11469
11469 7165 19197
7165 11469 19197
26971 15203 23800
15203 23800 26971
23800 15203 26971
27587 5852 18047
18047 5852 27587
5852 18047 27587
15107 6373 21136
6373 15107 21136
21136 6373 15107
18978 26476 28976
26476 18978 28976
28976 18978 26476
10168 6598 24277
24277 6598 10168
6598 10168 24277
20665 25081 25316
25081 20665 25316
25316 20665 25081
21265 14018 19687
14018 19687 21265
19687 14018 21265
7631 20849 28460
28460 7631 20849
20849 7631 28460
22623 4936 6134
6134 4936 22623
4936 6134 22623
14338 18208 25647
25647 14338 18208
18208 14338 25647
1873 9474 17317
17317 1873 9474
9474 1873 17317
27429 14461 25940
14461 25940 27429
25940 14461 27429
3703 5270 21033
21033 3703 5270
5270 3703 21033
2428 2078 8310
2078 2428 8310
8310 2078 2428
9513 10443 13789
10443 9513 13789
13789 9513 10443
2757 1541 12731
12731 1541 2757
1541 2757 12731
20159 18285 23726
23726 18285 20159
18285 20159 23726
5603 3138 22257
22257 3138 5603
3138 5603 22257
4205 1059 6951
1059 4205 6951
6951 1059 4205
19776 10382 11456
10382 11456 19776
11456 10382 19776
21286 9428 12817
9428 12817 21286
12817 9428 21286
8202 3667 5455
3667 5455 8202
5455 3667 8202
27065 1242 8486
8486 1242 27065
1242 8486 27065
29851 11227 29263
29263 11227 29851
11227 29263 29851
19047 16077 24294
16077 19047 24294
24294 16077 19047
15933 19849 23519
19849 15933 23519
23519 15933 19849
7993 788 15496
15496 788 7993
788 7993 15496
1679 5224 26448
26448 1679 5224
5224 1679 26448
8012 7858 10405
10405 7858 8012
7858 8012 10405
23927 5792 25555
5792 23927 25555
25555 5792 23927
9376 17847 19186
17847 9376 19186
19186 9376 17847
15552 9859 23661
9859 15552 23661
23661 9859 15552
29386 28368 29270
28368 29270 29386
29270 28368 29386
17284 1895 21999
1895 17284 21999
21999 1895 17284
10773 16081 21859
21859 10773 16081
16081 10773 21859
5512 12436 21453
21453 5512 12436
12436 5512 21453
18366 2813 15077
15077 2813 18366
2813 15077 18366
17961 8964 19407
8964 17961 19407
19407 8964 17961
18855 11529 20542
20542 11529 18855
11529 18855 20542
24602 2253 7298
7298 2253 24602
2253 7298 24602
22539 6147 28929
6147 22539 28929
28929 6147 22539
16802 11596 20676
11596 16802 20676
20676 11596 16802
14732 10183 20736
20736 10183 14732
10183 14732 20736
26864 4223 20819
20819 4223 26864
4223 20819 26864
17082 26170 26991
26170 17082 26991
26991 17082 26170
22950 2092 5600
2092 5600 22950
5600 2092 22950
26227 9811 15014
9811 15014 26227
15014 9811 26227
24004 12406 14864
12406 14864 24004
14864 12406 24004
12505 6163 18680
18680 6163 12505
6163 12505 18680
8791 20511 24899
20511 8791 24899
24899 8791 20511
16596 4709 18401
4709 16596 18401
18401 4709 16596
24239 11120 18165
18165 11120 24239
11120 18165 24239
9274 2810 6098
6098 2810 9274
2810 6098 9274
7007 9709 27597
9709 7007 27597
27597 7007 9709
3864 4766 22889
4766 3864 22889
22889 3864 4766
6573 8796 28492
28492 6573 8796
8796 6573 28492
4388 21081 29888
29888 4388 21081
21081 4388 29888
23429 4845 16164
4845 16164 23429
16164 4845 23429
216 23670 26819
26819 216 23670
23670 216 26819
17610 8758 28458
28458 8758 17610
8758 17610 28458
29582 24312 25587
25587 24312 29582
24312 25587 29582
22963 18098 28980
18098 22963 28980
28980 18098 22963
678 15117 25473
15117 678 25473
25473 678 15117
18864 16409 29035
16409 18864 29035
29035 16409 18864
4188 14827 16854
16854 4188 14827
14827 4188 16854
15615 2855 21172
2855 15615 21172
21172 2855 15615
26696 694 9162
694 9162 26696
9162 694 26696
22367 10056 15512
10056 15512 22367
15512 10056 22367
21234 17656 23854
17656 21234 23854
23854 17656 21234
18435 3056 17948
17948 3056 18435
3056 17948 18435
19023 14989 27595
27595 14989 19023
14989 19023 27595
6791 19779 26230
26230 6791 19779
19779 6791 26230
14934 24651 29372
29372 14934 24651
24651 14934 29372
23100 1883 3194
3194 1883 23100
1883 3194 23100
15243 15259 23685
15259 15243 23685
23685 15243 15259
18054 7867 20331
20331 7867 18054
7867 18054 20331
246 6265 18971
6265 246 18971
18971 246 6265
8967 19398 27639
27639 8967 19398
19398 8967 27639
2366 6389 19381
19381 2366 6389
6389 2366 19381
12782 20218 27285
20218 12782 27285
27285 12782 20218
5161 8193 21114
21114 5161 8193
8193 5161 21114
4708 5633 7710
7710 4708 5633
5633 4708 7710
29212 9076 18189
9076 18189 29212
18189 9076 29212
28064 4947 12308
12308 4947 28064
4947 12308 28064
6015 7720 23673
23673 6015 7720
7720 6015 23673
28257 1760 7398
7398 1760 28257
1760 7398 28257
27815 10743 10896
10896 10743 27815
10743 10896 27815
12478 19744 23832
19744 12478 23832
23832 12478 19744
22731 4929 20096
20096 4929 22731
4929 20096 22731
423 2196 29714
2196 423 29714
29714 423 2196
10092 10245 27382
10245 10092 27382
27382 10092 10245
4475 17070 25146
17070 4475 25146
25146 4475 17070
16565 5783 29445
5783 16565 29445
29445 5783 16565
12857 20334 27963
27963 12857 20334
20334 12857 27963
19951 25795 29653
25795 19951 29653
29653 19951 25795
16859 13658 24807
24807 13658 16859
13658 16859 24807
18154 6995 29162
29162 6995 18154
6995 18154 29162
8064 12873 17618
17618 8064 12873
12873 8064 17618
9966 164 14893
164 9966 14893
14893 164 9966
15896 14467 23266
23266 14467 15896
14467 15896 23266
29308 6094 27965
27965 6094 29308
6094 27965 29308
29322 2758 25651
25651 2758 29322
2758 25651 29322
620 14373 23683
14373 620 23683
23683 620 14373
8372 3892 11093
3892 8372 11093
11093 3892 8372
3451 6228 21480
21480 3451 6228
6228 3451 21480
1735 22113 26545
26545 1735 22113
22113 1735 26545
15369 10937 28066
10937 15369 28066
28066 10937 15369
22103 1616 22894
22894 1616 22103
1616 22103 22894
24380 274 26888
274 24380 26888
26888 274 24380
3429 3725 11158
11158 3429 3725
3725 3429 11158
14264 16880 21983
21983 14264 16880
16880 14264 21983
22383 8080 13359
8080 13359 22383
13359 8080 22383
6314 10939 16134
10939 6314 16134
16134 6314 10939
9090 12795 29897
29897 9090 12795
12795 9090 29897
17248 4889 27738
27738 4889 17248
4889 17248 27738
3399 13762 20105
13762 3399 20105
20105 3399 13762
9493 4855 22578
4855 9493 22578
22578 4855 9493
10566 3894 10808
10808 3894 10566
3894 10566 10808
10004 2106 28616
2106 10004 28616
28616 2106 10004
11251 3373 20834
3373 11251 20834
20834 3373 11251
5812 1206 2056
2056 1206 5812
1206 2056 5812
19190 10621 19021
19021 10621 19190
10621 19021 19190
21437 3155 12523
3155 12523 21437
12523 3155 21437
4326 7741 29301
7741 4326 29301
29301 4326 7741
23271 1193 20822
20822 1193 23271
1193 20822 23271
20384 3027 14772
3027 14772 20384
14772 3027 20384
22391 5428 23090
23090 5428 22391
5428 22391 23090
8381 18975 20236
20236 8381 18975
18975 8381 20236
28716 15529 23836
23836 15529 28716
15529 23836 28716
4932 13812 14466
13812 4932 14466
14466 4932 13812
25794 10293 18643
18643 10293 25794
10293 18643 25794
9009 7122 7548
7548 7122 9009
7122 7548 9009
21196 5996 19025
5996 19025 21196
19025 5996 21196
20081 10674 23612
10674 20081 23612
23612 10674 20081
20501 6748 19441
6748 19441 20501
19441 6748 20501
9863 7656 12426
7656 9863 12426
12426 7656 9863
12260 25926 29134
29134 12260 25926
25926 12260 29134
9304 15655 26464
15655 9304 26464
26464 9304 15655
24039 13008 18839
13008 18839 24039
18839 13008 24039
5794 2465 27434
27434 2465 5794
2465 5794 27434
10001 10501 23453
10501 10001 23453
23453 10001 10501
7765 16593 27926
16593 7765 27926
27926 7765 16593
27957 4617 27725
27725 4617 27957
4617 27725 27957
4698 2309 21673
2309 4698 21673
21673 2309 4698
26705 7619 18945
7619 18945 26705
18945 7619 26705
20706 11013 16658
11013 16658 20706
16658 11013 20706
4067 4265 29261
4265 4067 29261
29261 4067 4265
22471 12964 28815
28815 12964 22471
12964 22471 28815
25256 16434 23213
23213 16434 25256
16434 23213 25256
22073 19950 26054
19950 22073 26054
26054 19950 22073
3067 5922 10892
10892 3067 5922
5922 3067 10892
2015 4648 28325
28325 2015 4648
4648 2015 28325
26797 21052 26059
21052 26059 26797
26059 21052 26797
28898 4530 13140
4530 13140 28898
13140 4530 28898
12541 11682 23894
11682 12541 23894
23894 11682 12541
20666 13 22829
13 20666 22829
22829 13 20666
6623 11345 13380
13380 6623 11345
11345 6623 13380
25607 13591 13977
13977 13591 25607
13591 13977 25607
15815 26265 29139
29139 15815 26265
26265 15815 29139
13740 15660 16942
16942 13740 15660
15660 13740 16942
21302 22325 24324
22325 21302 24324
24324 21302 22325
483 21899 29373
21899 483 29373
29373 483 21899
6619 5365 24254
5365 6619 24254
24254 5365 6619
20563 1826 13080
1826 13080 20563
13080 1826 20563
20452 1526 1747
1526 1747 20452
1747 1526 20452
29637 24023 27603
27603 24023 29637
24023 27603 29637
12787 14151 21254
14151 12787 21254
21254 12787 14151
17437 13869 20232
20232 13869 17437
13869 17437 20232
17845 5215 25544
25544 5215 17845
5215 17845 25544
22824 17309 21212
17309 21212 22824
21212 17309 22824
6735 8069 28226
8069 6735 28226
28226 6735 8069
8277 16657 29078
