14870 3135 20945
3135 14870 20945
20945 3135 14870
19625 6107 27416
6107 19625 27416
27416 6107 19625
14578 15669 18530
18530 14578 15669
15669 14578 18530
18620 12532 24521
12532 18620 24521
24521 12532 18620
24958 3668 15768
15768 3668 24958
3668 15768 24958
22975 1405 4767
4767 1405 22975
1405 4767 22975
28912 9169 24509
9169 24509 28912
24509 9169 28912
17582 6496 25222
25222 6496 17582
6496 17582 25222
18917 24483 29534
29534 18917 24483
24483 18917 29534
26819 1951 28506
1951 26819 28506
28506 1951 26819
17662 6258 12046
6258 12046 17662
12046 6258 17662
7860 2364 19257
2364 7860 19257
19257 2364 7860
17291 12445 16231
12445 16231 17291
16231 12445 17291
11147 5830 21572
21572 5830 11147
5830 11147 21572
3392 8718 26240
8718 3392 26240
26240 3392 8718
20534 19725 25350
19725 20534 25350
25350 19725 20534
10072 10264 21376
21376 10072 10264
10264 10072 21376
7036 936 25077
25077 936 7036
936 7036 25077
3665 7393 9634
9634 3665 7393
7393 3665 9634
26132 1383 17827
1383 17827 26132
17827 1383 26132
20532 6373 20670
6373 20532 20670
20670 6373 20532
15083 774 28963
774 15083 28963
28963 774 15083
24378 6736 7986
6736 7986 24378
7986 6736 24378
10212 25404 28787
25404 10212 28787
28787 10212 25404
11140 4734 9904
4734 9904 11140
9904 4734 11140
22141 438 5907
5907 438 22141
438 5907 22141
25136 16077 16290
16290 16077 25136
16077 16290 25136
7123 14496 23869
14496 7123 23869
23869 7123 14496
27311 2355 10295
2355 10295 27311
10295 2355 27311
19201 5916 20755
20755 5916 19201
5916 19201 20755
7733 5732 29516
29516 5732 7733
5732 7733 29516
6119 20172 28103
20172 6119 28103
28103 6119 20172
18454 4815 26411
26411 4815 18454
4815 18454 26411
1777 4824 14620
14620 1777 4824
4824 1777 14620
14648 3978 17696
3978 14648 17696
17696 3978 14648
853 22420 25227
25227 853 22420
22420 853 25227
14873 10280 24284
10280 14873 24284
24284 10280 14873
5318 122 24730
122 5318 24730
24730 122 5318
2782 9148 21550
9148 2782 21550
21550 2782 9148
27524 5641 27073
27073 5641 27524
5641 27073 27524
7702 8609 27480
8609 7702 27480
27480 7702 8609
6484 3028 25149
25149 3028 6484
3028 6484 25149
21012 627 10920
10920 627 21012
627 10920 21012
4296 16747 16749
16747 4296 16749
16749 4296 16747
28134 10178 19852
19852 10178 28134
10178 19852 28134
19602 14438 17944
17944 14438 19602
14438 17944 19602
12780 23045 27741
27741 12780 23045
23045 12780 27741
20146 13488 22959
13488 20146 22959
22959 13488 20146
27477 257 1625
257 1625 27477
1625 257 27477
2384 14332 18577
18577 2384 14332
14332 2384 18577
4530 14674 27509
14674 4530 27509
27509 4530 14674
24116 17691 26986
26986 17691 24116
17691 24116 26986
15903 8983 12409
8983 12409 15903
12409 8983 15903
7978 22846 23883
23883 7978 22846
22846 7978 23883
23989 5883 23818
5883 23818 23989
23818 5883 23989
23577 10537 22692
10537 22692 23577
22692 10537 23577
13686 2399 10119
10119 2399 13686
2399 10119 13686
2396 740 16929
16929 740 2396
740 2396 16929
28686 2719 4139
2719 4139 28686
4139 2719 28686
19913 4042 29709
4042 19913 29709
29709 4042 19913
5412 7289 10857
7289 5412 10857
10857 5412 7289
27851 19470 20503
19470 20503 27851
20503 19470 27851
3317 5434 27494
5434 3317 27494
27494 3317 5434
26401 21293 27272
21293 26401 27272
27272 21293 26401
19868 18384 26866
26866 18384 19868
18384 19868 26866
29433 20033 25100
20033 25100 29433
25100 20033 29433
27501 21103 29120
29120 21103 27501
21103 27501 29120
9193 4387 25108
25108 4387 9193
4387 9193 25108
23716 17905 25902
17905 23716 25902
25902 17905 23716
15474 17598 27703
27703 15474 17598
17598 15474 27703
10034 24863 28780
28780 10034 24863
24863 10034 28780
2066 9477 22150
22150 2066 9477
9477 2066 22150
2442 3760 29488
3760 2442 29488
29488 2442 3760
20552 6226 13070
13070 6226 20552
6226 13070 20552
13775 12450 26767
12450 13775 26767
26767 12450 13775
17626 1935 26725
1935 17626 26725
26725 1935 17626
24618 7559 14993
14993 7559 24618
7559 14993 24618
15981 2873 26606
2873 15981 26606
26606 2873 15981
9484 4335 19356
4335 9484 19356
19356 4335 9484
25129 26142 26702
26142 25129 26702
26702 25129 26142
13889 2990 27614
27614 2990 13889
2990 13889 27614
10527 8192 20019
8192 10527 20019
20019 8192 10527
22513 6706 27728
27728 6706 22513
6706 22513 27728
27119 15659 22728
15659 22728 27119
22728 15659 27119
26627 2061 9845
2061 9845 26627
9845 2061 26627
22090 2702 26650
2702 22090 26650
26650 2702 22090
7016 8986 20247
20247 7016 8986
8986 7016 20247
17015 4771 24263
4771 17015 24263
24263 4771 17015
19094 4634 17643
4634 17643 19094
17643 4634 19094
17179 7621 20634
7621 17179 20634
20634 7621 17179
16315 1158 8572
1158 8572 16315
8572 1158 16315
23463 4445 25868
4445 23463 25868
25868 4445 23463
2392 7286 19555
7286 2392 19555
19555 2392 7286
8124 19425 27821
27821 8124 19425
19425 8124 27821
4354 7912 26666
26666 4354 7912
7912 4354 26666
6742 17116 29273
29273 6742 17116
17116 6742 29273
4012 1699 11746
1699 4012 11746
11746 1699 4012
12927 355 9766
355 9766 12927
9766 355 12927
13587 28501 29343
29343 13587 28501
28501 13587 29343
9159 15401 18392
15401 9159 18392
18392 9159 15401
22913 17575 22793
17575 22793 22913
22793 17575 22913
19760 12219 14756
14756 12219 19760
12219 14756 19760
29117 5538 6245
5538 6245 29117
6245 5538 29117
11982 4575 26692
4575 11982 26692
26692 4575 11982
18939 21084 23362
21084 18939 23362
23362 18939 21084
2058 4809 8101
4809 2058 8101
8101 2058 4809
11031 13767 13858
13858 11031 13767
13767 11031 13858
18716 5210 16653
16653 5210 18716
5210 16653 18716
7390 6215 9198
6215 7390 9198
9198 6215 7390
15750 4694 14124
14124 4694 15750
4694 14124 15750
3104 1254 18322
18322 1254 3104
1254 3104 18322
23274 22685 24900
22685 23274 24900
24900 22685 23274
29310 17135 21130
21130 17135 29310
17135 21130 29310
18930 9335 28791
9335 18930 28791
28791 9335 18930
13482 16894 19750
19750 13482 16894
16894 13482 19750
29994 3053 24719
24719 3053 29994
3053 24719 29994
27316 18013 27153
27153 18013 27316
18013 27153 27316
25203 6911 17715
6911 17715 25203
17715 6911 25203
1834 2623 27331
2623 1834 27331
27331 1834 2623
554 10461 19696
19696 554 10461
10461 554 19696
6906 6249 19349
19349 6249 6906
6249 6906 19349
2394 4096 13190
4096 2394 13190
13190 2394 4096
9209 12987 19605
19605 9209 12987
12987 9209 19605
13386 3517 16390
3517 13386 16390
16390 3517 13386
19885 13888 21222
21222 13888 19885
13888 19885 21222
15286 9383 23860
9383 15286 23860
23860 9383 15286
23259 7316 10037
10037 7316 23259
7316 10037 23259
14952 21303 25402
25402 14952 21303
21303 14952 25402
25178 9872 15950
9872 15950 25178
15950 9872 25178
5963 4306 9144
4306 5963 9144
9144 4306 5963
5460 18476 19571
19571 5460 18476
18476 5460 19571
22080 21624 28649
28649 21624 22080
21624 22080 28649
23144 7318 19559
19559 7318 23144
7318 19559 23144
13754 28489 28731
28489 13754 28731
28731 13754 28489
6039 16835 29859
29859 6039 16835
16835 6039 29859
14983 4607 5321
4607 5321 14983
5321 4607 14983
1008 2870 6408
2870 1008 6408
6408 1008 2870
24404 2757 19230
19230 2757 24404
2757 19230 24404
20821 1229 13023
1229 13023 20821
13023 1229 20821
21268 10180 27962
10180 21268 27962
27962 10180 21268
16486 6865 10379
10379 6865 16486
6865 10379 16486
22944 1606 18606
18606 1606 22944
1606 18606 22944
1925 1549 15220
1549 1925 15220
15220 1549 1925
21583 5339 28314
5339 21583 28314
28314 5339 21583
10987 19783 20012
20012 10987 19783
19783 10987 20012
13218 15663 26875
26875 13218 15663
15663 13218 26875
5156 7178 11161
11161 5156 7178
7178 5156 11161
21377 24705 26992
24705 21377 26992
26992 21377 24705
7593 5798 12263
12263 5798 7593
5798 7593 12263
11119 1175 29130
29130 1175 11119
1175 11119 29130
16526 1389 6574
6574 1389 16526
1389 6574 16526
14337 16648 22477
16648 14337 22477
22477 14337 16648
861 11361 27904
27904 861 11361
11361 861 27904
25916 353 10584
353 10584 25916
10584 353 25916
15046 14939 18269
18269 14939 15046
14939 15046 18269
19685 11782 29563
11782 19685 29563
29563 11782 19685
11760 1901 27376
27376 1901 11760
1901 11760 27376
12166 17553 20533
20533 12166 17553
17553 12166 20533
1343 11855 16577
11855 1343 16577
16577 1343 11855
23949 24493 26151
24493 23949 26151
26151 23949 24493
19904 19896 22588
19896 19904 22588
22588 19896 19904
8888 21963 24697
24697 8888 21963
21963 8888 24697
23080 11116 20293
11116 20293 23080
20293 11116 23080
29426 23662 25504
25504 23662 29426
23662 25504 29426
1528 13677 15275
13677 1528 15275
15275 1528 13677
24343 1464 9337
1464 9337 24343
9337 1464 24343
12413 15540 17478
15540 12413 17478
17478 12413 15540
6210 22839 28948
22839 6210 28948
28948 6210 22839
27952 8035 22252
8035 22252 27952
22252 8035 27952
5436 5129 9356
5129 5436 9356
9356 5129 5436
2200 3584 23000
23000 2200 3584
3584 2200 23000
3894 5731 10531
10531 3894 5731
5731 3894 10531
8008 1521 1992
1521 1992 8008
1992 1521 8008
17865 14021 18739
18739 14021 17865
14021 17865 18739
7037 3512 26800
26800 3512 7037
3512 7037 26800
25225 25963 28530
28530 25225 25963
25963 25225 28530
18403 22540 22936
22540 18403 22936
22936 18403 22540
28874 11238 20206
11238 20206 28874
20206 11238 28874
26247 5640 14905
5640 14905 26247
14905 5640 26247
1145 1440 9411
9411 1145 1440
1440 1145 9411
28971 14889 27628
14889 27628 28971
27628 14889 28971
1989 1623 25375
25375 1623 1989
1623 1989 25375
24641 20814 28214
28214 20814 24641
20814 24641 28214
25768 6382 11268
6382 11268 25768
11268 6382 25768
20446 18793 25618
25618 18793 20446
18793 20446 25618
17057 98 11421
98 11421 17057
11421 98 17057
3808 9409 14947
14947 3808 9409
9409 3808 14947
7626 9364 14855
9364 7626 14855
14855 7626 9364
17224 12402 17239
17239 12402 17224
12402 17224 17239
15399 6282 18857
18857 6282 15399
6282 15399 18857
18463 10913 22301
22301 10913 18463
10913 18463 22301
16278 27495 29506
29506 16278 27495
27495 16278 29506
2932 545 17463
17463 545 2932
545 2932 17463
801 3212 18456
18456 801 3212
3212 801 18456
16698 17760 17805
17805 16698 17760
17760 16698 17805
237 7334 11697
11697 237 7334
7334 237 11697
19985 7588 26006
26006 7588 19985
7588 19985 26006
16443 16772 25128
25128 16443 16772
16772 16443 25128
20758 16694 17721
16694 17721 20758
17721 16694 20758
12198 16937 28921
16937 12198 28921
28921 12198 16937
23629 1283 10498
10498 1283 23629
1283 10498 23629
12395 2005 20910
20910 2005 12395
2005 12395 20910
26203 11679 14554
14554 11679 26203
11679 14554 26203
13569 16142 28228
16142 13569 28228
28228 13569 16142
21843 12748 23307
12748 21843 23307
23307 12748 21843
27199 6186 24001
6186 24001 27199
24001 6186 27199
17040 7152 20256
7152 17040 20256
20256 7152 17040
27624 9771 11776
9771 11776 27624
11776 9771 27624
23292 11566 26707
11566 23292 26707
26707 11566 23292
8836 9515 23928
9515 8836 23928
23928 8836 9515
2271 19842 29707
29707 2271 19842
19842 2271 29707
16762 15298 25689
15298 16762 25689
25689 15298 16762
4464 4430 17862
17862 4430 4464
4430 4464 17862
27841 5761 24669
24669 5761 27841
5761 24669 27841
20778 16456 27860
27860 16456 20778
16456 20778 27860
13614 1950 29129
29129 1950 13614
1950 13614 29129
13805 17907 20253
17907 13805 20253
20253 13805 17907
5162 5302 9762
5302 5162 9762
9762 5162 5302
19772 7368 27657
27657 7368 19772
7368 19772 27657
10189 11020 11834
11834 10189 11020
11020 10189 11834
28062 3029 24321
3029 24321 28062
24321 3029 28062
978 7380 23969
23969 978 7380
7380 978 23969
23039 24473 29189
24473 23039 29189
29189 23039 24473
2745 7291 20933
20933 2745 7291
7291 2745 20933
6389 4725 15398
15398 4725 6389
4725 6389 15398
21527 3323 22143
22143 3323 21527
3323 21527 22143
25990 39 10005
10005 39 25990
39 10005 25990
10310 18468 20985
20985 10310 18468
18468 10310 20985
27464 1189 5766
5766 1189 27464
1189 5766 27464
7671 1445 21319
1445 7671 21319
21319 1445 7671
29590 5777 9681
5777 9681 29590
9681 5777 29590
17192 15334 16966
15334 16966 17192
16966 15334 17192
7346 14930 27910
27910 7346 14930
14930 7346 27910
1933 1643 27993
1643 1933 27993
27993 1643 1933
3890 13416 19456
19456 3890 13416
13416 3890 19456
13418 1536 9474
9474 1536 13418
1536 9474 13418
16475 2261 25895
2261 16475 25895
25895 2261 16475
23109 20840 23503
20840 23109 23503
23503 20840 23109
20080 11631 22157
22157 11631 20080
11631 20080 22157
18909 4352 13807
4352 13807 18909
13807 4352 18909
21741 7544 18378
18378 7544 21741
7544 18378 21741
24082 22670 27038
22670 24082 27038
27038 22670 24082
4639 11170 23827
11170 4639 23827
23827 4639 11170
11151 2646 9701
2646 9701 11151
9701 2646 11151
29618 6585 28950
6585 28950 29618
28950 6585 29618
11798 167 18230
167 11798 18230
18230 167 11798
27421 9261 9931
9931 9261 27421
9261 9931 27421
3716 14772 18118
14772 3716 18118
18118 3716 14772
20069 1380 20106
1380 20069 20106
20106 1380 20069
10490 7279 19782
7279 10490 19782
19782 7279 10490
2113 2638 4760
2638 2113 4760
4760 2113 2638
5967 2009 8065
2009 5967 8065
8065 2009 5967
10874 11448 17172
11448 10874 17172
17172 10874 11448
13260 9400 19098
19098 9400 13260
9400 13260 19098
342 28356 29071
29071 342 28356
28356 342 29071
25985 100 14374
100 14374 25985
14374 100 25985
26736 11497 15340
11497 15340 26736
15340 11497 26736
9873 29229 29685
29685 9873 29229
29229 9873 29685
7355 5810 10971
5810 7355 10971
10971 5810 7355
23795 1533 25818
1533 23795 25818
25818 1533 23795
24173 17782 20082
20082 17782 24173
17782 20082 24173
12628 8932 16487
16487 8932 12628
8932 12628 16487
16175 4838 19580
19580 4838 16175
4838 16175 19580
25578 21399 21602
21602 21399 25578
21399 21602 25578
12423 3153 18851
3153 12423 18851
18851 3153 12423
11530 5016 21297
21297 5016 11530
5016 11530 21297
12180 15123 18480
18480 12180 15123
15123 12180 18480
27596 15252 15949
15252 15949 27596
15949 15252 27596
28433 10997 15867
15867 10997 28433
10997 15867 28433
5319 11279 14217
11279 5319 14217
14217 5319 11279
3337 1716 13015
13015 1716 3337
1716 3337 13015
1857 18831 19746
19746 1857 18831
18831 1857 19746
16570 1744 24231
24231 1744 16570
1744 16570 24231
2669 22721 23363
23363 2669 22721
22721 2669 23363
7899 4214 15983
15983 4214 7899
4214 7899 15983
13008 14941 28312
14941 13008 28312
28312 13008 14941
5843 23245 27338
27338 5843 23245
23245 5843 27338
2682 17483 22237
22237 2682 17483
17483 2682 22237
20962 5255 22444
5255 20962 22444
22444 5255 20962
29571 9217 13925
13925 9217 29571
9217 13925 29571
77 9910 28852
28852 77 9910
9910 77 28852
10781 276 7047
7047 276 10781
276 7047 10781
9102 4986 11754
4986 9102 11754
11754 4986 9102
3235 8430 14035
8430 3235 14035
14035 3235 8430
14553 12819 29306
12819 14553 29306
29306 12819 14553
2517 7201 23043
23043 2517 7201
7201 2517 23043
4009 145 27877
145 4009 27877
27877 145 4009
1128 19836 20032
20032 1128 19836
19836 1128 20032
17704 6267 13410
13410 6267 17704
6267 13410 17704
11876 687 21306
21306 687 11876
687 11876 21306
11457 8084 24286
8084 11457 24286
24286 8084 11457
28252 8301 9251
8301 9251 28252
9251 8301 28252
4349 17568 24615
17568 4349 24615
24615 4349 17568
27592 854 2916
854 2916 27592
2916 854 27592
12101 11804 23269
11804 12101 23269
23269 11804 12101
24711 15728 18854
18854 15728 24711
15728 18854 24711
2303 19020 21078
21078 2303 19020
19020 2303 21078
26489 18113 18130
18113 18130 26489
18130 18113 26489
13293 19643 29118
19643 13293 29118
29118 13293 19643
10605 3025 6142
6142 3025 10605
3025 6142 10605
10666 4467 21468
4467 10666 21468
21468 4467 10666
21657 7164 8263
8263 7164 21657
7164 8263 21657
1339 13660 22972
13660 1339 22972
22972 1339 13660
15730 18270 25822
25822 15730 18270
18270 15730 25822
28383 864 17218
864 17218 28383
17218 864 28383
29717 4058 17461
17461 4058 29717
4058 17461 29717
8069 1473 24666
1473 8069 24666
24666 1473 8069
22009 26158 27220
27220 22009 26158
26158 22009 27220
18582 7693 9609
9609 7693 18582
7693 9609 18582
27939 16406 29242
29242 16406 27939
16406 27939 29242
21076 22542 22563
22563 21076 22542
22542 21076 22563
10377 3313 29122
29122 3313 10377
3313 10377 29122
22458 10281 15386
15386 10281 22458
10281 15386 22458
12355 605 2641
2641 605 12355
605 2641 12355
23838 13966 18963
18963 13966 23838
13966 18963 23838
2917 70 13602
70 2917 13602
13602 70 2917
10051 4211 21330
4211 10051 21330
21330 4211 10051
20294 12730 22981
22981 12730 20294
12730 20294 22981
5083 6565 17141
6565 5083 17141
17141 5083 6565
3489 11757 15598
11757 3489 15598
15598 3489 11757
13459 20433 27687
20433 13459 27687
27687 13459 20433
24796 19007 29727
29727 19007 24796
19007 24796 29727
26121 863 5724
863 5724 26121
5724 863 26121
2056 5658 12224
12224 2056 5658
5658 2056 12224
3830 10416 22580
22580 3830 10416
10416 3830 22580
28806 917 19566
19566 917 28806
917 19566 28806
27632 5605 20255
5605 20255 27632
20255 5605 27632
27440 8171 22608
8171 22608 27440
22608 8171 27440
26075 7839 19763
19763 7839 26075
7839 19763 26075
9248 22736 28527
28527 9248 22736
22736 9248 28527
14942 23175 23460
23175 14942 23460
23460 14942 23175
10895 7100 21969
21969 7100 10895
7100 10895 21969
6464 1701 12812
1701 6464 12812
12812 1701 6464
14285 12699 19392
19392 12699 14285
12699 14285 19392
14840 21946 27371
21946 14840 27371
27371 14840 21946
2877 22291 28775
22291 2877 28775
28775 2877 22291
29833 26442 28651
28651 26442 29833
26442 28651 29833
19585 7053 28341
7053 19585 28341
28341 7053 19585
24036 10837 27571
10837 24036 27571
27571 10837 24036
601 14805 18494
18494 601 14805
14805 601 18494
13813 13913 14828
13913 13813 14828
14828 13813 13913
764 9428 20485
9428 764 20485
20485 764 9428
4315 29112 29249
29112 4315 29249
29249 4315 29112
8996 1039 18592
18592 1039 8996
1039 8996 18592
14512 6031 20750
6031 14512 20750
20750 6031 14512
7459 21479 29963
21479 7459 29963
29963 7459 21479
26597 13870 16658
16658 13870 26597
13870 16658 26597
4997 19332 28606
19332 4997 28606
28606 4997 19332
10253 903 8351
8351 903 10253
903 8351 10253
27388 6750 26252
26252 6750 27388
6750 26252 27388
17363 7524 10271
7524 10271 17363
10271 7524 17363
15882 10690 27499
10690 15882 27499
27499 10690 15882
25161 2438 26779
26779 2438 25161
2438 25161 26779
22200 11429 11635
11635 11429 22200
11429 11635 22200
29942 16619 26237
26237 16619 29942
16619 26237 29942
25959 2287 4127
2287 4127 25959
4127 2287 25959
6690 10679 25760
25760 6690 10679
10679 6690 25760
18031 17333 19178
17333 18031 19178
19178 17333 18031
24053 1030 9516
9516 1030 24053
1030 9516 24053
26008 13228 21559
21559 13228 26008
13228 21559 26008
10692 16024 19499
16024 10692 19499
19499 10692 16024
10155 7218 26061
26061 7218 10155
7218 10155 26061
23809 16089 27948
27948 16089 23809
16089 23809 27948
18341 12775 25956
12775 18341 25956
25956 12775 18341
3910 17910 28738
28738 3910 17910
17910 3910 28738
11559 20490 24708
20490 11559 24708
24708 11559 20490
23798 20681 26120
26120 20681 23798
20681 23798 26120
9286 7658 23667
23667 7658 9286
7658 9286 23667
29923 7598 17685
7598 17685 29923
17685 7598 29923
1664 17053 18562
17053 1664 18562
18562 1664 17053
6930 1957 29131
29131 1957 6930
1957 6930 29131
92 3737 4116
3737 92 4116
4116 92 3737
8499 9157 21584
21584 8499 9157
9157 8499 21584
18748 22086 28779
22086 18748 28779
28779 18748 22086
18811 23101 27437
23101 18811 27437
27437 18811 23101
15366 4740 28141
28141 4740 15366
4740 15366 28141
4345 18315 19498
18315 4345 19498
19498 4345 18315
21890 6779 23462
23462 6779 21890
6779 21890 23462
6878 12357 15497
12357 6878 15497
15497 6878 12357
15578 22852 25283
25283 15578 22852
22852 15578 25283
10063 22101 27837
22101 10063 27837
27837 10063 22101
16725 22114 27925
27925 16725 22114
22114 16725 27925
25855 8676 15107
15107 8676 25855
8676 15107 25855
15656 5330 19611
19611 5330 15656
5330 15656 19611
8990 8241 19282
19282 8241 8990
8241 8990 19282
8234 17601 27593
27593 8234 17601
17601 8234 27593
688 3756 8346
8346 688 3756
3756 688 8346
26786 8410 18426
8410 18426 26786
18426 8410 26786
3307 15100 29422
15100 3307 29422
29422 3307 15100
23400 11501 13794
11501 13794 23400
13794 11501 23400
18902 3014 29254
29254 3014 18902
3014 18902 29254
22479 22417 22577
22577 22417 22479
22417 22479 22577
8728 5621 6815
6815 5621 8728
5621 6815 8728
15866 784 12903
784 12903 15866
12903 784 15866
11655 9412 25693
25693 9412 11655
9412 11655 25693
18344 1200 26805
26805 1200 18344
1200 18344 26805
21347 15520 19506
19506 15520 21347
15520 19506 21347
27959 573 23519
23519 573 27959
573 23519 27959
12827 7429 22666
7429 12827 22666
22666 7429 12827
22055 5521 11005
11005 5521 22055
5521 11005 22055
12758 17184 17985
17985 12758 17184
17184 12758 17985
19607 194 7183
7183 194 19607
194 7183 19607
18383 11326 26436
11326 18383 26436
26436 11326 18383
13762 5770 7041
7041 5770 13762
5770 7041 13762
26238 3211 3773
3211 3773 26238
3773 3211 26238
10123 18253 25745
18253 10123 25745
25745 10123 18253
9436 3254 15201
3254 9436 15201
15201 3254 9436
19699 6709 12474
6709 12474 19699
12474 6709 19699
6729 3964 6152
3964 6152 6729
6152 3964 6729
26613 7028 12293
12293 7028 26613
7028 12293 26613
28670 18505 19032
19032 18505 28670
18505 19032 28670
27182 1225 21854
1225 21854 27182
21854 1225 27182
20484 2077 19820
2077 19820 20484
19820 2077 20484
16703 1435 27920
27920 1435 16703
1435 16703 27920
1467 20667 26470
20667 1467 26470
26470 1467 20667
17732 25070 25896
25070 17732 25896
25896 17732 25070
8277 26251 27412
27412 8277 26251
26251 8277 27412
3980 24731 24857
24731 3980 24857
24857 3980 24731
7739 3725 15677
3725 7739 15677
15677 3725 7739
18704 12797 28354
12797 18704 28354
28354 12797 18704
14765 6499 21139
21139 6499 14765
6499 14765 21139
14338 13147 20506
20506 13147 14338
13147 14338 20506
7847 14682 29471
29471 7847 14682
14682 7847 29471
17286 10068 16371
10068 16371 17286
16371 10068 17286
1890 22651 23955
23955 1890 22651
22651 1890 23955
23675 20219 24010
24010 20219 23675
20219 23675 24010
5888 14515 21499
21499 5888 14515
14515 5888 21499
26973 18334 21325
18334 21325 26973
21325 18334 26973
27969 25371 27945
25371 27945 27969
27945 25371 27969
28435 12956 27344
12956 27344 28435
27344 12956 28435
21975 6664 24569
6664 21975 24569
24569 6664 21975
14428 11786 21225
21225 11786 14428
11786 14428 21225
3575 5699 20065
5699 3575 20065
20065 3575 5699
13182 21226 27718
27718 13182 21226
21226 13182 27718
12085 492 22525
22525 492 12085
492 12085 22525
19484 3943 23764
23764 3943 19484
3943 19484 23764
17583 10760 17874
17874 10760 17583
10760 17583 17874
12435 3479 6306
3479 6306 12435
6306 3479 12435
3072 3268 20589
3268 3072 20589
20589 3072 3268
7790 8427 26890
26890 7790 8427
8427 7790 26890
17936 13872 28315
28315 13872 17936
13872 17936 28315
18580 1861 12630
1861 12630 18580
12630 1861 18580
13972 6129 12341
6129 12341 13972
12341 6129 13972
21450 1707 3933
3933 1707 21450
1707 3933 21450
6149 11739 25611
25611 6149 11739
11739 6149 25611
25591 14975 28449
14975 25591 28449
28449 14975 25591
10693 9206 12824
9206 10693 12824
12824 9206 10693
7280 16596 21500
21500 7280 16596
16596 7280 21500
16593 7852 12204
7852 12204 16593
12204 7852 16593
6873 4581 18319
4581 6873 18319
18319 4581 6873
11314 921 4459
4459 921 11314
921 4459 11314
1847 10491 27873
27873 1847 10491
10491 1847 27873
12313 15595 23229
23229 12313 15595
15595 12313 23229
772 8173 22615
22615 772 8173
8173 772 22615
7841 6254 18398
18398 6254 7841
6254 7841 18398
22902 8417 19964
19964 8417 22902
8417 19964 22902
13007 9163 15707
15707 9163 13007
9163 13007 15707
28392 5779 26733
5779 26733 28392
26733 5779 28392
4078 2901 15760
2901 4078 15760
15760 2901 4078
11390 5602 18390
5602 11390 18390
18390 5602 11390
15536 16326 25562
25562 15536 16326
16326 15536 25562
13075 23214 23934
23934 13075 23214
23214 13075 23934
10933 16858 24106
24106 10933 16858
16858 10933 24106
23401 6194 23256
23256 6194 23401
6194 23256 23401
6264 14743 29320
14743 6264 29320
29320 6264 14743
12670 7018 10188
10188 7018 12670
7018 10188 12670
23142 2164 23291
2164 23142 23291
23291 2164 23142
6756 668 24894
24894 668 6756
668 6756 24894
17255 5094 20423
5094 17255 20423
20423 5094 17255
27424 18587 26224
18587 26224 27424
26224 18587 27424
29114 12200 13963
12200 13963 29114
13963 12200 29114
2567 14016 14550
14550 2567 14016
14016 2567 14550
21649 7996 27928
27928 7996 21649
7996 21649 27928
11967 19761 27838
19761 11967 27838
27838 11967 19761
9879 18176 24722
18176 9879 24722
24722 9879 18176
7089 12563 21464
12563 7089 21464
21464 7089 12563
27826 2134 29806
2134 27826 29806
29806 2134 27826
28368 2199 16088
2199 16088 28368
16088 2199 28368
25162 1137 21606
21606 1137 25162
1137 21606 25162
1580 14288 29111
14288 1580 29111
29111 1580 14288
8979 2475 4745
4745 2475 8979
2475 4745 8979
28730 3827 12248
3827 12248 28730
12248 3827 28730
17566 13139 24676
13139 17566 24676
24676 13139 17566
28322 13256 22614
22614 13256 28322
13256 22614 28322
5190 947 13223
13223 947 5190
947 5190 13223
16354 4913 20038
4913 16354 20038
20038 4913 16354
20111 1883 12190
1883 12190 20111
12190 1883 20111
27507 14669 15341
15341 14669 27507
14669 15341 27507
2217 2542 20073
2542 2217 20073
20073 2217 2542
22317 23136 27282
27282 22317 23136
23136 22317 27282
20521 1344 29720
1344 20521 29720
29720 1344 20521
1067 18222 25891
18222 1067 25891
25891 1067 18222
28550 14265 28242
14265 28242 28550
28242 14265 28550
7834 2145 29220
29220 2145 7834
2145 7834 29220
9470 2743 15006
2743 9470 15006
15006 2743 9470
4682 236 28010
28010 236 4682
236 4682 28010
28827 20118 23844
23844 20118 28827
20118 23844 28827
13639 5694 23316
5694 13639 23316
23316 5694 13639
27848 1210 5042
1210 5042 27848
5042 1210 27848
6630 15912 26502
15912 6630 26502
26502 6630 15912
3301 10147 16441
10147 3301 16441
16441 3301 10147
10719 18933 29419
29419 10719 18933
18933 10719 29419
3232 15425 16539
16539 3232 15425
15425 3232 16539
16303 2435 18581
2435 16303 18581
18581 2435 16303
19238 4623 28742
4623 19238 28742
28742 4623 19238
24690 5377 17560
17560 5377 24690
5377 17560 24690
13362 12538 14118
12538 13362 14118
14118 12538 13362
4018 11673 26027
11673 4018 26027
26027 4018 11673
15608 7679 20573
7679 15608 20573
20573 7679 15608
22402 14314 23376
14314 22402 23376
23376 14314 22402
6081 4532 13705
4532 6081 13705
13705 4532 6081
470 5976 27418
27418 470 5976
5976 470 27418
18819 6034 26039
26039 6034 18819
6034 18819 26039
4776 7642 21072
7642 4776 21072
21072 4776 7642
18497 2621 20682
20682 2621 18497
2621 18497 20682
1012 4289 18107
4289 1012 18107
18107 1012 4289
11377 4283 18489
18489 4283 11377
4283 11377 18489
4195 9970 20668
9970 4195 20668
20668 4195 9970
5646 13367 23874
13367 5646 23874
23874 5646 13367
6573 18239 21154
21154 6573 18239
18239 6573 21154
7338 6544 16338
6544 7338 16338
16338 6544 7338
11036 17097 18019
17097 11036 18019
18019 11036 17097
14565 9232 24524
9232 14565 24524
24524 9232 14565
8650 20868 24915
20868 8650 24915
24915 8650 20868
9949 2098 12486
12486 2098 9949
2098 9949 12486
22560 6832 23900
6832 22560 23900
23900 6832 22560
3610 4202 24472
4202 3610 24472
24472 3610 4202
24634 1638 17068
1638 17068 24634
17068 1638 24634
15757 3615 29553
3615 15757 29553
29553 3615 15757
28938 12872 28163
12872 28163 28938
28163 12872 28938
4737 1868 7333
7333 1868 4737
1868 4737 7333
4004 4123 20576
20576 4004 4123
4123 4004 20576
24907 16970 29313
16970 24907 29313
29313 16970 24907
29524 5334 18741
5334 18741 29524
18741 5334 29524
7188 6787 15631
6787 7188 15631
15631 6787 7188
7019 26633 27577
27577 7019 26633
26633 7019 27577
16208 13531 29746
29746 13531 16208
13531 16208 29746
27216 4066 10106
10106 4066 27216
4066 10106 27216
3464 13185 23126
13185 3464 23126
23126 3464 13185
5336 5316 20466
20466 5316 5336
5316 5336 20466
20130 17719 29478
29478 17719 20130
17719 20130 29478
5486 11753 17563
17563 5486 11753
11753 5486 17563
21470 1619 27271
27271 1619 21470
1619 21470 27271
14690 8307 19151
8307 14690 19151
19151 8307 14690
2256 10276 22406
22406 2256 10276
10276 2256 22406
18730 1130 18410
1130 18410 18730
18410 1130 18730
1501 6839 7211
6839 1501 7211
7211 1501 6839
13244 21014 21466
21466 13244 21014
21014 13244 21466
20048 8744 11196
11196 8744 20048
8744 11196 20048
23227 2174 23992
23992 2174 23227
2174 23227 23992
9780 14777 20476
14777 9780 20476
20476 9780 14777
11068 4033 18203
18203 4033 11068
4033 11068 18203
15092 7383 12801
12801 7383 15092
7383 12801 15092
2439 2151 22792
2151 2439 22792
22792 2151 2439
11591 19933 23899
23899 11591 19933
19933 11591 23899
25774 19759 25137
19759 25137 25774
25137 19759 25774
9471 2824 5845
2824 5845 9471
5845 2824 9471
22125 2103 25997
25997 2103 22125
2103 22125 25997
1098 16119 24973
24973 1098 16119
16119 1098 24973
5332 4176 20238
20238 4176 5332
4176 5332 20238
3166 3380 15352
15352 3166 3380
3380 3166 15352
4509 9545 23373
9545 4509 23373
23373 4509 9545
609 4763 22907
22907 609 4763
4763 609 22907
21263 18550 19849
18550 19849 21263
19849 18550 21263
25675 26612 27823
27823 25675 26612
26612 25675 27823
7533 7430 11779
7430 7533 11779
11779 7430 7533
18744 7530 27064
27064 7530 18744
7530 18744 27064
19410 11789 23143
23143 11789 19410
11789 19410 23143
28485 13261 22044
13261 22044 28485
22044 13261 28485
19806 17747 22669
17747 19806 22669
22669 17747 19806
22753 19848 27936
27936 19848 22753
19848 22753 27936
1284 1316 19851
19851 1284 1316
1316 1284 19851
29895 804 13744
804 13744 29895
13744 804 29895
19942 4829 20698
20698 4829 19942
4829 19942 20698
24801 7931 12599
12599 7931 24801
7931 12599 24801
21881 967 4929
967 4929 21881
4929 967 21881
17712 9469 29163
9469 17712 29163
29163 9469 17712
29010 9333 26408
9333 26408 29010
26408 9333 29010
14881 4505 5292
5292 4505 14881
4505 5292 14881
11092 2119 14737
2119 11092 14737
14737 2119 11092
28196 13052 28492
28492 13052 28196
13052 28196 28492
1574 4999 8054
4999 1574 8054
8054 1574 4999
12028 6432 19406
6432 12028 19406
19406 6432 12028
21279 16695 23758
16695 21279 23758
23758 16695 21279
22029 7736 18117
18117 7736 22029
7736 18117 22029
8989 4777 10772
4777 8989 10772
10772 4777 8989
11589 8505 14231
14231 8505 11589
8505 11589 14231
18001 19773 22743
19773 18001 22743
22743 18001 19773
1070 5158 16380
5158 1070 16380
16380 1070 5158
24792 129 10779
129 10779 24792
10779 129 24792
28018 2170 19909
2170 19909 28018
19909 2170 28018
9070 3828 9423
3828 9070 9423
9423 3828 9070
12490 8174 16950
16950 8174 12490
8174 12490 16950
27455 2411 12286
12286 2411 27455
2411 12286 27455
20603 8590 15698
15698 8590 20603
8590 15698 20603
28042 9909 13961
9909 13961 28042
13961 9909 28042
27245 1627 9230
1627 9230 27245
9230 1627 27245
7791 21230 29303
21230 7791 29303
29303 7791 21230
18047 7475 14836
14836 7475 18047
7475 14836 18047
28455 8046 21044
21044 8046 28455
8046 21044 28455
10494 13252 15532
15532 10494 13252
13252 10494 15532
23327 9097 21971
9097 21971 23327
21971 9097 23327
5175 15119 28829
28829 5175 15119
15119 5175 28829
15473 13965 28922
13965 15473 28922
28922 13965 15473
14259 656 13092
13092 656 14259
656 13092 14259
1546 377 2101
377 1546 2101
2101 377 1546
20420 21285 25581
21285 20420 25581
25581 20420 21285
25875 7822 14729
14729 7822 25875
7822 14729 25875
16313 10346 25056
10346 16313 25056
25056 10346 16313
6170 1400 14066
14066 1400 6170
1400 6170 14066
15998 18008 24353
18008 15998 24353
24353 15998 18008
12838 17032 24938
24938 12838 17032
17032 12838 24938
26701 1086 22275
1086 22275 26701
22275 1086 26701
26620 1076 17429
1076 17429 26620
17429 1076 26620
14588 1530 9068
9068 1530 14588
1530 9068 14588
15009 1392 19477
1392 15009 19477
19477 1392 15009
29605 13491 29793
13491 29605 29793
29793 13491 29605
29218 9352 18400
9352 18400 29218
18400 9352 29218
24136 16336 20438
16336 20438 24136
20438 16336 24136
9621 14750 24165
14750 9621 24165
24165 9621 14750
23082 1432 4910
4910 1432 23082
1432 4910 23082
26452 8026 25608
8026 25608 26452
25608 8026 26452
15463 2253 25114
25114 2253 15463
2253 15463 25114
5674 11129 18893
18893 5674 11129
11129 5674 18893
21882 21704 24399
21704 21882 24399
24399 21704 21882
4638 3948 14951
3948 4638 14951
14951 3948 4638
5281 6450 8376
6450 5281 8376
8376 5281 6450
5384 11333 22924
22924 5384 11333
11333 5384 22924
16465 22974 29997
29997 16465 22974
22974 16465 29997
26322 12087 24728
12087 24728 26322
24728 12087 26322
12683 5570 11869
11869 5570 12683
5570 11869 12683
11924 9734 27813
9734 11924 27813
27813 9734 11924
15574 12000 26465
12000 15574 26465
26465 12000 15574
16667 7038 18686
7038 16667 18686
18686 7038 16667
13475 433 26722
26722 433 13475
433 13475 26722
310 512 24088
24088 310 512
512 310 24088
23354 6659 26183
26183 6659 23354
6659 23354 26183
8354 148 23114
148 8354 23114
23114 148 8354
2162 1084 22057
1084 2162 22057
22057 1084 2162
15203 9983 26953
26953 9983 15203
9983 15203 26953
28 26747 27292
26747 28 27292
27292 28 26747
24875 23719 29357
29357 23719 24875
23719 24875 29357
25462 14488 19357
19357 14488 25462
14488 19357 25462
4834 11546 17330
11546 4834 17330
17330 4834 11546
17982 6184 13822
6184 13822 17982
13822 6184 17982
2579 6971 13343
13343 2579 6971
6971 2579 13343
18673 12816 29737
29737 12816 18673
12816 18673 29737
20279 25167 27957
25167 20279 27957
27957 20279 25167
4699 139 9587
9587 139 4699
139 4699 9587
8855 15307 17558
15307 8855 17558
17558 8855 15307
10162 27054 29467
29467 10162 27054
27054 10162 29467
29644 927 23433
927 23433 29644
23433 927 29644
23510 8228 14593
14593 8228 23510
8228 14593 23510
25839 2656 17460
2656 17460 25839
17460 2656 25839
24397 20440 27133
27133 20440 24397
20440 24397 27133
3093 1411 17960
1411 3093 17960
17960 1411 3093
19598 5312 11909
5312 11909 19598
11909 5312 19598
20971 13280 16884
16884 13280 20971
13280 16884 20971
2422 5105 28788
28788 2422 5105
5105 2422 28788
17364 3485 6026
6026 3485 17364
3485 6026 17364
23644 12102 25643
25643 12102 23644
12102 23644 25643
22890 1437 23666
1437 22890 23666
23666 1437 22890
27589 800 13845
13845 800 27589
800 13845 27589
9137 5455 7635
5455 7635 9137
7635 5455 9137
28002 12078 26012
12078 26012 28002
26012 12078 28002
27772 10039 11174
10039 11174 27772
11174 10039 27772
28186 26859 28872
26859 28186 28872
28872 26859 28186
29587 8472 29672
29672 8472 29587
8472 29587 29672
18290 22954 25612
22954 18290 25612
25612 18290 22954
20142 182 4792
4792 182 20142
182 4792 20142
12004 28718 29108
28718 12004 29108
29108 12004 28718
24790 14795 26002
26002 14795 24790
14795 24790 26002
18216 20223 22751
20223 18216 22751
22751 18216 20223
26064 3054 29430
3054 26064 29430
29430 3054 26064
1558 18772 26526
18772 1558 26526
26526 1558 18772
4301 23017 29287
29287 4301 23017
23017 4301 29287
17174 6002 21692
6002 17174 21692
21692 6002 17174
5513 18892 27802
27802 5513 18892
18892 5513 27802
22056 6376 27252
27252 6376 22056
6376 22056 27252
3691 8832 13118
13118 3691 8832
8832 3691 13118
23843 9497 21593
21593 9497 23843
9497 21593 23843
28149 10674 10753
10753 10674 28149
10674 10753 28149
3388 6513 25718
25718 3388 6513
6513 3388 25718
23691 11194 29230
11194 23691 29230
29230 11194 23691
28770 14461 28752
28752 14461 28770
14461 28752 28770
19808 6734 25511
25511 6734 19808
6734 19808 25511
25986 16384 18081
16384 18081 25986
18081 16384 25986
10475 11912 25191
11912 10475 25191
25191 10475 11912
20356 22987 25946
22987 20356 25946
25946 20356 22987
7711 17611 22674
22674 7711 17611
17611 7711 22674
23942 549 23553
23553 549 23942
549 23553 23942
15470 4144 12319
4144 12319 15470
12319 4144 15470
5681 16592 29087
29087 5681 16592
16592 5681 29087
5327 1797 20316
1797 5327 20316
20316 1797 5327
14835 18644 22865
22865 14835 18644
18644 14835 22865
17225 3158 20193
3158 17225 20193
20193 3158 17225
27784 9081 28504
9081 27784 28504
28504 9081 27784
14304 6288 15472
6288 14304 15472
15472 6288 14304
26052 5246 18443
5246 18443 26052
18443 5246 26052
13300 4743 20767
20767 4743 13300
4743 13300 20767
1631 852 27301
27301 852 1631
852 1631 27301
15999 5997 7270
5997 7270 15999
7270 5997 15999
4322 10360 29603
29603 4322 10360
10360 4322 29603
9787 5324 25442
5324 9787 25442
25442 5324 9787
11984 15032 22197
15032 11984 22197
22197 11984 15032
25302 2142 17259
17259 2142 25302
2142 17259 25302
4402 4192 15452
15452 4192 4402
4192 4402 15452
15964 9788 24939
24939 9788 15964
9788 15964 24939
9381 13643 18860
18860 9381 13643
13643 9381 18860
4172 10792 22221
10792 4172 22221
22221 4172 10792
24025 8480 9529
8480 9529 24025
9529 8480 24025
3861 8283 25384
25384 3861 8283
8283 3861 25384
2270 9978 17855
9978 2270 17855
17855 2270 9978
11664 14026 21521
21521 11664 14026
14026 11664 21521
12006 19014 19228
19228 12006 19014
19014 12006 19228
26257 9422 22427
9422 22427 26257
22427 9422 26257
1207 908 1617
1617 908 1207
908 1207 1617
13517 29484 29986
29986 13517 29484
29484 13517 29986
4905 10555 18072
10555 4905 18072
18072 4905 10555
10746 3966 28807
3966 10746 28807
28807 3966 10746
24098 18906 26396
26396 18906 24098
18906 24098 26396
1272 23596 23902
23596 1272 23902
23902 1272 23596
24751 7483 22940
22940 7483 24751
7483 22940 24751
12526 11306 12436
12436 11306 12526
11306 12436 12526
5226 1372 3367
1372 3367 5226
3367 1372 5226
19091 9896 15454
15454 9896 19091
9896 15454 19091
19737 3350 29901
3350 19737 29901
29901 3350 19737
8738 29584 29596
29584 8738 29596
29596 8738 29584
10092 6372 29643
29643 6372 10092
6372 10092 29643
18133 3624 25215
3624 18133 25215
25215 3624 18133
20317 3161 7612
7612 3161 20317
3161 7612 20317
8948 335 21661
335 8948 21661
21661 335 8948
28313 20562 21736
20562 21736 28313
21736 20562 28313
11047 900 5675
5675 900 11047
900 5675 11047
25864 8477 25025
25025 8477 25864
8477 25025 25864
11499 2252 28569
2252 11499 28569
28569 2252 11499
29135 12043 14440
12043 14440 29135
14440 12043 29135
2127 9820 23637
9820 2127 23637
23637 2127 9820
21950 1258 28786
28786 1258 21950
1258 21950 28786
8946 5466 10016
5466 8946 10016
10016 5466 8946
2582 10131 26212
10131 2582 26212
26212 2582 10131
13528 10645 20392
20392 10645 13528
10645 13528 20392
14083 9136 15000
15000 9136 14083
9136 14083 15000
13803 2541 13752
2541 13752 13803
13752 2541 13803
19673 11156 15856
15856 11156 19673
11156 15856 19673
16167 20077 29247
29247 16167 20077
20077 16167 29247
10247 4318 5924
5924 4318 10247
4318 5924 10247
8104 1311 21768
1311 8104 21768
21768 1311 8104
4644 3444 3581
3444 3581 4644
3581 3444 4644
246 8273 11512
11512 246 8273
8273 246 11512
10764 5341 23845
5341 10764 23845
23845 5341 10764
15666 10755 19615
10755 15666 19615
19615 10755 15666
20915 8844 19039
8844 19039 20915
19039 8844 20915
10785 27341 27658
27341 10785 27658
27658 10785 27341
23792 13429 19929
13429 19929 23792
19929 13429 23792
16770 14439 15254
15254 14439 16770
14439 15254 16770
20655 21248 26424
21248 20655 26424
26424 20655 21248
6451 14458 27549
27549 6451 14458
14458 6451 27549
11571 4319 19704
4319 11571 19704
19704 4319 11571
18972 926 7951
7951 926 18972
926 7951 18972
7074 14684 18611
18611 7074 14684
14684 7074 18611
3921 7109 19148
7109 3921 19148
19148 3921 7109
14788 21745 29127
21745 14788 29127
29127 14788 21745
11694 8659 12786
12786 8659 11694
8659 11694 12786
3257 732 9638
9638 732 3257
732 3257 9638
10992 11749 29201
11749 10992 29201
29201 10992 11749
26365 13646 21620
21620 13646 26365
13646 21620 26365
12846 21816 24355
21816 12846 24355
24355 12846 21816
22663 18009 19379
19379 18009 22663
18009 19379 22663
17517 5361 21647
21647 5361 17517
5361 17517 21647
23005 8316 28001
28001 8316 23005
8316 23005 28001
29374 14917 16134
14917 16134 29374
16134 14917 29374
22586 25007 27466
25007 22586 27466
27466 22586 25007
6360 11646 20753
11646 6360 20753
20753 6360 11646
12451 26435 29564
29564 12451 26435
26435 12451 29564
5099 3107 28301
3107 5099 28301
28301 3107 5099
28524 3060 24563
24563 3060 28524
3060 24563 28524
25665 9863 12773
9863 12773 25665
12773 9863 25665
8107 2993 16933
2993 8107 16933
16933 2993 8107
12818 24097 25636
24097 12818 25636
25636 12818 24097
4245 11883 15272
15272 4245 11883
11883 4245 15272
5150 4183 25062
4183 5150 25062
25062 4183 5150
15459 899 24889
24889 899 15459
899 15459 24889
16146 19293 20291
19293 16146 20291
20291 16146 19293
10308 2183 22380
2183 10308 22380
22380 2183 10308
894 19269 21716
19269 894 21716
21716 894 19269
26135 9538 21693
21693 9538 26135
9538 21693 26135
13213 20421 21903
20421 13213 21903
21903 13213 20421
