1253 1248 2436
2436 1248 1253
1248 1253 2436
2625 72 2718
72 2625 2718
2718 72 2625
1885 349 544
544 349 1885
349 544 1885
695 545 1907
1907 545 695
545 695 1907
2247 725 1269
1269 725 2247
725 1269 2247
693 387 622
622 387 693
387 622 693
1445 525 1395
525 1395 1445
1395 525 1445
2057 1346 1991
1991 1346 2057
1346 1991 2057
1335 788 981
788 981 1335
981 788 1335
209 977 1359
977 209 1359
1359 209 977
2831 596 1017
596 1017 2831
1017 596 2831
804 163 843
843 163 804
163 804 843
1863 1751 2357
2357 1751 1863
1751 1863 2357
512 451 2528
2528 451 512
451 512 2528
1999 606 2133
606 1999 2133
2133 606 1999
1282 33 664
664 33 1282
33 664 1282
2566 886 2313
886 2313 2566
2313 886 2566
110 1565 2595
2595 110 1565
1565 110 2595
2022 932 1656
1656 932 2022
932 1656 2022
2374 35 1717
35 1717 2374
1717 35 2374
1086 314 1858
314 1086 1858
1858 314 1086
2866 1205 1950
1205 1950 2866
1950 1205 2866
1247 974 2342
974 1247 2342
2342 974 1247
2786 2487 2865
2865 2487 2786
2487 2786 2865
799 598 2738
598 799 2738
2738 598 799
1523 181 1394
1394 181 1523
181 1394 1523
84 153 1181
1181 84 153
153 84 1181
441 704 767
704 441 767
767 441 704
1308 328 1905
328 1308 1905
1905 328 1308
1909 1022 2115
2115 1022 1909
1022 1909 2115
2792 271 2288
271 2288 2792
2288 271 2792
2870 1654 2886
1654 2870 2886
2886 1654 2870
1071 217 752
752 217 1071
217 752 1071
2127 1156 1204
1204 1156 2127
1156 1204 2127
1183 274 1031
1031 274 1183
274 1031 1183
453 1244 1406
1406 453 1244
1244 453 1406
1781 138 1371
138 1371 1781
1371 138 1781
1619 411 1381
411 1381 1619
1381 411 1619
2616 479 2520
2520 479 2616
479 2520 2616
2385 119 2909
2909 119 2385
119 2385 2909
2731 1134 1348
1134 1348 2731
1348 1134 2731
1994 405 1049
1049 405 1994
405 1049 1994
2081 1369 1572
1572 1369 2081
1369 1572 2081
935 159 1169
1169 159 935
159 935 1169
1937 1556 2221
2221 1556 1937
1556 1937 2221
399 1627 1834
1834 399 1627
1627 399 1834
319 2506 2576
2506 319 2576
2576 319 2506
1249 1498 2410
2410 1249 1498
1498 1249 2410
2465 1399 2325
1399 2325 2465
2325 1399 2465
1409 2503 2871
2503 1409 2871
2871 1409 2503
2917 950 1775
950 1775 2917
1775 950 2917
2224 2054 2148
2054 2148 2224
2148 2054 2224
835 1152 2181
2181 835 1152
1152 835 2181
1940 215 2981
215 1940 2981
2981 215 1940
569 90 635
90 569 635
635 90 569
2327 103 1789
103 1789 2327
1789 103 2327
1285 861 2025
2025 861 1285
861 1285 2025
1844 2251 2632
2251 1844 2632
2632 1844 2251
1961 157 1196
1196 157 1961
157 1196 1961
37 713 2048
2048 37 713
713 37 2048
1573 1299 1724
1299 1573 1724
1724 1299 1573
1620 339 1238
339 1238 1620
1238 339 1620
357 1097 1499
1499 357 1097
1097 357 1499
2569 1079 2580
2580 1079 2569
1079 2569 2580
2044 1466 2798
1466 2044 2798
2798 1466 2044
745 1915 2585
2585 745 1915
1915 745 2585
1590 853 1610
853 1590 1610
1610 853 1590
1692 2360 2856
2360 1692 2856
2856 1692 2360
128 383 2239
2239 128 383
383 128 2239
1486 2010 2178
2178 1486 2010
2010 1486 2178
92 1198 2932
2932 92 1198
1198 92 2932
2143 478 1025
478 1025 2143
1025 478 2143
2295 746 1333
1333 746 2295
746 1333 2295
677 988 2350
2350 677 988
988 677 2350
1601 43 2329
43 1601 2329
2329 43 1601
1555 666 1415
666 1415 1555
1415 666 1555
1448 2189 2784
2784 1448 2189
2189 1448 2784
2903 58 2918
58 2903 2918
2918 58 2903
114 492 1803
1803 114 492
492 114 1803
438 329 2346
329 438 2346
2346 329 438
2852 614 1753
1753 614 2852
614 1753 2852
681 2064 2235
2235 681 2064
2064 681 2235
587 394 955
394 587 955
955 394 587
1418 101 1108
101 1108 1418
1108 101 1418
1451 431 1784
1784 431 1451
431 1451 1784
1343 292 2301
2301 292 1343
292 1343 2301
2315 736 1458
736 1458 2315
1458 736 2315
648 64 2121
64 648 2121
2121 64 648
1537 521 2216
2216 521 1537
521 1537 2216
2581 385 642
385 642 2581
642 385 2581
2829 1996 2039
2039 1996 2829
1996 2039 2829
2728 2567 2694
2694 2567 2728
2567 2694 2728
2135 1267 1553
1267 1553 2135
1553 1267 2135
2488 5 1039
1039 5 2488
5 1039 2488
1423 433 878
878 433 1423
433 878 1423
1427 417 1602
1602 417 1427
417 1427 1602
2006 1149 2041
2041 1149 2006
1149 2006 2041
925 2017 2875
2017 925 2875
2875 925 2017
1873 2365 2838
2838 1873 2365
2365 1873 2838
2995 121 1510
121 1510 2995
1510 121 2995
712 305 1659
305 712 1659
1659 305 712
2208 698 931
698 931 2208
931 698 2208
1599 1271 2332
1271 1599 2332
2332 1271 1599
949 1457 2763
2763 949 1457
1457 949 2763
798 1444 2923
2923 798 1444
1444 798 2923
611 978 1386
1386 611 978
978 611 1386
2164 1856 2500
1856 2164 2500
2500 1856 2164
364 369 875
369 364 875
875 364 369
2691 2312 2803
2312 2691 2803
2803 2312 2691
2675 237 867
867 237 2675
237 867 2675
1482 1254 2050
2050 1254 1482
1254 1482 2050
1852 221 1094
221 1094 1852
1094 221 1852
2543 1682 1764
1682 1764 2543
1764 1682 2543
2490 1557 2460
2460 1557 2490
1557 2460 2490
916 990 2961
990 916 2961
2961 916 990
499 219 1232
219 499 1232
1232 219 499
1669 734 2103
734 1669 2103
2103 734 1669
1222 456 1046
456 1046 1222
1046 456 1222
847 196 473
196 473 847
473 196 847
2888 422 1609
1609 422 2888
422 1609 2888
1397 1551 1578
1551 1397 1578
1578 1397 1551
1664 18 1455
1455 18 1664
18 1455 1664
2308 1002 1278
1002 1278 2308
1278 1002 2308
107 568 1686
1686 107 568
568 107 1686
1364 225 2084
225 1364 2084
2084 225 1364
2485 454 2002
454 2002 2485
2002 454 2485
1467 2280 2975
2280 1467 2975
2975 1467 2280
519 1028 2891
1028 519 2891
2891 519 1028
2306 920 1452
920 1452 2306
1452 920 2306
1213 1622 2732
2732 1213 1622
1622 1213 2732
2174 625 2966
625 2174 2966
2966 625 2174
1925 2549 2562
2549 1925 2562
2562 1925 2549
2880 1558 2131
1558 2131 2880
2131 1558 2880
409 337 1417
337 409 1417
1417 337 409
284 748 1731
748 284 1731
1731 284 748
1874 566 2643
2643 566 1874
566 1874 2643
1066 135 174
135 174 1066
174 135 1066
1387 144 1975
144 1387 1975
1975 144 1387
461 187 1185
187 461 1185
1185 187 461
323 1771 2837
1771 323 2837
2837 323 1771
1252 1895 2299
1895 1252 2299
2299 1252 1895
809 200 968
968 200 809
200 809 968
493 1959 2037
2037 493 1959
1959 493 2037
1132 2290 2448
2290 1132 2448
2448 1132 2290
1373 2293 2631
2631 1373 2293
2293 1373 2631
1729 4 998
998 4 1729
4 998 1729
953 620 756
756 620 953
620 756 953
486 1304 1805
1304 486 1805
1805 486 1304
865 2650 2901
2650 865 2901
2901 865 2650
609 166 921
921 166 609
166 609 921
1159 801 1625
801 1159 1625
1625 801 1159
655 218 1214
218 655 1214
1214 218 655
2770 763 1877
1877 763 2770
763 1877 2770
2596 743 848
743 848 2596
848 743 2596
882 2063 2589
2589 882 2063
2063 882 2589
2343 1324 2254
1324 2254 2343
2254 1324 2343
511 2038 2535
2038 511 2535
2535 511 2038
173 1148 1354
1354 173 1148
1148 173 1354
297 1073 1153
1153 297 1073
1073 297 1153
814 254 838
254 814 838
838 254 814
154 2140 2811
2811 154 2140
2140 154 2811
312 646 2766
646 312 2766
2766 312 646
1100 1032 1218
1032 1100 1218
1218 1032 1100
1543 1044 2858
1044 1543 2858
2858 1044 1543
942 170 2072
2072 170 942
170 942 2072
2840 233 1889
233 1889 2840
1889 233 2840
2936 2079 2911
2911 2079 2936
2079 2911 2936
2573 541 1626
541 1626 2573
1626 541 2573
618 1512 1955
1512 618 1955
1955 618 1512
1525 903 1126
903 1126 1525
1126 903 1525
1629 147 1172
147 1172 1629
1172 147 1629
2774 462 757
462 757 2774
757 462 2774
919 1190 1930
1930 919 1190
1190 919 1930
1433 2052 2266
2266 1433 2052
2052 1433 2266
2137 2015 2368
2368 2015 2137
2015 2137 2368
1808 464 2516
2516 464 1808
464 1808 2516
375 1006 2049
2049 375 1006
1006 375 2049
51 386 2086
386 51 2086
2086 51 386
1171 2626 2928
2928 1171 2626
2626 1171 2928
2144 1465 2406
1465 2144 2406
2406 1465 2144
1957 122 141
141 122 1957
122 141 1957
2176 2105 2537
2105 2176 2537
2537 2105 2176
106 1643 2153
1643 106 2153
2153 106 1643
2023 1316 2378
1316 2023 2378
2378 1316 2023
1541 1150 2104
1150 1541 2104
2104 1150 1541
2618 733 1018
1018 733 2618
733 1018 2618
2214 846 1121
846 1121 2214
1121 846 2214
983 20 2199
20 983 2199
2199 20 983
970 821 1226
821 970 1226
1226 821 970
790 2034 2494
2034 790 2494
2494 790 2034
1723 133 381
133 381 1723
381 133 1723
1400 783 2439
783 1400 2439
2439 783 1400
335 716 1436
1436 335 716
716 335 1436
1074 338 2433
338 1074 2433
2433 338 1074
2709 44 2130
2130 44 2709
44 2130 2709
1835 1260 2319
2319 1260 1835
1260 1835 2319
1434 31 1829
31 1434 1829
1829 31 1434
2191 533 2493
2493 533 2191
533 2191 2493
2735 2667 2954
2954 2667 2735
2667 2735 2954
6 1125 1813
1813 6 1125
1125 6 1813
2369 1072 1237
1072 1237 2369
1237 1072 2369
2648 1847 2134
2134 1847 2648
1847 2134 2648
1621 498 2354
498 1621 2354
2354 498 1621
827 241 1793
1793 241 827
241 827 1793
45 539 1939
539 45 1939
1939 45 539
1331 731 1708
731 1331 1708
1708 731 1331
2323 1020 2700
2700 1020 2323
1020 2323 2700
100 14 260
14 100 260
260 14 100
1517 1345 2582
1345 1517 2582
2582 1345 1517
158 1605 1826
1605 158 1826
1826 158 1605
117 286 2727
286 117 2727
2727 117 286
183 966 2692
2692 183 966
966 183 2692
2284 1828 2742
2742 1828 2284
1828 2284 2742
662 1906 2414
1906 662 2414
2414 662 1906
269 558 2772
558 269 2772
2772 269 558
2857 832 1374
1374 832 2857
832 1374 2857
585 1876 1879
1876 585 1879
1879 585 1876
2656 1536 2610
2610 1536 2656
1536 2610 2656
2386 941 1164
941 1164 2386
1164 941 2386
1014 184 2556
184 1014 2556
2556 184 1014
802 1180 2794
1180 802 2794
2794 802 1180
2946 230 864
864 230 2946
230 864 2946
672 2352 2788
2352 672 2788
2788 672 2352
1694 896 2628
896 1694 2628
2628 896 1694
2977 2000 2507
2507 2000 2977
2000 2507 2977
211 996 1658
1658 211 996
996 211 1658
2578 146 771
771 146 2578
146 771 2578
2768 548 1593
1593 548 2768
548 1593 2768
1892 1574 2682
2682 1574 1892
1574 1892 2682
2142 660 2693
2693 660 2142
660 2142 2693
2943 249 2575
2575 249 2943
249 2575 2943
2497 2244 2842
2244 2497 2842
2842 2244 2497
2638 1477 1548
1477 1548 2638
1548 1477 2638
1747 2491 2896
2896 1747 2491
2491 1747 2896
2665 1405 2372
1405 2372 2665
2372 1405 2665
2674 455 1352
1352 455 2674
455 1352 2674
797 2285 2338
2338 797 2285
2285 797 2338
2309 1704 2314
1704 2309 2314
2314 1704 2309
2518 535 1896
535 1896 2518
1896 535 2518
1588 2839 2914
2839 1588 2914
2914 1588 2839
1389 775 1769
1769 775 1389
775 1389 1769
1757 1060 2644
1060 1757 2644
2644 1060 1757
302 697 727
727 302 697
697 302 727
248 41 2912
2912 41 248
41 248 2912
1431 129 1003
129 1003 1431
1003 129 1431
1770 1507 1520
1520 1507 1770
1507 1520 1770
2539 348 1977
348 1977 2539
1977 348 2539
1206 2407 2686
2686 1206 2407
2407 1206 2686
694 1067 1484
1484 694 1067
1067 694 1484
2495 899 1487
1487 899 2495
899 1487 2495
1797 1317 1661
1317 1661 1797
1661 1317 1797
88 2403 2729
2403 88 2729
2729 88 2403
2724 687 1157
1157 687 2724
687 1157 2724
905 806 1441
1441 806 905
806 905 1441
224 82 1454
1454 82 224
82 224 1454
497 36 1583
1583 36 497
36 497 1583
914 1998 2817
1998 914 2817
2817 914 1998
40 738 1953
738 40 1953
1953 40 738
2750 1191 2623
2623 1191 2750
1191 2623 2750
741 2171 2717
2717 741 2171
2171 741 2717
465 191 885
191 465 885
885 191 465
71 619 2450
619 71 2450
2450 71 619
837 97 1580
1580 97 837
97 837 1580
1647 2639 2916
2916 1647 2639
2639 1647 2916
1774 263 402
402 263 1774
263 402 1774
1864 651 2534
2534 651 1864
651 1864 2534
1912 240 1388
240 1388 1912
1388 240 1912
59 87 2767
2767 59 87
87 59 2767
805 1825 2238
1825 805 2238
2238 805 1825
1901 2051 2822
2051 1901 2822
2822 1901 2051
1360 160 2358
160 1360 2358
2358 160 1360
1122 2223 2395
2395 1122 2223
2223 1122 2395
1832 410 645
410 645 1832
645 410 1832
2097 324 1817
1817 324 2097
324 1817 2097
2123 311 1080
1080 311 2123
311 1080 2123
613 2059 2959
2959 613 2059
2059 613 2959
922 1970 2339
2339 922 1970
1970 922 2339
2760 1603 2614
1603 2614 2760
2614 1603 2760
2730 2344 2438
2438 2344 2730
2344 2438 2730
17 549 2183
2183 17 549
549 17 2183
501 1075 2428
1075 501 2428
2428 501 1075
98 1920 2090
2090 98 1920
1920 98 2090
1131 396 2375
396 1131 2375
2375 396 1131
828 8 1615
1615 8 828
8 828 1615
979 1521 2040
2040 979 1521
1521 979 2040
1949 600 2645
600 1949 2645
2645 600 1949
2797 2636 2805
2805 2636 2797
2636 2797 2805
85 604 1098
604 85 1098
1098 85 604
856 909 1300
909 856 1300
1300 856 909
1410 584 2060
2060 584 1410
584 1410 2060
1142 1884 2265
2265 1142 1884
1884 1142 2265
1663 1293 1496
1293 1496 1663
1496 1293 1663
176 1296 2553
1296 176 2553
2553 176 1296
2409 2268 2279
2268 2279 2409
2279 2268 2409
880 2607 2640
2607 880 2640
2640 880 2607
1758 749 2930
2930 749 1758
749 1758 2930
718 1272 1814
1814 718 1272
1272 718 1814
1587 897 1040
1040 897 1587
897 1040 1587
415 502 2592
2592 415 502
502 415 2592
2684 634 1549
1549 634 2684
634 1549 2684
1216 552 2167
2167 552 1216
552 1216 2167
936 206 1501
1501 206 936
206 936 1501
2889 105 2564
2564 105 2889
105 2564 2889
1069 1807 2230
1807 1069 2230
2230 1069 1807
1550 1104 2649
1104 1550 2649
2649 1104 1550
2152 992 1053
1053 992 2152
992 1053 2152
223 834 2467
834 223 2467
2467 223 834
188 93 683
93 188 683
683 93 188
577 1624 1851
1851 577 1624
1624 577 1851
2621 1168 2256
2256 1168 2621
1168 2256 2621
2197 443 1508
1508 443 2197
443 1508 2197
496 839 1792
839 496 1792
1792 496 839
1019 488 2781
488 1019 2781
2781 488 1019
1799 705 2440
705 1799 2440
2440 705 1799
2605 1176 1246
1176 1246 2605
1246 1176 2605
658 615 1776
1776 615 658
615 658 1776
2588 1705 2958
1705 2588 2958
2958 1705 2588
414 1056 2689
2689 414 1056
1056 414 2689
2688 49 376
376 49 2688
49 376 2688
744 1479 2364
2364 744 1479
1479 744 2364
259 1407 1584
1584 259 1407
1407 259 1584
2091 594 1688
1688 594 2091
594 1688 2091
2264 1042 1735
1735 1042 2264
1042 1735 2264
2345 997 2305
997 2305 2345
2305 997 2345
1195 180 1720
1720 180 1195
180 1195 1720
1242 772 1561
1561 772 1242
772 1242 1561
1177 1055 2366
2366 1055 1177
1055 1177 2366
2304 373 1533
1533 373 2304
373 1533 2304
1408 213 378
213 378 1408
378 213 1408
1136 1095 1485
1095 1136 1485
1485 1095 1136
2622 430 1052
1052 430 2622
430 1052 2622
561 109 1475
109 561 1475
1475 109 561
947 761 1811
761 947 1811
1811 761 947
2427 636 2609
636 2427 2609
2609 636 2427
39 1631 2593
2593 39 1631
1631 39 2593
11 1984 2382
2382 11 1984
1984 11 2382
2249 912 1932
1932 912 2249
912 1932 2249
1401 808 2336
2336 808 1401
808 1401 2336
1736 628 1861
1861 628 1736
628 1736 1861
1833 1009 2823
1009 1833 2823
2823 1009 1833
2477 1103 1245
1245 1103 2477
1103 1245 2477
2926 1432 2281
2281 1432 2926
1432 2281 2926
2118 301 661
301 661 2118
661 301 2118
2780 489 1765
1765 489 2780
489 1765 2780
2333 597 2168
597 2168 2333
2168 597 2333
2109 2514 2558
2558 2109 2514
2514 2109 2558
2258 46 126
126 46 2258
46 126 2258
2150 657 1319
1319 657 2150
657 1319 2150
1563 398 419
398 419 1563
419 398 1563
2480 2138 2824
2824 2138 2480
2138 2480 2824
258 523 1330
1330 258 523
523 258 1330
1786 1534 2470
2470 1534 1786
1534 1786 2470
2483 1500 1657
1500 1657 2483
1657 1500 2483
1836 1761 2733
1761 1836 2733
2733 1761 1836
1695 1810 2800
2800 1695 1810
1810 1695 2800
1978 1476 1577
1577 1476 1978
1476 1577 1978
1059 855 2300
2300 855 1059
855 1059 2300
1725 737 2830
2830 737 1725
737 1725 2830
2459 894 1612
1612 894 2459
894 1612 2459
887 1391 2334
2334 887 1391
1391 887 2334
1741 1681 2141
1681 1741 2141
2141 1681 1741
1428 2416 2778
2416 1428 2778
2778 1428 2416
915 643 2987
643 915 2987
2987 643 915
2716 1918 2820
1918 2716 2820
2820 1918 2716
1702 1140 2029
2029 1140 1702
1140 1702 2029
341 276 1208
1208 276 341
276 341 1208
2077 2184 2484
2484 2077 2184
2184 2077 2484
2899 1366 2388
2388 1366 2899
1366 2388 2899
1120 2175 2473
2473 1120 2175
2175 1120 2473
532 471 2801
2801 471 532
471 532 2801
2921 823 1678
823 1678 2921
1678 823 2921
2752 457 2228
2228 457 2752
457 2228 2752
707 1057 1976
1976 707 1057
1057 707 1976
1301 898 2677
898 1301 2677
2677 898 1301
2287 1001 1265
1001 1265 2287
1265 1001 2287
178 1370 1837
1837 178 1370
1370 178 1837
1586 393 1082
393 1082 1586
1082 393 1586
343 1840 2474
1840 343 2474
2474 343 1840
2056 2102 2129
2129 2056 2102
2102 2056 2129
2508 934 1714
1714 934 2508
934 1714 2508
987 145 2021
145 987 2021
2021 145 987
413 477 2085
2085 413 477
477 413 2085
325 80 2743
2743 80 325
80 325 2743
522 1875 1948
1875 522 1948
1948 522 1875
722 924 1350
924 722 1350
1350 722 924
362 344 1332
1332 344 362
344 362 1332
2600 918 1105
1105 918 2600
918 1105 2600
2703 1787 1973
1973 1787 2703
1787 1973 2703
2014 1378 2741
2741 1378 2014
1378 2014 2741
2796 1111 1328
1111 1328 2796
1328 1111 2796
2531 1403 2468
2468 1403 2531
1403 2468 2531
2043 2161 2452
2452 2043 2161
2161 2043 2452
2680 1078 1958
1958 1078 2680
1078 1958 2680
2498 2664 2924
2664 2498 2924
2924 2498 2664
1212 130 1270
130 1212 1270
1270 130 1212
1778 238 2169
2169 238 1778
238 1778 2169
872 1637 1739
1637 872 1739
1739 872 1637
2634 352 2944
352 2634 2944
2944 352 2634
1675 1065 1676
1676 1065 1675
1065 1675 1676
1420 91 1035
91 1035 1420
1035 91 1420
2627 730 1881
730 1881 2627
1881 730 2627
2165 578 2394
578 2165 2394
2394 578 2165
851 1353 2642
1353 851 2642
2642 851 1353
1595 2536 2908
2536 1595 2908
2908 1595 2536
291 505 2545
505 291 2545
2545 291 505
2136 933 2984
2984 933 2136
933 2136 2984
360 859 1474
1474 360 859
859 360 1474
1842 392 2611
2611 392 1842
392 1842 2611
926 1256 1914
1256 926 1914
1914 926 1256
494 370 1179
370 494 1179
1179 370 494
2655 2761 2834
2834 2655 2761
2761 2655 2834
1843 773 2390
2390 773 1843
773 1843 2390
1175 796 2399
2399 796 1175
796 1175 2399
67 830 1570
1570 67 830
830 67 1570
1941 388 542
542 388 1941
388 542 1941
764 2074 2559
2074 764 2559
2559 764 2074
1866 212 2446
2446 212 1866
212 1866 2446
2321 1630 2737
2737 1630 2321
1630 2321 2737
482 371 1763
1763 371 482
371 482 1763
261 1015 1919
1919 261 1015
1015 261 1919
1801 374 778
778 374 1801
374 778 1801
2471 1217 1677
1217 1677 2471
1677 1217 2471
1442 593 690
593 690 1442
690 593 1442
1652 1531 2720
2720 1531 1652
1531 1652 2720
481 656 989
989 481 656
656 481 989
2349 1579 2269
2269 1579 2349
1579 2269 2349
2046 653 1268
653 1268 2046
1268 653 2046
2877 567 1936
567 1936 2877
1936 567 2877
1730 1954 2291
2291 1730 1954
1954 1730 2291
531 2673 2758
2758 531 2673
2673 531 2758
879 586 1107
1107 586 879
586 879 1107
86 551 907
551 86 907
907 86 551
1734 55 2970
55 1734 2970
2970 55 1734
2198 1492 1545
1492 1545 2198
1545 1492 2198
2814 1597 1743
1743 1597 2814
1597 1743 2814
244 1809 2979
1809 244 2979
2979 244 1809
1380 1712 2854
1712 1380 2854
2854 1380 1712
278 1509 2042
2042 278 1509
1509 278 2042
2878 96 165
96 165 2878
165 96 2878
1145 57 2278
57 1145 2278
2278 57 1145
2166 1307 2771
1307 2166 2771
2771 1307 2166
1614 1715 2670
1715 1614 2670
2670 1614 1715
1748 1890 2415
1890 1748 2415
2415 1748 1890
1303 1698 2522
2522 1303 1698
1698 1303 2522
1 1158 1385
1158 1 1385
1385 1 1158
2320 1439 2658
2658 1439 2320
1439 2320 2658
1922 954 1087
1087 954 1922
954 1087 1922
78 1539 2525
1539 78 2525
2525 78 1539
199 1155 1800
1155 199 1800
1800 199 1155
316 1564 1696
1696 316 1564
1564 316 1696
2213 1144 2151
1144 2151 2213
2151 1144 2213
742 287 1234
1234 287 742
287 742 1234
811 1742 1815
1742 811 1815
1815 811 1742
406 1461 2067
1461 406 2067
2067 406 1461
1322 1298 1598
1598 1298 1322
1298 1322 1598
2457 1703 2007
1703 2007 2457
2007 1703 2457
2065 468 2985
2985 468 2065
468 2065 2985
1726 818 2861
2861 818 1726
818 1726 2861
2187 281 2723
2723 281 2187
281 2187 2723
236 275 2240
275 236 2240
2240 236 275
62 881 2890
2890 62 881
881 62 2890
575 467 2110
467 575 2110
2110 467 575
2705 1283 1713
1713 1283 2705
1283 1713 2705
123 2071 2454
2454 123 2071
2071 123 2454
1931 1460 1924
1924 1460 1931
1460 1924 1931
272 320 2563
2563 272 320
320 272 2563
1535 1853 2816
1853 1535 2816
2816 1535 1853
2951 826 1337
826 1337 2951
1337 826 2951
1089 1790 2098
1790 1089 2098
2098 1089 1790
2421 363 2749
2749 363 2421
363 2421 2749
2088 265 663
663 265 2088
265 663 2088
1443 428 2782
2782 428 1443
428 1443 2782
2075 2236 2393
2393 2075 2236
2236 2075 2393
540 2697 2885
2697 540 2885
2885 540 2697
2353 264 2201
264 2201 2353
2201 264 2353
2387 1223 2423
2423 1223 2387
1223 2387 2423
610 24 2940
2940 24 610
24 610 2940
2836 1902 2053
2053 1902 2836
1902 2053 2836
1203 250 1037
250 1037 1203
1037 250 1203
2106 247 2624
247 2106 2624
2624 247 2106
2472 407 893
893 407 2472
407 893 2472
23 929 1591
929 23 1591
1591 23 929
435 1818 2915
1818 435 2915
2915 435 1818
1038 69 231
69 231 1038
231 69 1038
50 79 294
294 50 79
79 50 294
1314 42 2965
42 1314 2965
2965 42 1314
850 1128 1368
1368 850 1128
1128 850 1368
1419 1068 2337
1068 1419 2337
2337 1068 1419
2929 2330 2952
2952 2330 2929
2330 2929 2952
2868 530 1544
1544 530 2868
530 1544 2868
94 450 2449
2449 94 450
450 94 2449
1424 60 2548
60 1424 2548
2548 60 1424
2172 2701 2769
2701 2172 2769
2769 2172 2701
2937 958 2206
2206 958 2937
958 2206 2937
1231 1710 1886
1886 1231 1710
1710 1231 1886
1640 1372 2200
2200 1372 1640
1372 1640 2200
629 696 2660
696 629 2660
2660 629 696
1435 1342 1780
1342 1435 1780
1780 1342 1435
2226 1483 1846
1846 1483 2226
1483 1846 2226
874 234 1962
1962 234 874
234 874 1962
780 1077 1135
1077 780 1135
1135 780 1077
476 1766 2527
1766 476 2527
2527 476 1766
1170 1935 2475
2475 1170 1935
1935 1170 2475
1288 2905 2960
2960 1288 2905
2905 1288 2960
73 565 1645
1645 73 565
565 73 1645
358 1674 2653
1674 358 2653
2653 358 1674
680 1281 2267
2267 680 1281
1281 680 2267
562 1275 2099
1275 562 2099
2099 562 1275
2413 514 1221
514 1221 2413
1221 514 2413
1008 721 1141
1141 721 1008
721 1008 1141
2062 203 710
710 203 2062
203 710 2062
1667 210 1013
210 1013 1667
1013 210 1667
1139 76 840
840 76 1139
76 840 1139
665 1092 1933
1092 665 1933
1933 665 1092
1315 528 2444
528 1315 2444
2444 528 1315
148 2809 2850
2850 148 2809
2809 148 2850
2953 207 1848
207 1848 2953
1848 207 2953
1286 1882 2993
1882 1286 2993
2993 1286 1882
1200 1638 2203
2203 1200 1638
1638 1200 2203
1966 1804 2404
2404 1804 1966
1804 1966 2404
2234 2031 2335
2031 2234 2335
2335 2031 2234
1117 637 2188
637 1117 2188
2188 637 1117
459 1470 2555
2555 459 1470
1470 459 2555
205 726 1012
1012 205 726
726 205 1012
2523 1830 2988
2988 1830 2523
1830 2523 2988
1090 650 2734
2734 650 1090
650 1090 2734
2145 777 2612
777 2145 2612
2612 777 2145
400 2879 2963
2879 400 2963
2963 400 2879
1334 506 1426
1426 506 1334
506 1334 1426
2328 901 951
951 901 2328
901 951 2328
2849 1174 2511
1174 2511 2849
2511 1174 2849
1329 547 2139
547 1329 2139
2139 547 1329
2418 1220 1459
1220 1459 2418
1459 1220 2418
440 2272 2765
2765 440 2272
2272 440 2765
607 682 2389
682 607 2389
2389 607 682
754 1944 2902
2902 754 1944
1944 754 2902
25 1416 1839
1839 25 1416
1416 25 1839
2155 466 2316
466 2155 2316
2316 466 2155
2030 1917 1968
1917 1968 2030
1968 1917 2030
2560 810 2094
2094 810 2560
810 2094 2560
2712 1646 2095
1646 2095 2712
2095 1646 2712
432 652 1740
652 432 1740
1740 432 652
2426 570 2725
2725 570 2426
570 2426 2725
197 306 1903
1903 197 306
306 197 1903
534 2666 2933
2933 534 2666
2666 534 2933
2990 1327 2935
1327 2935 2990
2935 1327 2990
1491 1279 1759
1759 1279 1491
1279 1491 1759
1823 1701 2641
1701 1823 2641
2641 1701 1823
2550 1257 2182
2182 1257 2550
1257 2182 2550
1138 2033 2356
2033 1138 2356
2356 1138 2033
2806 1358 2170
1358 2170 2806
2170 1358 2806
2489 1592 1841
1841 1592 2489
1592 1841 2489
735 2604 2804
2604 735 2804
2804 735 2604
2998 724 2744
2744 724 2998
724 2744 2998
2302 175 1546
175 1546 2302
1546 175 2302
2590 675 2853
2853 675 2590
675 2590 2853
1207 1051 2570
1051 1207 2570
2570 1051 1207
1993 1618 2519
1618 1993 2519
2519 1618 1993
1243 1096 2509
2509 1096 1243
1096 1243 2509
1795 1151 2597
1151 1795 2597
2597 1151 1795
1679 1908 2802
1908 1679 2802
2802 1679 1908
1777 889 2501
2501 889 1777
889 1777 2501
2848 214 1923
214 1923 2848
1923 214 2848
2424 1230 1312
1230 1312 2424
1312 1230 2424
684 908 1504
908 684 1504
1504 684 908
404 751 1233
751 404 1233
1233 404 751
1235 445 2114
2114 445 1235
445 1235 2114
1187 1284 1806
1284 1187 1806
1806 1187 1284
104 1365 2263
2263 104 1365
1365 104 2263
573 1538 2542
1538 573 2542
2542 573 1538
2533 1292 2547
2547 1292 2533
1292 2533 2547
1528 1456 2517
2517 1456 1528
1456 1528 2517
669 327 1280
327 669 1280
1280 327 669
350 480 2561
480 350 2561
2561 350 480
1054 546 2083
546 1054 2083
2083 546 1054
2429 283 2799
283 2429 2799
2799 283 2429
2873 639 2045
2045 639 2873
639 2045 2873
592 19 2383
2383 19 592
19 592 2383
1241 2884 2967
2884 1241 2967
2967 1241 2884
2227 2892 2925
2925 2227 2892
2892 2227 2925
768 1186 1644
1644 768 1186
1186 768 1644
1684 900 1865
1865 900 1684
900 1684 1865
1608 1021 1617
1021 1608 1617
1617 1021 1608
2714 169 229
169 229 2714
229 169 2714
732 967 1891
1891 732 967
967 732 1891
1651 2078 2286
2286 1651 2078
2078 1651 2286
436 1642 2125
1642 436 2125
2125 436 1642
2469 766 2920
2920 766 2469
766 2469 2920
526 529 1384
529 526 1384
1384 526 529
2270 53 298
298 53 2270
53 298 2270
2983 845 2808
2808 845 2983
845 2808 2983
448 870 2681
870 448 2681
2681 448 870
359 310 2898
310 359 2898
2898 310 359
1321 143 2245
143 1321 2245
2245 143 1321
2633 2111 2513
2111 2513 2633
2513 2111 2633
2862 54 252
252 54 2862
54 252 2862
1383 770 1812
1812 770 1383
770 1383 1812
507 2132 2832
2132 507 2832
2832 507 2132
1211 750 2894
750 1211 2894
2894 750 1211
2154 13 490
13 490 2154
490 13 2154
1745 242 2855
2855 242 1745
242 1745 2855
685 1744 2934
2934 685 1744
1744 685 2934
2277 179 1569
179 1569 2277
1569 179 2277
1762 2552 2869
2552 1762 2869
2869 1762 2552
131 1462 1699
1462 131 1699
1699 131 1462
1344 1554 1871
1554 1344 1871
1871 1344 1554
293 1341 1859
1859 293 1341
1341 293 1859
2791 1438 2401
2401 1438 2791
1438 2401 2791
1749 1112 2654
2654 1112 1749
1112 1749 2654
863 342 1449
1449 342 863
342 863 1449
470 68 2282
2282 68 470
68 470 2282
317 1750 2843
1750 317 2843
2843 317 1750
2719 243 1193
243 1193 2719
1193 243 2719
1029 820 2676
2676 820 1029
820 1029 2676
2745 2101 2271
2271 2101 2745
2101 2271 2745
1310 2759 2955
2955 1310 2759
2759 1310 2955
134 1290 1691
1290 134 1691
1691 134 1290
1412 972 2157
972 1412 2157
2157 972 1412
1788 2032 2698
2698 1788 2032
2032 1788 2698
679 83 2502
83 679 2502
2502 83 679
2860 691 2515
691 2515 2860
2515 691 2860
108 2011 2991
2991 108 2011
2011 108 2991
1236 1989 2298
2298 1236 1989
1989 1236 2298
1870 1305 2289
1305 1870 2289
2289 1305 1870
1913 458 2274
2274 458 1913
458 1913 2274
2116 785 2361
2361 785 2116
785 2116 2361
222 290 2192
2192 222 290
290 222 2192
48 714 1943
714 48 1943
1943 48 714
16 277 1857
277 16 1857
1857 16 277
1146 1339 1850
1850 1146 1339
1339 1146 1850
890 1942 2587
2587 890 1942
1942 890 2587
2013 1490 2629
2629 1490 2013
1490 2013 2629
1567 2261 2504
2261 1567 2504
2504 1567 2261
1982 1921 2194
1921 1982 2194
2194 1921 1982
1719 1137 2422
1137 1719 2422
2422 1137 1719
2881 765 1338
1338 765 2881
765 1338 2881
1289 89 487
487 89 1289
89 487 1289
2690 2341 2529
2341 2529 2690
2529 2341 2690
1463 630 1472
630 1463 1472
1472 630 1463
321 29 2211
29 321 2211
2211 29 321
1967 688 1767
688 1767 1967
1767 688 1967
833 1167 2019
1167 833 2019
2019 833 1167
719 347 1101
347 719 1101
1101 347 719
1413 588 816
588 816 1413
816 588 1413
1085 962 2018
2018 962 1085
962 1085 2018
1581 155 447
155 447 1581
447 155 1581
1227 831 2568
2568 831 1227
831 1227 2568
2947 2646 2972
2972 2646 2947
2646 2947 2972
1340 2479 2785
2479 1340 2785
2785 1340 2479
2722 1005 1785
1005 1785 2722
1785 1005 2722
1376 1802 1899
1802 1376 1899
1899 1376 1802
2715 300 2447
300 2447 2715
2447 300 2715
2089 624 2821
2821 624 2089
624 2089 2821
1552 888 2004
888 1552 2004
2004 888 1552
227 659 1796
1796 227 659
659 227 1796
1041 1480 1755
1755 1041 1480
1480 1041 1755
2478 1671 2679
2679 1671 2478
1671 2478 2679
353 120 1883
120 353 1883
1883 120 353
125 2069 2711
2711 125 2069
2069 125 2711
1566 81 2907
2907 81 1566
81 1566 2907
2434 152 2659
152 2434 2659
2659 152 2434
1668 1239 2242
2242 1239 1668
1239 1668 2242
689 27 2530
27 689 2530
2530 27 689
510 1262 1893
1262 510 1893
1893 510 1262
1752 132 2210
132 1752 2210
2210 132 1752
2462 582 2956
582 2462 2956
2956 582 2462
1189 2571 2980
2980 1189 2571
2571 1189 2980
2756 74 869
74 869 2756
869 74 2756
1560 793 2036
793 1560 2036
2036 793 1560
304 1081 1849
1081 304 1849
1849 304 1081
758 2340 2630
2630 758 2340
2340 758 2630
2787 1033 1728
1728 1033 2787
1033 1728 2787
7 2412 2931
2412 7 2931
2931 7 2412
946 228 2124
228 946 2124
2124 228 946
2751 491 860
860 491 2751
491 860 2751
1182 1058 1964
1058 1182 1964
1964 1058 1182
1979 2 537
2 537 1979
537 2 1979
910 626 2257
626 910 2257
2257 626 910
760 633 1505
633 760 1505
1505 633 760
583 192 1616
192 583 1616
1616 192 583
2574 2565 2957
2565 2574 2957
2957 2565 2574
543 555 1102
555 543 1102
1102 543 555
2070 580 631
580 631 2070
631 580 2070
692 956 2826
2826 692 956
956 692 2826
938 500 2276
2276 500 938
500 938 2276
1250 1718 2606
2606 1250 1718
1718 1250 2606
2841 789 1396
789 1396 2841
1396 789 2841
172 1045 1276
1276 172 1045
1045 172 1276
279 673 1010
673 279 1010
1010 279 673
1063 1938 2482
1938 1063 2482
2482 1063 1938
2499 723 858
723 858 2499
858 723 2499
647 2296 2318
2318 647 2296
2296 647 2318
1910 824 1347
1347 824 1910
824 1347 1910
2003 813 1036
813 1036 2003
1036 813 2003
2126 1986 2635
2635 1986 2126
1986 2126 2635
52 891 2669
2669 52 891
891 52 2669
649 47 1782
1782 47 649
47 649 1782
2405 711 787
787 711 2405
711 787 2405
2779 1362 2311
1362 2311 2779
2311 1362 2779
2073 1437 2163
1437 2073 2163
2163 1437 2073
2661 579 2217
2217 579 2661
579 2217 2661
2964 333 2895
2895 333 2964
333 2895 2964
449 1464 2035
2035 449 1464
1464 449 2035
2540 1963 2833
2833 1963 2540
1963 2540 2833
2683 948 1987
1987 948 2683
948 1987 2683
270 589 1887
1887 270 589
589 270 1887
427 1349 2402
2402 427 1349
1349 427 2402
257 2061 2647
2647 257 2061
2061 257 2647
1894 503 2024
503 1894 2024
2024 503 1894
2982 379 776
776 379 2982
379 776 2982
1878 345 703
703 345 1878
345 703 1878
1754 1173 2544
1173 1754 2544
2544 1173 1754
2813 390 2253
2253 390 2813
390 2253 2813
779 995 1900
995 779 1900
1900 779 995
2546 232 2464
232 2464 2546
2464 232 2546
2275 1320 1375
1320 1375 2275
1375 1320 2275
1199 439 1542
439 1199 1542
1542 439 1199
2512 640 1673
1673 640 2512
640 1673 2512
331 1980 2377
2377 331 1980
1980 331 2377
1732 700 2119
2119 700 1732
700 1732 2119
2687 2158 2351
2158 2351 2687
2351 2158 2687
2835 334 2159
334 2159 2835
2159 334 2835
1992 993 1261
993 1261 1992
1261 993 1992
2541 1513 2486
1513 2486 2541
2486 1513 2541
1827 595 769
595 769 1827
769 595 1827
1160 380 1215
380 1160 1215
1215 380 1160
1309 1946 2807
2807 1309 1946
1946 1309 2807
256 485 2430
485 256 2430
2430 256 485
2425 186 1450
186 1450 2425
1450 186 2425
2255 2672 2708
2672 2255 2708
2708 2255 2672
1633 442 2962
442 1633 2962
2962 442 1633
1430 15 1229
15 1229 1430
1229 15 1430
299 251 1706
1706 251 299
251 299 1706
2259 944 2173
944 2173 2259
2173 944 2259
2108 2147 2294
2294 2108 2147
2147 2108 2294
1515 1264 1911
1911 1264 1515
1264 1515 1911
2496 1083 1516
1083 1516 2496
1516 1083 2496
2209 313 463
463 313 2209
313 463 2209
1263 2193 2510
2510 1263 2193
2193 1263 2510
2978 9 2941
9 2941 2978
2941 9 2978
2696 1897 1997
1997 1897 2696
1897 1997 2696
638 1225 1666
1666 638 1225
1225 638 1666
563 807 1106
807 563 1106
1106 563 807
366 2739 2906
2739 366 2906
2906 366 2739
2241 355 2810
2810 355 2241
355 2241 2810
1133 124 1934
1934 124 1133
124 1133 1934
2971 1130 1820
1130 1820 2971
1820 1130 2971
168 377 2146
377 168 2146
2146 168 377
2237 504 2671
504 2237 2671
2671 504 2237
516 136 2076
2076 136 516
136 516 2076
1711 1514 2185
1514 1711 2185
2185 1514 1711
2443 599 1088
599 1088 2443
1088 599 2443
2455 747 1582
1582 747 2455
747 1582 2455
959 1392 2204
1392 959 2204
2204 959 1392
1488 706 2919
2919 706 1488
706 1488 2919
1634 794 1636
1636 794 1634
794 1634 1636
963 755 1738
1738 755 963
755 963 1738
1585 193 1251
193 1251 1585
1251 193 1585
2028 484 1302
1302 484 2028
484 1302 2028
1446 819 1575
1575 819 1446
819 1446 1575
2117 282 2753
282 2117 2753
2753 282 2117
2620 605 612
612 605 2620
605 612 2620
559 632 1990
1990 559 632
632 559 1990
2092 2297 2748
2748 2092 2297
2297 2092 2748
2538 70 2392
2392 70 2538
70 2392 2538
1116 336 2819
2819 336 1116
336 1116 2819
351 1816 2900
2900 351 1816
1816 351 2900
617 800 1011
1011 617 800
800 617 1011
1888 1974 2222
1974 1888 2222
2222 1888 1974
268 1124 2790
2790 268 1124
1124 268 2790
2747 906 2250
2250 906 2747
906 2250 2747
1650 671 2435
2435 671 1650
671 1650 2435
1519 627 1494
1494 627 1519
627 1494 1519
1162 195 1589
1589 195 1162
195 1162 1589
2812 423 2398
423 2398 2812
2398 423 2812
2186 2702 2710
2710 2186 2702
2702 2186 2710
527 709 2789
2789 527 709
709 527 2789
2948 2505 2882
2505 2882 2948
2882 2505 2948
1197 395 2524
2524 395 1197
395 1197 2524
1297 367 2872
2872 367 1297
367 1297 2872
137 678 2699
2699 137 678
678 137 2699
2939 2463 2942
2463 2939 2942
2942 2463 2939
829 113 991
113 829 991
991 113 829
852 326 2844
326 852 2844
2844 326 852
518 556 1988
556 518 1988
1988 518 556
1526 590 781
590 781 1526
781 590 1526
2594 452 2432
452 2432 2594
2432 452 2594
1471 513 960
513 960 1471
960 513 1471
1635 2376 2783
2783 1635 2376
2376 1635 2783
2755 116 288
288 116 2755
116 288 2755
309 194 1965
194 309 1965
1965 194 309
939 266 2476
2476 266 939
266 939 2476
1497 1700 2225
2225 1497 1700
1700 1497 2225
1945 354 1147
1147 354 1945
354 1147 1945
2362 1007 2657
2657 1007 2362
1007 2362 2657
2619 1048 1606
1606 1048 2619
1048 1606 2619
2740 2027 2997
2027 2740 2997
2997 2027 2740
2120 668 2371
2371 668 2120
668 2120 2371
876 2532 2583
2583 876 2532
2532 876 2583
1687 973 2613
973 1687 2613
2613 973 1687
1469 795 1224
1224 795 1469
795 1224 1469
1161 1489 2058
2058 1161 1489
1489 1161 2058
911 2233 2417
2417 911 2233
2233 911 2417
2996 382 472
472 382 2996
382 472 2996
2177 389 1481
389 1481 2177
1481 389 2177
1772 2867 2876
2867 1772 2876
2876 1772 2867
2420 674 2445
2445 674 2420
674 2420 2445
226 686 1398
1398 226 686
686 226 1398
825 815 841
841 815 825
815 825 841
384 1746 2229
2229 384 1746
1746 384 2229
102 182 2847
2847 102 182
182 102 2847
1594 425 2897
2897 425 1594
425 1594 2897
2663 446 1655
1655 446 2663
446 1655 2663
332 403 2112
2112 332 403
403 332 2112
1559 957 1880
957 1559 1880
1880 957 1559
2461 603 1184
1184 603 2461
603 1184 2461
836 246 554
246 554 836
554 246 836
1422 322 2107
322 1422 2107
2107 322 1422
308 2016 2100
2100 308 2016
2016 308 2100
999 1091 2551
1091 999 2551
2551 999 1091
12 1929 2795
1929 12 2795
2795 12 1929
902 139 1985
139 902 1985
1985 139 902
2662 1023 1114
1114 1023 2662
1023 1114 2662
273 1000 2851
1000 273 2851
2851 273 1000
699 927 2080
927 699 2080
2080 699 927
1411 591 1600
591 1411 1600
1600 591 1411
1831 2370 2828
2828 1831 2370
2370 1831 2828
32 720 2927
720 32 2927
2927 32 720
1721 1306 2721
2721 1306 1721
1306 1721 2721
1277 361 2441
361 1277 2441
2441 361 1277
2579 571 2411
2411 571 2579
571 2411 2579
1956 208 2246
208 1956 2246
2246 208 1956
1325 621 2273
2273 621 1325
621 1325 2273
701 1326 2492
2492 701 1326
1326 701 2492
2695 56 149
149 56 2695
56 149 2695
969 581 1779
1779 581 969
581 969 1779
1043 676 2637
2637 676 1043
676 1043 2637
2584 945 2451
945 2451 2584
2451 945 2584
574 576 1294
1294 574 576
576 574 1294
1568 923 2859
923 1568 2859
2859 923 1568
2379 1773 1824
1824 1773 2379
1773 1824 2379
220 285 822
285 220 822
822 220 285
2381 980 3000
980 2381 3000
3000 980 2381
940 391 2195
391 940 2195
2195 391 940
1641 202 1693
202 1641 1693
1693 202 1641
372 1527 2205
2205 372 1527
1527 372 2205
2793 255 416
255 416 2793
416 255 2793
1313 1109 2359
2359 1109 1313
1109 1313 2359
167 66 782
782 66 167
66 167 782
784 1070 2651
2651 784 1070
1070 784 2651
1440 2846 2874
2874 1440 2846
2846 1440 2874
34 1047 1123
1123 34 1047
1047 34 1123
2973 245 2668
2668 245 2973
245 2668 2973
418 28 2367
2367 28 418
28 418 2367
3 1210 1273
1273 3 1210
1210 3 1273
1379 65 2602
2602 65 1379
65 1379 2602
2601 1648 2598
1648 2598 2601
2598 1648 2601
1623 729 904
729 904 1623
904 729 1623
2883 1154 2215
1154 2215 2883
2215 1154 2883
185 982 2324
982 185 2324
2324 185 982
475 892 2012
892 475 2012
2012 475 892
2331 1355 2231
1355 2231 2331
2231 1355 2331
2764 862 2243
2243 862 2764
862 2243 2764
2818 340 1722
340 1722 2818
1722 340 2818
2910 1798 2754
1798 2754 2910
2754 1798 2910
190 77 964
964 77 190
77 190 964
61 1115 2348
1115 61 2348
2348 61 1115
1118 739 2400
2400 739 1118
739 1118 2400
572 1904 2608
2608 572 1904
1904 572 2608
2572 1165 1524
1165 1524 2572
1524 1165 2572
2949 111 2456
111 2456 2949
2456 111 2949
1690 1194 1869
1869 1194 1690
1194 1690 1869
557 1971 2005
2005 557 1971
1971 557 2005
22 608 943
943 22 608
608 22 943
1404 1099 1611
1099 1404 1611
1611 1099 1404
1733 871 2678
871 1733 2678
2678 871 1733
602 63 1685
1685 63 602
63 602 1685
2726 483 1727
1727 483 2726
483 1727 2726
1093 994 1960
1960 994 1093
994 1093 1960
866 1363 2355
2355 866 1363
1363 866 2355
1502 728 2068
2068 728 1502
728 1502 2068
253 1166 2969
1166 253 2969
2969 253 1166
1266 2196 2396
2396 1266 2196
2196 1266 2396
1868 1026 1665
1665 1026 1868
1026 1665 1868
2554 2453 2994
2453 2554 2994
2994 2453 2554
1518 30 156
156 30 1518
30 156 1518
1163 759 1473
1473 759 1163
759 1163 1473
2986 1670 2262
2262 1670 2986
1670 2262 2986
1969 1393 1821
1393 1821 1969
1821 1393 1969
1716 1495 2825
2825 1495 1716
1495 1716 2825
509 1672 2706
1672 509 2706
2706 509 1672
2190 986 1228
986 1228 2190
1228 986 2190
717 2156 2442
2442 717 2156
2156 717 2442
1530 1653 2232
1653 1530 2232
2232 1530 1653
1760 2008 2776
2776 1760 2008
2008 1760 2776
2893 517 1607
517 1607 2893
1607 517 2893
1361 786 2087
786 1361 2087
2087 786 1361
495 520 564
564 495 520
520 495 564
1540 1662 2968
2968 1540 1662
1662 1540 2968
2020 420 550
550 420 2020
420 550 2020
791 356 1927
1927 356 791
356 791 1927
2466 1027 1356
1027 1356 2466
1356 1027 2466
984 524 2220
524 984 2220
2220 524 984
1453 670 1819
670 1453 1819
1819 670 1453
140 1511 2615
1511 140 2615
2615 140 1511
1951 842 2260
842 1951 2260
2260 842 1951
740 1783 2757
2757 740 1783
1783 740 2757
2913 295 426
426 295 2913
295 426 2913
1016 753 1004
753 1004 1016
1004 753 1016
2591 151 538
151 538 2591
538 151 2591
884 976 1872
1872 884 976
976 884 1872
2026 75 1240
75 1240 2026
1240 75 2026
2922 10 2218
2218 10 2922
10 2218 2922
917 792 1947
792 917 1947
1947 792 917
2950 1649 2162
1649 2162 2950
2162 1649 2950
2212 654 1867
654 1867 2212
1867 654 2212
2945 1382 1562
1562 1382 2945
1382 1562 2945
868 560 1898
1898 560 868
560 868 1898
2652 150 1127
150 1127 2652
1127 150 2652
2431 1838 1981
1838 1981 2431
1981 1838 2431
849 318 1547
318 849 1547
1547 318 849
1050 162 812
162 812 1050
812 162 1050
2391 1794 2458
2458 1794 2391
1794 2391 2458
2202 1287 2746
2746 1287 2202
1287 2202 2746
2292 515 2864
2864 515 2292
515 2292 2864
928 1311 1791
1791 928 1311
1311 928 1791
204 616 1209
616 204 1209
1209 204 616
1258 667 1493
667 1258 1493
1493 667 1258
2082 198 2863
2863 198 2082
198 2082 2863
330 408 2001
2001 330 408
408 330 2001
2599 803 961
803 961 2599
961 803 2599
21 164 1532
1532 21 164
164 21 1532
1576 2283 2373
2373 1576 2283
2283 1576 2373
1737 1202 2384
1202 1737 2384
2384 1202 1737
112 201 1318
201 112 1318
1318 112 201
2248 536 1425
536 1425 2248
1425 536 2248
1421 1295 1447
1295 1421 1447
1447 1295 1421
2113 1129 2160
2160 1129 2113
1129 2113 2160
469 296 1402
296 469 1402
1402 296 469
1952 774 2437
2437 774 1952
774 1952 2437
368 1030 2827
1030 368 2827
2827 368 1030
2252 702 1064
1064 702 2252
702 1064 2252
1571 421 2845
2845 421 1571
421 1571 2845
2736 641 2603
2603 641 2736
641 2603 2736
1503 1926 2521
1926 1503 2521
2521 1503 1926
307 365 434
434 307 365
365 307 434
1680 762 1259
1259 762 1680
762 1259 1680
397 553 2815
2815 397 553
553 397 2815
1697 937 2526
937 1697 2526
2526 937 1697
2992 1113 2974
1113 2974 2992
2974 1113 2992
708 429 1061
429 708 1061
1061 429 708
965 346 2887
346 965 2887
2887 346 965
895 883 2149
2149 883 895
883 895 2149
1274 2219 2617
2617 1274 2219
2219 1274 2617
303 262 1972
262 303 1972
1972 262 303
1628 1522 1689
1689 1522 1628
1522 1628 1689
1768 437 2303
2303 437 1768
437 1768 2303
235 715 2047
2047 235 715
715 235 2047
930 26 1062
26 930 1062
1062 26 930
1357 95 1336
1336 95 1357
95 1336 1357
