2094 1257 1847
1257 1847 2094
1847 1257 2094
1316 2216 2493
2216 1316 2493
2493 1316 2216
2821 976 2016
2016 976 2821
976 2016 2821
1085 74 604
74 604 1085
604 74 1085
1551 1342 2103
1342 1551 2103
2103 1342 1551
2457 272 986
986 272 2457
272 986 2457
2774 417 658
417 658 2774
658 417 2774
1724 1956 2267
2267 1724 1956
1956 1724 2267
233 1117 2442
1117 233 2442
2442 233 1117
2436 1140 2058
1140 2058 2436
2058 1140 2436
2789 1354 2402
2402 1354 2789
1354 2402 2789
772 907 2875
907 772 2875
2875 772 907
831 1397 1405
1405 831 1397
1397 831 1405
2143 235 1353
1353 235 2143
235 1353 2143
256 125 568
568 125 256
125 256 568
2151 789 2676
2676 789 2151
789 2151 2676
2514 488 523
523 488 2514
488 523 2514
14 223 2382
223 14 2382
2382 14 223
1324 1128 1726
1726 1128 1324
1128 1324 1726
1419 594 2582
594 1419 2582
2582 594 1419
1204 628 981
628 981 1204
981 628 1204
2512 399 2230
2230 399 2512
399 2230 2512
2899 327 769
769 327 2899
327 769 2899
2661 390 2623
390 2623 2661
2623 390 2661
1253 452 2710
452 1253 2710
2710 452 1253
2653 639 737
737 639 2653
639 737 2653
673 543 1352
1352 543 673
543 673 1352
2881 2232 2758
2232 2758 2881
2758 2232 2881
626 128 2639
128 626 2639
2639 128 626
1034 1120 1702
1120 1034 1702
1702 1034 1120
2573 120 2524
2524 120 2573
120 2524 2573
1574 908 1913
1913 908 1574
908 1574 1913
131 794 1480
1480 131 794
794 131 1480
1972 1312 1450
1450 1312 1972
1312 1450 1972
373 549 715
715 373 549
549 373 715
644 124 2971
2971 124 644
124 644 2971
420 530 2117
2117 420 530
530 420 2117
1358 614 1222
1222 614 1358
614 1222 1358
898 61 931
931 61 898
61 898 931
2531 627 886
627 886 2531
886 627 2531
2869 989 2620
2620 989 2869
989 2620 2869
2150 28 2447
28 2150 2447
2447 28 2150
2634 1303 2811
1303 2634 2811
2811 1303 2634
1299 2248 2344
2344 1299 2248
2248 1299 2344
1823 1282 1356
1356 1282 1823
1282 1356 1823
1917 887 1431
887 1431 1917
1431 887 1917
374 2751 2815
2751 374 2815
2815 374 2751
262 2244 2592
2244 262 2592
2592 262 2244
2638 1444 1858
1858 1444 2638
1444 1858 2638
416 192 962
192 416 962
962 192 416
366 561 2674
561 366 2674
2674 366 561
1674 645 1886
645 1674 1886
1886 645 1674
834 461 1409
461 834 1409
1409 461 834
1293 1795 2663
1795 1293 2663
2663 1293 1795
2823 829 2792
2792 829 2823
829 2792 2823
783 302 1174
302 783 1174
1174 302 783
697 1809 2045
2045 697 1809
1809 697 2045
2848 1045 2562
1045 2562 2848
2562 1045 2848
935 177 1743
177 935 1743
1743 177 935
197 842 2717
2717 197 842
842 197 2717
2456 2166 2233
2233 2166 2456
2166 2233 2456
1365 2360 2834
2360 1365 2834
2834 1365 2360
188 1183 2572
2572 188 1183
1183 188 2572
51 1414 2728
1414 51 2728
2728 51 1414
41 2026 2673
2673 41 2026
2026 41 2673
877 774 2318
2318 774 877
774 877 2318
2713 1385 2221
2221 1385 2713
1385 2221 2713
154 1548 1894
1548 154 1894
1894 154 1548
2943 160 1899
160 1899 2943
1899 160 2943
932 889 1559
1559 889 932
889 932 1559
574 30 2214
30 574 2214
2214 30 574
1871 1623 2178
1623 1871 2178
2178 1623 1871
77 1142 2011
1142 77 2011
2011 77 1142
402 1023 2805
1023 402 2805
2805 402 1023
467 187 2266
2266 187 467
187 467 2266
1413 2448 2466
2448 1413 2466
2466 1413 2448
2550 46 1421
46 1421 2550
1421 46 2550
945 1151 1679
1151 945 1679
1679 945 1151
516 175 220
175 220 516
220 175 516
2850 796 1758
796 1758 2850
1758 796 2850
244 363 1096
363 244 1096
1096 244 363
2754 1308 1965
1308 1965 2754
1965 1308 2754
665 2500 2894
2500 665 2894
2894 665 2500
1406 649 1981
649 1406 1981
1981 649 1406
2196 320 2376
320 2196 2376
2376 320 2196
2427 324 2431
324 2427 2431
2431 324 2427
2954 1507 2974
1507 2954 2974
2974 1507 2954
947 199 1647
199 947 1647
1647 199 947
2549 284 2017
284 2017 2549
2017 284 2549
465 743 2099
2099 465 743
743 465 2099
2829 619 2482
2482 619 2829
619 2482 2829
2153 816 2044
2044 816 2153
816 2044 2153
1991 1263 1359
1359 1263 1991
1263 1359 1991
753 6 1334
6 753 1334
1334 6 753
407 58 1576
1576 58 407
58 407 1576
1209 531 1982
531 1209 1982
1982 531 1209
1228 652 1916
652 1228 1916
1916 652 1228
455 1402 2190
1402 455 2190
2190 455 1402
1728 1115 2908
2908 1115 1728
1115 1728 2908
1391 222 1996
222 1391 1996
1996 222 1391
1333 1701 2080
1701 1333 2080
2080 1333 1701
2614 491 1762
491 1762 2614
1762 491 2614
2605 449 2775
449 2605 2775
2775 449 2605
1545 1842 2161
1842 1545 2161
2161 1545 1842
1289 1455 2479
2479 1289 1455
1455 1289 2479
2000 1291 1926
1291 1926 2000
1926 1291 2000
1478 63 2472
63 1478 2472
2472 63 1478
1386 2297 2675
2297 1386 2675
2675 1386 2297
2787 1980 2784
2784 1980 2787
1980 2784 2787
59 212 1825
1825 59 212
212 59 1825
1439 2108 2259
2259 1439 2108
2108 1439 2259
2518 1161 1346
1346 1161 2518
1161 1346 2518
2018 700 1892
1892 700 2018
700 1892 2018
1920 1932 2487
2487 1920 1932
1932 1920 2487
315 593 2169
2169 315 593
593 315 2169
1882 1661 2367
1661 1882 2367
2367 1661 1882
2505 1534 2279
1534 2279 2505
2279 1534 2505
290 81 967
967 81 290
81 290 967
1107 548 2353
548 1107 2353
2353 548 1107
1184 1315 2358
2358 1184 1315
1315 1184 2358
1473 1642 1979
1979 1473 1642
1642 1473 1979
1803 828 2956
828 1803 2956
2956 828 1803
2345 209 1272
209 1272 2345
1272 209 2345
2897 2831 2914
2914 2831 2897
2831 2897 2914
356 1878 1969
1878 356 1969
1969 356 1878
1644 238 253
238 253 1644
253 238 1644
1015 208 2526
2526 208 1015
208 1015 2526
2535 254 1634
1634 254 2535
254 1634 2535
149 339 572
572 149 339
339 149 572
47 1081 2940
2940 47 1081
1081 47 2940
1943 1427 1901
1901 1427 1943
1427 1901 1943
2386 1265 2822
1265 2386 2822
2822 1265 2386
1373 2083 2587
2587 1373 2083
2083 1373 2587
2915 630 994
630 994 2915
994 630 2915
2255 1481 2689
2689 1481 2255
1481 2255 2689
1992 902 2295
2295 902 1992
902 1992 2295
2706 1773 2038
1773 2038 2706
2038 1773 2706
277 1165 1852
1852 277 1165
1165 277 1852
1807 736 1305
736 1305 1807
1305 736 1807
418 1126 2926
2926 418 1126
1126 418 2926
600 1189 2769
1189 600 2769
2769 600 1189
2041 1112 1670
1112 1670 2041
1670 1112 2041
2090 349 2115
2115 349 2090
349 2090 2115
1496 2025 2972
2025 1496 2972
2972 1496 2025
1600 1575 2809
2809 1575 1600
1575 1600 2809
1588 344 666
344 666 1588
666 344 1588
2378 1888 2219
1888 2219 2378
2219 1888 2378
1627 1417 2599
2599 1417 1627
1417 1627 2599
2880 193 895
895 193 2880
193 895 2880
2683 637 788
637 788 2683
788 637 2683
2860 1531 2104
1531 2104 2860
2104 1531 2860
478 2144 2574
2574 478 2144
2144 478 2574
500 153 949
153 500 949
949 153 500
1609 732 1839
732 1609 1839
1839 732 1609
960 583 2176
2176 583 960
583 960 2176
2646 793 2321
793 2321 2646
2321 793 2646
2776 1440 2067
2067 1440 2776
1440 2067 2776
2502 2312 2961
2961 2312 2502
2312 2502 2961
894 429 2856
2856 429 894
429 894 2856
923 591 2879
2879 591 923
591 923 2879
2517 1049 2158
2158 1049 2517
1049 2158 2517
1064 492 2959
492 1064 2959
2959 492 1064
669 868 1663
1663 669 868
868 669 1663
2280 1621 2309
2309 1621 2280
1621 2280 2309
2284 1596 2581
1596 2284 2581
2581 1596 2284
1659 1147 1467
1147 1467 1659
1467 1147 1659
2628 489 2100
489 2100 2628
2100 489 2628
2522 534 899
534 899 2522
899 534 2522
2695 713 1688
1688 713 2695
713 1688 2695
1078 938 1879
1879 938 1078
938 1078 1879
2263 15 1523
15 1523 2263
1523 15 2263
2808 554 2840
2840 554 2808
554 2808 2840
2603 690 2167
690 2167 2603
2167 690 2603
852 1594 2346
2346 852 1594
1594 852 2346
2287 1192 2616
2616 1192 2287
1192 2287 2616
12 194 2063
2063 12 194
194 12 2063
2246 640 919
640 919 2246
919 640 2246
2658 2078 2610
2610 2078 2658
2078 2610 2658
1766 1566 2977
2977 1566 1766
1566 1766 2977
1079 340 1731
1731 340 1079
340 1079 1731
1468 1971 2591
1971 1468 2591
2591 1468 1971
1918 405 2611
2611 405 1918
405 1918 2611
2742 615 2343
615 2343 2742
2343 615 2742
1727 519 1005
1005 519 1727
519 1005 1727
1454 1579 2304
2304 1454 1579
1579 1454 2304
1375 2222 2759
2759 1375 2222
2222 1375 2759
1197 953 2766
2766 953 1197
953 1197 2766
778 274 2763
2763 274 778
274 778 2763
270 458 2313
458 270 2313
2313 270 458
376 1084 2410
2410 376 1084
1084 376 2410
1383 32 928
928 32 1383
32 928 1383
1608 228 1201
228 1201 1608
1201 228 1608
1822 309 1435
309 1435 1822
1435 309 1822
2234 62 2923
2923 62 2234
62 2234 2923
468 91 214
91 214 468
214 91 468
984 186 1062
1062 186 984
186 984 1062
542 1090 2236
2236 542 1090
1090 542 2236
436 1859 2532
1859 436 2532
2532 436 1859
207 956 2963
956 207 2963
2963 207 956
605 35 892
35 605 892
892 35 605
2334 702 2584
2584 702 2334
702 2334 2584
2768 1255 1838
1838 1255 2768
1255 1838 2768
802 1059 1287
1287 802 1059
1059 802 1287
311 219 2128
219 311 2128
2128 219 311
359 2029 2621
2621 359 2029
2029 359 2621
950 2030 2718
2030 950 2718
2718 950 2030
1464 1680 2407
2407 1464 1680
1680 1464 2407
1629 2655 2917
2655 1629 2917
2917 1629 2655
2198 433 1821
1821 433 2198
433 1821 2198
2762 668 2669
668 2669 2762
2669 668 2762
301 2292 2730
2292 301 2730
2730 301 2292
2163 1449 1890
1890 1449 2163
1449 1890 2163
532 314 1942
1942 314 532
314 532 1942
824 741 1163
741 824 1163
1163 741 824
69 1131 1713
1713 69 1131
1131 69 1713
1543 1111 2709
1111 1543 2709
2709 1111 1543
978 985 1129
1129 978 985
985 978 1129
1273 2159 2883
2159 1273 2883
2883 1273 2159
1633 447 1855
1855 447 1633
447 1633 1855
2506 2428 2595
2595 2428 2506
2428 2506 2595
1009 360 2179
2179 360 1009
360 1009 2179
1072 780 1194
780 1072 1194
1194 780 1072
304 1121 1532
1532 304 1121
1121 304 1532
1203 10 511
10 511 1203
511 10 1203
2548 2091 2220
2220 2091 2548
2091 2220 2548
1065 632 2366
2366 632 1065
632 1065 2366
2445 281 2779
2779 281 2445
281 2445 2779
1993 371 961
961 371 1993
371 961 1993
1804 1466 1837
1466 1804 1837
1837 1466 1804
1984 667 2746
2746 667 1984
667 1984 2746
557 157 2596
2596 157 557
157 557 2596
613 882 2561
2561 613 882
882 613 2561
840 510 2033
2033 510 840
510 840 2033
350 1486 1919
1919 350 1486
1486 350 1919
2079 459 1130
459 1130 2079
1130 459 2079
1645 944 2252
944 1645 2252
2252 944 1645
1931 1500 2931
1500 1931 2931
2931 1500 1931
2131 44 1524
44 1524 2131
1524 44 2131
1875 464 1054
1054 464 1875
464 1054 1875
1777 299 1157
299 1157 1777
1157 299 1777
1294 1360 2003
1360 1294 2003
2003 1294 1360
749 757 2995
757 749 2995
2995 749 757
2375 1238 2626
2626 1238 2375
1238 2375 2626
242 763 797
797 242 763
763 242 797
988 178 1337
1337 178 988
178 988 1337
486 1423 2145
2145 486 1423
1423 486 2145
835 330 536
536 330 835
330 536 835
517 1511 1655
1511 517 1655
1655 517 1511
623 506 2924
506 623 2924
2924 506 623
170 1185 2945
2945 170 1185
1185 170 2945
497 951 1471
951 497 1471
1471 497 951
1985 2028 2450
2028 1985 2450
2450 1985 2028
1008 1927 2106
1927 1008 2106
2106 1008 1927
875 216 1476
216 875 1476
1476 216 875
2814 333 964
964 333 2814
333 964 2814
1357 2952 2980
2980 1357 2952
2952 1357 2980
1156 624 2900
2900 624 1156
624 1156 2900
1830 1721 2566
2566 1721 1830
1721 1830 2566
819 1070 2799
1070 819 2799
2799 819 1070
2736 1491 2786
1491 2736 2786
2786 1491 2736
1018 347 1158
1158 347 1018
347 1018 1158
2488 141 307
141 307 2488
307 141 2488
570 2040 2186
2040 570 2186
2186 570 2040
2494 103 2293
2293 103 2494
103 2293 2494
2765 257 2420
2420 257 2765
257 2420 2765
1562 982 2654
2654 982 1562
982 1562 2654
1384 1206 1912
1206 1384 1912
1912 1206 1384
206 45 2944
45 206 2944
2944 45 206
2697 2258 2698
2258 2697 2698
2698 2258 2697
1040 849 2306
2306 849 1040
849 1040 2306
1490 1902 2813
1902 1490 2813
2813 1490 1902
227 807 2124
2124 227 807
807 227 2124
1948 1685 2425
2425 1685 1948
1685 1948 2425
810 991 2861
2861 810 991
991 810 2861
1187 1748 2643
2643 1187 1748
1748 1187 2643
1845 93 285
285 93 1845
93 285 1845
1907 159 2501
159 1907 2501
2501 159 1907
1036 1527 2053
2053 1036 1527
1527 1036 2053
821 560 2383
560 821 2383
2383 560 821
1001 1946 2947
2947 1001 1946
1946 1001 2947
268 1610 1945
1945 268 1610
1610 268 1945
2577 291 1694
1694 291 2577
291 1694 2577
2109 173 1549
1549 173 2109
173 1549 2109
1683 289 2370
289 1683 2370
2370 289 1683
1502 343 941
941 343 1502
343 941 1502
641 1349 2690
2690 641 1349
1349 641 2690
2886 89 286
89 286 2886
286 89 2886
2059 844 2681
844 2059 2681
2681 844 2059
2495 2372 2973
2372 2495 2973
2973 2372 2495
1960 563 1048
1048 563 1960
563 1048 1960
805 335 575
575 335 805
335 575 805
2470 1774 2326
1774 2326 2470
2326 1774 2470
2093 845 1606
1606 845 2093
845 1606 2093
1191 602 1874
1874 602 1191
602 1191 1874
2659 2525 2798
2798 2525 2659
2525 2659 2798
2797 408 2996
2996 408 2797
408 2797 2996
2790 782 1199
1199 782 2790
782 1199 2790
1506 738 1278
738 1278 1506
1278 738 1506
471 2411 2598
2411 471 2598
2598 471 2411
939 1495 2691
1495 939 2691
2691 939 1495
1056 694 752
694 752 1056
752 694 1056
218 353 1501
1501 218 353
353 218 1501
2049 7 1335
1335 7 2049
7 1335 2049
1436 817 2055
817 1436 2055
2055 817 1436
2301 1565 2721
2721 1565 2301
1565 2301 2721
1116 1069 1472
1069 1116 1472
1472 1069 1116
1631 2281 2579
2579 1631 2281
2281 1631 2579
1722 234 970
970 234 1722
234 970 1722
803 2552 2867
2552 803 2867
2867 803 2552
2898 1134 2473
1134 2473 2898
2473 1134 2898
2333 201 1304
1304 201 2333
201 1304 2333
2086 135 2964
2964 135 2086
135 2086 2964
936 2363 2651
2363 936 2651
2651 936 2363
2641 336 437
336 437 2641
437 336 2641
1613 874 1776
1776 874 1613
874 1613 1776
34 2125 2960
2960 34 2125
2125 34 2960
1986 2193 2825
2825 1986 2193
2193 1986 2825
2070 1666 2088
1666 2070 2088
2088 1666 2070
2757 391 670
391 670 2757
670 391 2757
2761 963 2453
963 2453 2761
2453 963 2761
412 2476 2777
2777 412 2476
2476 412 2777
2490 210 1970
210 1970 2490
1970 210 2490
1033 539 2483
2483 539 1033
539 1033 2483
2767 924 2828
924 2767 2828
2828 924 2767
787 1558 1947
1558 787 1947
1947 787 1558
1484 24 1470
1470 24 1484
24 1470 1484
2496 29 1483
29 1483 2496
1483 29 2496
1162 1933 2439
1933 1162 2439
2439 1162 1933
1802 476 660
660 476 1802
476 660 1802
2534 592 2399
592 2399 2534
2399 592 2534
2087 1298 2738
1298 2087 2738
2738 1298 2087
247 1168 2855
2855 247 1168
1168 247 2855
482 98 1323
98 482 1323
1323 98 482
2268 102 1704
102 1704 2268
1704 102 2268
138 1999 2542
2542 138 1999
1999 138 2542
2528 1940 2647
1940 2528 2647
2647 1940 2528
2413 321 362
362 321 2413
321 362 2413
501 998 1218
1218 501 998
998 501 1218
470 1729 2637
2637 470 1729
1729 470 2637
1258 132 2612
2612 132 1258
132 1258 2612
2571 111 1003
111 1003 2571
1003 111 2571
1856 136 648
648 136 1856
136 648 1856
863 885 2024
885 863 2024
2024 863 885
912 1150 2464
2464 912 1150
1150 912 2464
2871 288 1176
288 1176 2871
1176 288 2871
2662 1451 2082
2082 1451 2662
1451 2082 2662
1908 255 781
255 781 1908
781 255 1908
1362 406 1695
1695 406 1362
406 1362 1695
618 380 2851
2851 380 618
380 618 2851
2842 846 2560
2560 846 2842
846 2560 2842
2546 879 2129
879 2129 2546
2129 879 2546
1797 2116 2299
2299 1797 2116
2116 1797 2299
1000 881 2826
881 1000 2826
2826 881 1000
1139 1167 2215
2215 1139 1167
1167 1139 2215
2962 1477 2097
1477 2097 2962
2097 1477 2962
2270 1025 2740
1025 2270 2740
2740 1025 2270
71 1363 1651
1651 71 1363
1363 71 1651
403 2294 2398
2294 403 2398
2398 403 2294
2932 538 2530
538 2530 2932
2530 538 2932
249 2096 2254
2096 249 2254
2254 249 2096
1411 1711 1887
1887 1411 1711
1711 1411 1887
2417 2225 2298
2298 2225 2417
2225 2298 2417
1103 1909 2046
1909 1103 2046
2046 1103 1909
926 1138 2060
2060 926 1138
1138 926 2060
1367 204 1955
1955 204 1367
204 1367 1955
66 1097 1494
1494 66 1097
1097 66 1494
1348 611 2749
611 1348 2749
2749 611 1348
520 1301 2202
1301 520 2202
2202 520 1301
2173 979 2403
979 2173 2403
2403 979 2173
930 260 1684
260 930 1684
1684 260 930
1834 1426 2357
2357 1426 1834
1426 1834 2357
2720 1212 1953
1953 1212 2720
1212 1953 2720
1698 966 2177
2177 966 1698
966 1698 2177
1578 1247 2905
1247 1578 2905
2905 1247 1578
2478 722 1573
722 1573 2478
1573 722 2478
1459 400 1778
1778 400 1459
400 1459 1778
1331 1441 1681
1681 1331 1441
1441 1331 1681
1944 2249 2588
2249 1944 2588
2588 1944 2249
334 799 1763
799 334 1763
1763 334 799
48 1047 1668
1668 48 1047
1047 48 1668
2916 2739 2946
2739 2916 2946
2946 2739 2916
1744 1806 2968
1806 1744 2968
2968 1744 1806
104 524 2065
2065 104 524
524 104 2065
1050 1788 1990
1788 1050 1990
1990 1050 1788
1923 1221 2575
2575 1221 1923
1221 1923 2575
322 1398 1643
1398 322 1643
1643 322 1398
379 474 1377
1377 379 474
474 379 1377
84 847 2568
2568 84 847
847 84 2568
1648 2556 2833
2556 1648 2833
2833 1648 2556
584 695 1125
695 584 1125
1125 584 695
2837 1936 2240
2240 1936 2837
1936 2240 2837
2949 53 625
53 625 2949
625 53 2949
704 1292 2272
1292 704 2272
2272 704 1292
997 243 2194
243 997 2194
2194 243 997
2521 2184 2307
2307 2184 2521
2184 2307 2521
1950 469 862
469 862 1950
862 469 1950
2801 1658 2133
1658 2133 2801
2133 1658 2801
1286 768 2756
768 1286 2756
2756 768 1286
176 1542 2241
1542 176 2241
2241 176 1542
75 480 2197
480 75 2197
2197 75 480
183 1840 2545
2545 183 1840
1840 183 2545
1533 529 1164
529 1164 1533
1164 529 1533
2168 578 1678
578 1678 2168
1678 578 2168
2191 1244 1692
1244 1692 2191
1692 1244 2191
1671 679 1750
1750 679 1671
679 1671 1750
2896 2076 2578
2076 2578 2896
2578 2076 2896
2666 1649 2002
2002 1649 2666
1649 2002 2666
184 2015 2656
2015 184 2656
2656 184 2015
2536 1903 2155
2155 1903 2536
1903 2155 2536
317 775 1669
775 317 1669
1669 317 775
346 674 1124
674 346 1124
1124 346 674
1083 168 1994
168 1083 1994
1994 168 1083
1226 318 1883
318 1226 1883
1883 318 1226
1497 2042 2800
2042 1497 2800
2800 1497 2042
1338 161 202
161 202 1338
202 161 1338
760 1300 2692
2692 760 1300
1300 760 2692
890 647 1448
1448 647 890
647 890 1448
2937 893 2247
2247 893 2937
893 2247 2937
1791 509 2839
509 1791 2839
2839 509 1791
434 1555 2816
1555 434 2816
2816 434 1555
430 2062 2396
2062 430 2396
2396 430 2062
2812 215 1364
1364 215 2812
215 1364 2812
2737 696 1638
1638 696 2737
696 1638 2737
2570 1227 1396
1396 1227 2570
1227 1396 2570
1215 1394 2009
1394 1215 2009
2009 1215 1394
2391 872 1123
1123 872 2391
872 1123 2391
601 1251 2930
2930 601 1251
1251 601 2930
377 1958 2433
1958 377 2433
2433 377 1958
300 1345 1921
1921 300 1345
1345 300 1921
855 88 431
88 431 855
431 88 855
2838 573 972
972 573 2838
573 972 2838
19 415 2773
2773 19 415
415 19 2773
1862 608 1891
608 1862 1891
1891 608 1862
1106 106 2369
106 1106 2369
2369 106 1106
2645 308 2310
2310 308 2645
308 2310 2645
2583 2597 2743
2597 2583 2743
2743 2583 2597
1553 735 1759
1759 735 1553
735 1553 1759
756 357 502
357 502 756
502 357 756
121 266 1207
1207 121 266
266 121 1207
2804 771 2735
2735 771 2804
771 2735 2804
2764 2608 2975
2608 2764 2975
2975 2608 2764
422 60 1820
60 422 1820
1820 60 422
312 226 2606
226 312 2606
2606 226 312
2555 36 2907
2907 36 2555
36 2555 2907
1374 691 2672
2672 691 1374
691 1374 2672
1378 733 2520
733 1378 2520
2520 733 1378
1571 815 2984
815 1571 2984
2984 815 1571
1401 629 2858
2858 629 1401
629 1401 2858
472 550 1319
550 472 1319
1319 472 550
905 1234 2393
2393 905 1234
1234 905 2393
1962 2904 2938
2938 1962 2904
2904 1962 2938
1607 706 1428
706 1428 1607
1428 706 1607
1105 1530 2156
1530 1105 2156
2156 1105 1530
2981 631 2175
631 2175 2981
2175 631 2981
2462 1567 2481
1567 2462 2481
2481 1567 2462
971 880 1652
1652 880 971
880 971 1652
1794 396 1810
1810 396 1794
396 1794 1810
809 2421 2642
2642 809 2421
2421 809 2642
1295 2282 2890
2890 1295 2282
2282 1295 2890
2361 1696 2918
1696 2361 2918
2918 1696 2361
2715 56 1135
56 1135 2715
1135 56 2715
1177 1017 2338
2338 1017 1177
1017 1177 2338
1030 1602 1863
1863 1030 1602
1602 1030 1863
76 719 2744
2744 76 719
719 76 2744
2365 1499 1689
1499 1689 2365
1689 1499 2365
609 1616 2670
2670 609 1616
1616 609 2670
163 395 841
841 163 395
395 163 841
2830 1283 1949
1949 1283 2830
1283 1949 2830
2204 292 2928
292 2204 2928
2928 292 2204
2722 1957 2504
2504 1957 2722
1957 2504 2722
355 1873 2668
1873 355 2668
2668 355 1873
1223 263 1145
1145 263 1223
263 1145 1223
2667 515 1269
515 1269 2667
1269 515 2667
1844 1013 2455
1013 1844 2455
2455 1013 1844
661 18 1781
1781 18 661
18 661 1781
1200 250 428
250 428 1200
428 250 1200
2341 57 2061
57 2061 2341
2061 57 2341
1236 1554 1805
1805 1236 1554
1554 1236 1805
9 73 2970
2970 9 73
73 9 2970
1350 11 724
11 724 1350
724 11 1350
911 921 1388
921 911 1388
1388 911 921
493 85 2134
2134 85 493
85 493 2134
2213 904 2237
904 2213 2237
2237 904 2213
1605 827 1910
827 1605 1910
1910 827 1605
1498 1053 2331
1053 1498 2331
2331 1053 1498
1082 411 1746
411 1082 1746
1746 411 1082
635 162 900
162 635 900
900 162 635
118 980 1154
980 118 1154
1154 118 980
2406 80 2753
80 2406 2753
2753 80 2406
1753 559 1707
1707 559 1753
559 1707 1753
800 477 896
477 800 896
896 477 800
164 996 1811
996 164 1811
1811 164 996
2854 585 2335
585 2335 2854
2335 585 2854
2012 566 2308
566 2012 2308
2308 566 2012
1582 2228 2819
2819 1582 2228
2228 1582 2819
2686 8 462
8 462 2686
462 8 2686
1076 664 2260
2260 664 1076
664 1076 2260
2212 1584 1853
1584 1853 2212
1853 1584 2212
2957 217 2141
2141 217 2957
217 2141 2957
1172 1952 2731
2731 1172 1952
1952 1172 2731
1935 348 2349
2349 348 1935
348 1935 2349
2650 914 2537
914 2537 2650
2537 914 2650
764 1148 2794
2794 764 1148
1148 764 2794
2227 181 1690
181 1690 2227
1690 181 2227
2174 1424 2101
2101 1424 2174
1424 2101 2174
2390 955 1249
955 1249 2390
1249 955 2390
1601 1208 2132
1208 1601 2132
2132 1208 1601
457 1237 2712
2712 457 1237
1237 457 2712
1325 727 750
750 727 1325
727 750 1325
597 1719 1723
1719 597 1723
1723 597 1719
1075 298 2719
2719 298 1075
298 1075 2719
705 86 2538
2538 86 705
86 705 2538
427 1153 1628
1628 427 1153
1153 427 1628
1224 1004 2408
2408 1004 1224
1004 1224 2408
1240 798 1624
798 1240 1624
1624 798 1240
2416 773 954
954 773 2416
773 954 2416
1564 329 505
505 329 1564
329 505 1564
2432 2074 2635
2635 2074 2432
2074 2432 2635
2866 1281 2126
2126 1281 2866
1281 2126 2866
507 2031 2112
2112 507 2031
2031 507 2112
556 1055 1904
1904 556 1055
1055 556 1904
1219 1664 2342
1664 1219 2342
2342 1219 1664
1245 1520 1978
1520 1245 1978
1978 1245 1520
1867 2373 2685
2373 1867 2685
2685 1867 2373
2772 2170 2978
2170 2772 2978
2978 2170 2772
2071 2541 2835
2541 2071 2835
2835 2071 2541
2180 974 1071
974 1071 2180
1071 974 2180
1114 448 1513
448 1114 1513
1513 448 1114
2043 258 2523
2523 258 2043
258 2043 2523
1285 522 2704
2704 522 1285
522 1285 2704
444 1827 2379
2379 444 1827
1827 444 2379
1074 381 1086
381 1074 1086
1086 381 1074
2288 279 1160
279 1160 2288
1160 279 2288
545 1113 2008
2008 545 1113
1113 545 2008
2725 2750 2827
2750 2725 2827
2827 2725 2750
40 1829 2613
2613 40 1829
1829 40 2613
2165 375 1390
375 1390 2165
1390 375 2165
2934 499 1817
1817 499 2934
499 1817 2934
487 1603 2296
1603 487 2296
2296 487 1603
2991 296 2755
2755 296 2991
296 2755 2991
409 814 2780
2780 409 814
814 409 2780
2401 384 2778
384 2401 2778
2778 384 2401
2211 653 2400
653 2211 2400
2400 653 2211
1181 1155 1254
1155 1181 1254
1254 1155 1181
1266 440 1897
1897 440 1266
440 1266 1897
1997 2359 2726
2726 1997 2359
2359 1997 2726
1769 1525 1929
1525 1769 1929
1929 1525 1769
1474 1487 2340
2340 1474 1487
1487 1474 2340
1885 1279 1824
1279 1824 1885
1824 1279 1885
2152 1361 1941
1361 1941 2152
1941 1361 2152
1552 943 1505
1505 943 1552
943 1505 1552
382 1535 1730
1535 382 1730
1730 382 1535
2412 445 1630
445 1630 2412
1630 445 2412
2209 1756 1865
1756 1865 2209
1865 1756 2209
1415 1675 2515
2515 1415 1675
1675 1415 2515
1775 142 2992
2992 142 1775
142 1775 2992
1597 1461 2337
2337 1461 1597
1461 1597 2337
95 813 1231
1231 95 813
813 95 1231
1539 888 1095
1095 888 1539
888 1095 1539
2380 1808 2510
2510 1808 2380
1808 2380 2510
1998 72 843
843 72 1998
72 843 1998
2068 49 2324
49 2068 2324
2324 49 2068
1771 225 836
225 836 1771
836 225 1771
1877 512 1550
512 1550 1877
1550 512 1877
2782 338 2443
338 2443 2782
2443 338 2782
2245 1037 2147
1037 2147 2245
2147 1037 2245
1796 2688 2906
2906 1796 2688
2688 1796 2906
2148 910 1900
910 1900 2148
1900 910 2148
2684 1060 2183
1060 2183 2684
2183 1060 2684
1898 685 1133
685 1133 1898
1133 685 1898
167 155 2671
2671 155 167
155 167 2671
1028 2459 2665
2665 1028 2459
2459 1028 2665
675 16 714
16 675 714
714 16 675
903 1563 2983
2983 903 1563
1563 903 2983
2256 865 1706
1706 865 2256
865 1706 2256
2415 818 2885
2885 818 2415
818 2415 2885
590 595 1784
1784 590 595
595 590 1784
2271 496 1591
496 1591 2271
1591 496 2271
2032 169 528
169 528 2032
528 169 2032
328 2441 2845
2845 328 2441
2441 328 2845
689 1041 2910
2910 689 1041
1041 689 2910
2347 1101 2615
2615 1101 2347
1101 2347 2615
2136 662 2844
662 2136 2844
2844 662 2136
475 251 2460
2460 251 475
251 475 2460
503 2563 2796
2796 503 2563
2563 503 2796
2073 264 1779
264 1779 2073
1779 264 2073
2491 1089 2640
2640 1089 2491
1089 2491 2640
2874 1267 2820
1267 2820 2874
2820 1267 2874
64 969 2135
969 64 2135
2135 64 969
1306 965 1261
965 1261 1306
1261 965 1306
2988 2320 2664
2320 2664 2988
2664 2320 2988
504 1152 1372
1152 504 1372
1372 504 1152
1313 101 2529
2529 101 1313
101 1313 2529
2862 2014 2507
2014 2507 2862
2507 2014 2862
1708 2098 2922
2098 1708 2922
2922 1708 2098
1528 4 1751
1751 4 1528
4 1528 1751
2958 224 2936
224 2936 2958
2936 224 2958
2171 851 2328
851 2171 2328
2328 851 2171
1861 2286 2465
2286 1861 2465
2465 1861 2286
410 1789 1983
1983 410 1789
1789 410 1983
2446 973 1321
1321 973 2446
973 1321 2446
2644 1422 2852
2852 1422 2644
1422 2644 2852
784 365 1489
1489 365 784
365 784 1489
1739 1770 2727
2727 1739 1770
1770 1739 2727
2181 687 1832
1832 687 2181
687 1832 2181
413 435 858
435 413 858
858 413 435
2444 1073 2527
1073 2444 2527
2527 1073 2444
1010 484 1988
1988 484 1010
484 1010 1988
1019 1320 1641
1641 1019 1320
1320 1019 1641
2290 707 1587
1587 707 2290
707 1587 2290
1119 730 1369
730 1119 1369
1369 730 1119
1141 934 1604
1604 934 1141
934 1141 1604
2868 870 2217
870 2217 2868
2217 870 2868
205 533 1831
533 205 1831
1831 205 533
1216 826 2374
826 1216 2374
2374 826 1216
770 672 1611
672 770 1611
1611 672 770
2330 295 2632
295 2330 2632
2632 295 2330
297 535 1149
1149 297 535
535 297 1149
1109 804 2389
804 1109 2389
2389 804 1109
354 438 937
937 354 438
438 354 937
1650 5 2986
5 1650 2986
2986 5 1650
1959 213 2130
213 1959 2130
2130 213 1959
1639 723 2105
723 1639 2105
2105 723 1639
1190 385 2172
2172 385 1190
385 1190 2172
1841 1732 2262
2262 1732 1841
1732 1841 2262
2210 27 419
27 419 2210
419 27 2210
2385 2492 2783
2783 2385 2492
2492 2385 2783
1102 1318 1895
1895 1102 1318
1318 1102 1895
2969 1686 2110
1686 2110 2969
2110 1686 2969
2543 878 2418
2418 878 2543
878 2418 2543
1717 143 839
143 839 1717
839 143 1717
179 1733 1826
1733 179 1826
1826 179 1733
1242 1058 1443
1058 1242 1443
1443 1058 1242
2064 1180 1976
1976 1180 2064
1180 1976 2064
861 1716 2624
1716 861 2624
2624 861 1716
2942 271 1833
1833 271 2942
271 1833 2942
1492 1740 2948
1740 1492 2948
2948 1492 1740
2760 1118 1798
1798 1118 2760
1118 1798 2760
1195 1632 2081
1632 1195 2081
2081 1195 1632
659 2 1977
2 659 1977
1977 2 659
2092 1309 2636
1309 2092 2636
2636 1309 2092
2497 275 341
275 341 2497
341 275 2497
2274 558 2139
2139 558 2274
558 2139 2274
466 599 2207
2207 466 599
599 466 2207
582 1132 2911
1132 582 2911
2911 582 1132
1458 646 1344
1344 646 1458
646 1344 1458
1268 494 790
790 494 1268
494 790 1268
37 158 392
158 37 392
392 37 158
2122 182 596
182 596 2122
596 182 2122
108 140 1767
1767 108 140
140 108 1767
305 860 1371
860 305 1371
1371 305 860
2734 1182 2953
1182 2734 2953
2953 1182 2734
1066 245 2508
245 1066 2508
2508 245 1066
2004 2047 2593
2047 2004 2593
2593 2004 2047
2700 546 2463
546 2463 2700
2463 546 2700
2498 252 786
786 252 2498
252 786 2498
2619 1973 2843
2843 1973 2619
1973 2619 2843
1437 744 2857
744 1437 2857
2857 744 1437
2889 276 287
287 276 2889
276 287 2889
1725 1561 2600
1561 1725 2600
2600 1561 1725
1816 451 901
451 901 1816
901 451 1816
1864 1252 2319
1252 1864 2319
2319 1252 1864
1311 23 1749
23 1311 1749
1749 23 1311
232 2084 2999
2999 232 2084
2084 232 2999
139 1547 1754
1754 139 1547
1547 139 1754
745 553 634
634 553 745
553 634 745
2423 621 1016
621 1016 2423
1016 621 2423
2516 2085 2305
2305 2085 2516
2085 2305 2516
1625 1007 1581
1581 1007 1625
1007 1581 1625
1198 2602 2785
2785 1198 2602
2602 1198 2785
1915 1392 1939
1939 1392 1915
1392 1915 1939
1787 1815 1872
1815 1787 1872
1872 1787 1815
87 1044 2544
1044 87 2544
2544 87 1044
2350 1615 2919
2919 1615 2350
1615 2350 2919
848 1691 2048
2048 848 1691
1691 848 2048
485 527 2275
527 485 2275
2275 485 527
1248 31 1783
1783 31 1248
31 1248 1783
1094 721 1790
721 1094 1790
1790 721 1094
1381 1408 2846
1408 1381 2846
2846 1381 1408
259 587 2387
587 259 2387
2387 259 587
2979 424 1389
1389 424 2979
424 1389 2979
1870 1243 1297
1297 1243 1870
1243 1297 1870
2884 456 1442
1442 456 2884
456 1442 2884
1205 107 1171
107 1171 1205
1171 107 1205
751 856 1989
856 751 1989
1989 751 856
1250 1326 2551
2551 1250 1326
1326 1250 2551
109 897 1159
897 109 1159
1159 109 897
1860 1230 2182
2182 1230 1860
1230 1860 2182
2558 850 2395
850 2395 2558
2395 850 2558
2188 2314 2707
2707 2188 2314
2314 2188 2707
812 933 1225
1225 812 933
933 812 1225
1011 1697 1835
1835 1011 1697
1697 1011 1835
710 657 2901
657 710 2901
2901 657 710
2351 261 269
261 269 2351
269 261 2351
1068 1014 1284
1284 1014 1068
1014 1068 1284
1485 2154 2870
2870 1485 2154
2154 1485 2870
2519 1673 2503
1673 2503 2519
2503 1673 2519
1393 203 867
203 867 1393
867 203 1393
319 65 2095
2095 65 319
65 319 2095
211 1213 2218
1213 211 2218
2218 211 1213
884 185 1752
1752 185 884
185 884 1752
442 569 1851
569 442 1851
1851 442 569
734 655 2902
2902 655 734
655 734 2902
122 68 1772
1772 68 122
68 122 1772
873 2231 2302
2231 873 2302
2302 873 2231
869 2206 2985
2206 869 2985
2985 869 2206
2348 165 1557
165 1557 2348
1557 165 2348
656 133 2329
133 656 2329
2329 133 656
2569 925 1446
1446 925 2569
925 1446 2569
2226 946 2364
2364 946 2226
946 2226 2364
676 2678 2788
2788 676 2678
2678 676 2788
2199 776 2864
776 2199 2864
2864 776 2199
1024 513 2540
513 1024 2540
2540 513 1024
3 2142 2824
2824 3 2142
2142 3 2824
916 959 2557
2557 916 959
959 916 2557
1217 759 1660
759 1217 1660
1660 759 1217
692 537 2818
537 692 2818
2818 537 692
2989 126 180
126 180 2989
180 126 2989
2123 1718 2107
1718 2107 2123
2107 1718 2123
859 388 2020
2020 388 859
388 859 2020
725 1469 2077
2077 725 1469
1469 725 2077
1526 241 610
241 610 1526
610 241 1526
952 1538 2745
1538 952 2745
2745 952 1538
1452 144 2052
144 1452 2052
2052 144 1452
1137 171 825
171 825 1137
825 171 1137
906 1646 2327
1646 906 2327
2327 906 1646
2007 1376 1456
1376 1456 2007
1456 1376 2007
2474 2276 2567
2567 2276 2474
2276 2474 2567
1741 92 643
643 92 1741
92 643 1741
1635 112 2137
112 1635 2137
2137 112 1635
1336 1465 2023
1465 1336 2023
2023 1336 1465
1031 1849 2622
2622 1031 1849
1849 1031 2622
1328 498 2480
2480 498 1328
498 1328 2480
42 1510 1963
1510 42 1963
1963 42 1510
54 1586 2469
1586 54 2469
2469 54 1586
2102 830 1098
1098 830 2102
830 1098 2102
273 99 1866
99 273 1866
1866 99 273
995 43 2384
2384 43 995
43 995 2384
1178 1186 1583
1583 1178 1186
1186 1178 1583
1063 1620 2201
1620 1063 2201
2201 1063 1620
1403 483 1067
483 1067 1403
1067 483 1403
663 2660 2696
2660 663 2696
2696 663 2660
883 1202 1712
1202 883 1712
1712 883 1202
1420 1241 2806
1241 1420 2806
2806 1241 1420
2705 473 1173
473 1173 2705
1173 473 2705
2539 1592 2187
1592 2187 2539
2187 1592 2539
367 917 1889
917 367 1889
1889 367 917
2513 82 2585
2585 82 2513
82 2513 2585
439 2283 2872
2283 439 2872
2872 439 2283
20 94 2192
2192 20 94
94 20 2192
1850 606 2440
606 1850 2440
2440 606 1850
711 616 1355
1355 616 711
616 711 1355
156 1438 2711
1438 156 2711
2711 156 1438
871 1509 2882
2882 871 1509
1509 871 2882
716 221 1087
221 716 1087
1087 221 716
1463 1518 2316
2316 1463 1518
1518 1463 2316
929 2580 2629
2629 929 2580
2580 929 2629
2356 96 581
581 96 2356
96 581 2356
337 1434 1968
1968 337 1434
1434 337 1968
1042 39 1792
1792 39 1042
39 1042 1792
2277 1296 2682
2682 1296 2277
1296 2277 2682
1179 1514 1843
1843 1179 1514
1514 1179 1843
313 114 2261
114 313 2261
2261 114 313
1682 1764 2392
1764 1682 2392
2392 1682 1764
683 2397 2554
2397 683 2554
2554 683 2397
2409 2120 2352
2352 2120 2409
2120 2352 2409
993 1699 2802
1699 993 2802
2802 993 1699
1799 280 1876
1876 280 1799
280 1799 1876
2990 717 731
731 717 2990
717 731 2990
1654 278 1515
278 1515 1654
1515 278 1654
2649 1780 2317
2317 1780 2649
1780 2317 2649
1966 97 1884
1884 97 1966
97 1884 1966
942 370 2939
370 942 2939
2939 370 942
425 386 2630
386 425 2630
2630 386 425
544 580 1274
580 544 1274
1274 544 580
2069 401 1521
401 1521 2069
1521 401 2069
2511 1536 1742
1536 1742 2511
1742 1536 2511
1572 368 1433
368 1433 1572
1433 368 1572
2311 1880 2747
1880 2311 2747
2747 1880 2311
1814 50 622
622 50 1814
50 622 1814
152 1343 1967
1967 152 1343
1343 152 1967
2477 1351 1614
1351 1614 2477
1614 1351 2477
398 446 1828
446 398 1828
1828 398 446
2604 190 1782
1782 190 2604
190 1782 2604
990 547 915
547 915 990
915 547 990
1166 650 2703
650 1166 2703
2703 650 1166
2119 1188 2791
1188 2119 2791
2791 1188 2119
1093 1737 2471
2471 1093 1737
1737 1093 2471
2051 414 1329
1329 414 2051
414 1329 2051
2422 1418 2013
1418 2013 2422
2013 1418 2422
729 1430 2887
1430 729 2887
2887 729 1430
1146 1012 1020
1012 1020 1146
1020 1012 1146
246 677 2269
677 246 2269
2269 246 677
1488 1061 2770
1061 1488 2770
2770 1061 1488
1512 1127 2037
1127 1512 2037
2037 1127 1512
1785 1519 2010
2010 1519 1785
1519 1785 2010
1339 2461 2733
2733 1339 2461
2461 1339 2733
617 200 1503
200 617 1503
1503 200 617
1370 303 2893
303 1370 2893
2893 303 1370
876 1517 1906
1906 876 1517
1517 876 1906
1714 1672 2362
2362 1672 1714
1672 1714 2362
1546 463 3000
463 1546 3000
3000 463 1546
129 541 755
541 129 755
755 129 541
2994 1836 2475
1836 2475 2994
2475 1836 2994
552 426 2050
2050 426 552
426 552 2050
2553 1 1544
1544 1 2553
1 1544 2553
1626 174 1937
1937 174 1626
174 1626 1937
2565 1233 2336
1233 2336 2565
2336 1233 2565
2019 490 2381
490 2019 2381
2381 490 2019
2927 283 1340
283 1340 2927
1340 283 2927
2627 2121 2752
2752 2121 2627
2121 2627 2752
1264 239 443
239 443 1264
443 239 1264
1404 761 2238
761 1404 2238
2238 761 1404
2617 2912 2982
2912 2617 2982
2982 2617 2912
115 577 2609
577 115 2609
2609 115 577
1314 1021 1995
1995 1021 1314
1021 1314 1995
1569 450 2451
450 1569 2451
2451 450 1569
2454 1617 1854
1854 1617 2454
1617 1854 2454
67 857 2955
2955 67 857
857 67 2955
1930 240 1585
240 1585 1930
1585 240 1930
576 1170 1700
1700 576 1170
1170 576 1700
1144 562 726
726 562 1144
562 726 1144
740 70 1881
1881 70 740
70 740 1881
806 1220 1800
1800 806 1220
1220 806 1800
145 460 565
565 145 460
460 145 565
822 237 1029
1029 237 822
237 822 1029
746 948 2564
948 746 2564
2564 746 948
1193 1636 2027
1636 1193 2027
2027 1193 1636
2748 105 1705
105 1705 2748
1705 105 2748
2315 351 779
351 779 2315
779 351 2315
767 2022 2057
2057 767 2022
2022 767 2057
2250 345 1057
1057 345 2250
345 1057 2250
958 13 2888
2888 13 958
13 958 2888
1175 383 1677
1677 383 1175
383 1175 1677
2239 1568 2388
2388 1568 2239
1568 2239 2388
2618 2339 2430
2339 2430 2618
2430 2339 2618
2325 22 1529
1529 22 2325
22 1529 2325
1720 791 2368
2368 791 1720
791 1720 2368
1653 389 555
389 555 1653
555 389 1653
1410 21 1475
1475 21 1410
21 1410 1475
1593 1928 2089
1928 1593 2089
2089 1593 1928
2877 265 2138
2138 265 2877
265 2138 2877
2289 166 479
166 479 2289
479 166 2289
701 2489 2976
2489 701 2976
2976 701 2489
1589 2714 2849
2849 1589 2714
2714 1589 2849
968 1911 2680
2680 968 1911
1911 968 2680
853 922 1332
1332 853 922
922 853 1332
1812 983 1504
1504 983 1812
983 1504 1812
2589 698 742
698 742 2589
742 698 2589
654 151 1196
151 654 1196
1196 151 654
172 310 2118
310 172 2118
2118 172 310
2195 2404 2935
2404 2195 2935
2935 2195 2404
708 1099 2847
2847 708 1099
1099 708 2847
2998 306 2687
306 2687 2998
2687 306 2998
1595 1745 2895
1745 1595 2895
2895 1595 1745
1092 2039 2205
2205 1092 2039
2039 1092 2205
1143 119 1765
1765 119 1143
119 1143 1765
785 571 1687
1687 571 785
571 785 1687
2853 100 2189
100 2189 2853
2189 100 2853
1961 1280 2997
2997 1280 1961
1280 1961 2997
838 1136 2701
2701 838 1136
1136 838 2701
1259 364 1925
1925 364 1259
364 1259 1925
231 1088 2485
1088 231 2485
2485 231 1088
1077 927 1277
1277 927 1077
927 1077 1277
1761 90 607
607 90 1761
90 607 1761
1793 2251 2377
2377 1793 2251
2251 1793 2377
2903 1425 2185
1425 2185 2903
2185 1425 2903
2933 1211 2322
2322 1211 2933
1211 2322 2933
2424 1412 2273
1412 2273 2424
2273 1412 2424
1122 811 2803
2803 811 1122
811 1122 2803
1662 1813 1954
1813 1662 1954
1954 1662 1813
2951 2005 2965
2965 2005 2951
2005 2951 2965
680 1046 1622
1622 680 1046
1046 680 1622
1818 678 975
975 678 1818
678 975 1818
1260 636 866
866 636 1260
636 866 1260
2434 1026 1210
1210 1026 2434
1026 1210 2434
2264 248 651
651 248 2264
248 651 2264
1540 1479 2633
1479 1540 2633
2633 1479 1540
987 1271 2950
1271 987 2950
2950 987 1271
2967 361 909
361 909 2967
909 361 2967
681 454 1801
1801 454 681
454 681 1801
2836 633 2533
633 2533 2836
2533 633 2836
267 1368 2066
1368 267 2066
2066 267 1368
2484 766 1027
1027 766 2484
766 1027 2484
913 1914 2920
1914 913 2920
2920 913 1914
521 1432 1735
1735 521 1432
1432 521 1735
196 495 551
551 196 495
495 196 551
2807 999 1893
999 1893 2807
1893 999 2807
2208 1032 2001
1032 2001 2208
2001 1032 2208
992 2257 2452
2257 992 2452
2452 992 2257
1347 230 765
765 230 1347
230 765 1347
2419 1457 1868
1457 1868 2419
1868 1457 2419
2694 891 1640
891 1640 2694
1640 891 2694
1080 52 567
52 567 1080
567 52 1080
1006 147 2242
2242 147 1006
147 1006 2242
1637 17 823
823 17 1637
17 823 1637
1975 688 1453
688 1453 1975
1453 688 1975
2993 642 854
642 854 2993
854 642 2993
2437 1656 1896
1656 1896 2437
1896 1656 2437
1667 1110 2586
1110 1667 2586
2586 1110 1667
2966 397 1964
397 1964 2966
1964 397 2966
2435 957 2859
2859 957 2435
957 2435 2859
2200 2303 2921
2303 2200 2921
2921 2200 2303
709 514 586
514 586 709
586 514 709
1022 123 229
229 123 1022
123 229 1022
1038 2285 2793
2793 1038 2285
2285 1038 2793
2631 2355 2601
2601 2355 2631
2355 2601 2631
189 508 540
540 189 508
508 189 540
1330 137 441
441 137 1330
137 441 1330
2438 2426 2741
2741 2426 2438
2426 2438 2741
1590 598 1493
1493 598 1590
598 1493 1590
2332 801 2224
2224 801 2332
801 2224 2332
2072 282 1709
282 1709 2072
1709 282 2072
2223 2114 2354
2114 2223 2354
2354 2114 2223
1987 372 603
603 372 1987
372 603 1987
134 720 2146
720 134 2146
2146 134 720
1619 1302 1416
1416 1302 1619
1302 1416 1619
2987 2229 2590
2229 2590 2987
2590 2229 2987
2054 1598 2075
2075 1598 2054
1598 2054 2075
2771 387 2149
387 2149 2771
2149 387 2771
1169 2405 2724
2724 1169 2405
2405 1169 2724
2863 712 2607
712 2607 2863
2607 712 2863
2625 1407 2913
2913 1407 2625
1407 2625 2913
1516 1541 1857
1857 1516 1541
1541 1516 1857
331 1091 2832
1091 331 2832
2832 331 1091
2925 150 703
150 703 2925
703 150 2925
2243 518 1270
518 1270 2243
1270 518 2243
432 116 1399
116 432 1399
1399 116 432
294 747 920
920 294 747
747 294 920
526 453 2111
2111 453 526
453 526 2111
393 1400 2732
2732 393 1400
1400 393 2732
1322 2160 2414
2414 1322 2160
2160 1322 2414
342 113 588
588 113 342
113 342 588
332 316 2036
316 332 2036
2036 316 332
1938 1819 1922
1922 1819 1938
1819 1922 1938
198 1577 2876
1577 198 2876
2876 198 1577
2021 1657 1974
1974 1657 2021
1657 1974 2021
1307 832 837
832 837 1307
837 832 1307
2265 421 1768
421 1768 2265
1768 421 2265
148 1599 2056
2056 148 1599
1599 148 2056
1848 1366 2499
1366 1848 2499
2499 1366 1848
795 1310 1460
1310 795 1460
1460 795 1310
2909 2235 2693
2693 2235 2909
2235 2693 2909
1262 833 2817
833 1262 2817
2817 833 1262
55 620 1924
1924 55 620
620 55 1924
2006 918 2547
918 2006 2547
2547 918 2006
2865 195 2467
2467 195 2865
195 2467 2865
2371 684 2576
684 2371 2576
2576 684 2371
820 1317 2657
2657 820 1317
1317 820 2657
579 864 977
977 579 864
864 579 977
326 2677 2841
2677 326 2841
2841 326 2677
1580 777 2449
2449 777 1580
777 1580 2449
423 638 1052
638 423 1052
1052 423 638
1379 358 481
481 358 1379
358 481 1379
1380 2203 2891
2203 1380 2891
2891 1380 2203
2468 2253 2486
2486 2253 2468
2253 2468 2486
1239 79 1508
1508 79 1239
79 1239 1508
1556 762 940
762 940 1556
940 762 1556
78 1235 1429
1235 78 1429
1429 78 1235
2157 2394 2429
2394 2157 2429
