20092 7964 20693
7964 20092 20693
20693 7964 20092
10190 11381 11496
11381 10190 11496
11496 10190 11381
28124 2769 26532
26532 2769 28124
2769 26532 28124
7612 14885 22449
22449 7612 14885
14885 7612 22449
26391 629 10734
629 10734 26391
10734 629 26391
21031 12156 17747
12156 17747 21031
17747 12156 21031
5702 7246 27008
7246 5702 27008
27008 5702 7246
20931 8095 9505
9505 8095 20931
8095 9505 20931
29151 24748 26142
24748 26142 29151
26142 24748 29151
26985 12900 26659
12900 26659 26985
26659 12900 26985
1172 10928 25782
25782 1172 10928
10928 1172 25782
12600 440 5462
440 5462 12600
5462 440 12600
12517 14963 26132
26132 12517 14963
14963 12517 26132
25683 15398 24128
24128 15398 25683
15398 24128 25683
9076 3504 24194
24194 3504 9076
3504 9076 24194
26972 2057 14821
2057 14821 26972
14821 2057 26972
1276 3909 23705
3909 1276 23705
23705 1276 3909
5528 6239 26876
26876 5528 6239
6239 5528 26876
27907 6794 16323
16323 6794 27907
6794 16323 27907
20234 1953 8246
8246 1953 20234
1953 8246 20234
27522 2731 26415
2731 26415 27522
26415 2731 27522
26943 1024 21918
21918 1024 26943
1024 21918 26943
12153 13700 26666
26666 12153 13700
13700 12153 26666
29990 6256 8605
8605 6256 29990
6256 8605 29990
13911 13193 26527
13193 13911 26527
26527 13193 13911
21135 5149 29089
29089 5149 21135
5149 21135 29089
1213 14640 21099
14640 1213 21099
21099 1213 14640
7717 23525 24211
24211 7717 23525
23525 7717 24211
7805 18546 20158
20158 7805 18546
18546 7805 20158
27113 23200 24245
24245 23200 27113
23200 24245 27113
4844 10832 28292
10832 4844 28292
28292 4844 10832
19407 1218 1443
1218 1443 19407
1443 1218 19407
7745 18175 22820
18175 7745 22820
22820 7745 18175
8716 14308 14478
14308 8716 14478
14478 8716 14308
28798 9682 23091
9682 23091 28798
23091 9682 28798
17709 5685 10292
10292 5685 17709
5685 10292 17709
19481 25329 27550
25329 19481 27550
27550 19481 25329
1187 12932 14165
12932 1187 14165
14165 1187 12932
5957 547 20512
547 5957 20512
20512 547 5957
12282 15909 24052
24052 12282 15909
15909 12282 24052
10009 8721 15232
8721 10009 15232
15232 8721 10009
11068 8849 12300
8849 11068 12300
12300 8849 11068
28943 5598 29724
29724 5598 28943
5598 28943 29724
26139 13340 28690
13340 26139 28690
28690 13340 26139
17309 5309 10649
5309 10649 17309
10649 5309 17309
27518 23480 25081
25081 23480 27518
23480 25081 27518
18766 4662 6788
4662 6788 18766
6788 4662 18766
29889 9136 17007
9136 17007 29889
17007 9136 29889
15094 5808 15492
5808 15094 15492
15492 5808 15094
19610 4546 22706
22706 4546 19610
4546 19610 22706
15150 14014 17051
14014 15150 17051
17051 14014 15150
16373 6554 19272
19272 6554 16373
6554 16373 19272
10690 3242 20834
3242 10690 20834
20834 3242 10690
28290 5310 17516
17516 5310 28290
5310 17516 28290
13397 413 9675
413 9675 13397
9675 413 13397
8641 7093 17242
17242 7093 8641
7093 8641 17242
2734 7573 10707
7573 2734 10707
10707 2734 7573
19090 12377 20539
12377 19090 20539
20539 12377 19090
12582 7333 16696
7333 12582 16696
16696 7333 12582
8510 11643 16343
11643 8510 16343
16343 8510 11643
14337 10310 10671
10310 10671 14337
10671 10310 14337
17174 4925 29474
4925 17174 29474
29474 4925 17174
23005 18386 19732
19732 18386 23005
18386 19732 23005
16386 6348 15612
15612 6348 16386
6348 15612 16386
22130 16168 22211
16168 22130 22211
22211 16168 22130
18886 10473 25909
25909 10473 18886
10473 18886 25909
14204 3378 21963
21963 3378 14204
3378 14204 21963
13982 4319 5018
5018 4319 13982
4319 5018 13982
1193 1086 1683
1683 1086 1193
1086 1193 1683
8882 1329 19812
1329 8882 19812
19812 1329 8882
14698 533 14901
533 14698 14901
14901 533 14698
14540 15090 25784
15090 14540 25784
25784 14540 15090
1529 9143 10987
9143 1529 10987
10987 1529 9143
5335 1790 15523
1790 5335 15523
15523 1790 5335
12563 19386 28693
28693 12563 19386
19386 12563 28693
12894 9781 27015
9781 12894 27015
27015 9781 12894
11680 7229 28030
7229 11680 28030
28030 7229 11680
20096 9720 19633
19633 9720 20096
9720 19633 20096
22864 14710 15266
14710 15266 22864
15266 14710 22864
4086 1564 7413
7413 1564 4086
1564 4086 7413
14075 9847 20426
20426 9847 14075
9847 14075 20426
921 1107 21002
1107 921 21002
21002 921 1107
8671 7008 19287
7008 8671 19287
19287 7008 8671
14100 1670 12346
12346 1670 14100
1670 12346 14100
6079 1584 13803
1584 6079 13803
13803 1584 6079
14541 9528 22845
22845 9528 14541
9528 14541 22845
18311 5341 13674
5341 13674 18311
13674 5341 18311
7167 16673 19911
19911 7167 16673
16673 7167 19911
5304 5447 28909
28909 5304 5447
5447 5304 28909
14046 7297 23745
7297 14046 23745
23745 7297 14046
25353 8189 21759
21759 8189 25353
8189 21759 25353
20999 21991 29977
29977 20999 21991
21991 20999 29977
6635 1700 10564
10564 1700 6635
1700 6635 10564
6600 19774 28609
19774 6600 28609
28609 6600 19774
2700 7576 7881
7881 2700 7576
7576 2700 7881
3772 20920 25707
25707 3772 20920
20920 3772 25707
12497 3335 28904
28904 3335 12497
3335 12497 28904
5433 5019 10337
5019 5433 10337
10337 5019 5433
7703 13008 28508
28508 7703 13008
13008 7703 28508
29064 8736 15144
8736 15144 29064
15144 8736 29064
3527 13993 27688
27688 3527 13993
13993 3527 27688
13632 24481 28817
28817 13632 24481
24481 13632 28817
19651 4294 17259
17259 4294 19651
4294 17259 19651
25003 16855 17604
16855 17604 25003
17604 16855 25003
9934 10038 25327
10038 9934 25327
25327 9934 10038
18300 2955 25794
25794 2955 18300
2955 18300 25794
12085 19550 21046
21046 12085 19550
19550 12085 21046
17117 6168 21068
6168 17117 21068
21068 6168 17117
9222 13210 15525
13210 9222 15525
15525 9222 13210
6838 4840 9869
4840 6838 9869
9869 4840 6838
25488 7166 15795
15795 7166 25488
7166 15795 25488
19908 22417 26243
22417 19908 26243
26243 19908 22417
10449 7011 27867
27867 7011 10449
7011 10449 27867
18223 8839 18555
8839 18223 18555
18555 8839 18223
5688 22398 29523
29523 5688 22398
22398 5688 29523
5166 13843 28112
28112 5166 13843
13843 5166 28112
4001 20646 27677
20646 4001 27677
27677 4001 20646
24995 8379 15622
15622 8379 24995
8379 15622 24995
29813 960 23435
960 23435 29813
23435 960 29813
13687 2473 5099
5099 2473 13687
2473 5099 13687
2670 2668 23325
2668 2670 23325
23325 2668 2670
6011 11714 22851
22851 6011 11714
11714 6011 22851
10275 3082 27917
3082 10275 27917
27917 3082 10275
6108 13311 28548
13311 6108 28548
28548 6108 13311
28209 654 6925
6925 654 28209
654 6925 28209
24962 4316 6649
6649 4316 24962
4316 6649 24962
17507 7400 26579
7400 17507 26579
26579 7400 17507
22324 746 20984
20984 746 22324
746 20984 22324
4309 13863 15453
15453 4309 13863
13863 4309 15453
15039 19837 24362
19837 15039 24362
24362 15039 19837
3412 773 18675
18675 773 3412
773 3412 18675
27784 6003 19061
6003 19061 27784
19061 6003 27784
20561 8016 26197
8016 20561 26197
26197 8016 20561
10535 17416 18580
18580 10535 17416
17416 10535 18580
17506 18604 26635
18604 17506 26635
26635 17506 18604
3317 15074 20688
15074 3317 20688
20688 3317 15074
19565 2865 25596
25596 2865 19565
2865 19565 25596
16883 4419 29296
4419 16883 29296
29296 4419 16883
14925 13703 19597
13703 14925 19597
19597 13703 14925
28268 9197 15758
15758 9197 28268
9197 15758 28268
21114 13565 23356
13565 21114 23356
23356 13565 21114
20275 14846 26145
26145 14846 20275
14846 20275 26145
8639 2559 21717
21717 2559 8639
2559 8639 21717
2459 20758 25196
25196 2459 20758
20758 2459 25196
9987 26357 28742
28742 9987 26357
26357 9987 28742
4588 6848 25458
6848 4588 25458
25458 4588 6848
17846 10320 12356
12356 10320 17846
10320 12356 17846
8809 7829 11469
11469 7829 8809
7829 8809 11469
24537 10646 29872
10646 24537 29872
29872 10646 24537
5558 13875 18622
13875 5558 18622
18622 5558 13875
6825 2235 8148
8148 2235 6825
2235 6825 8148
3750 1041 25529
1041 3750 25529
25529 1041 3750
2084 186 1432
186 1432 2084
1432 186 2084
22815 116 15315
15315 116 22815
116 15315 22815
9213 25225 25274
25225 9213 25274
25274 9213 25225
3159 16213 21438
21438 3159 16213
16213 3159 21438
28427 16468 18813
18813 16468 28427
16468 18813 28427
26806 19421 21399
21399 19421 26806
19421 21399 26806
411 18610 21024
18610 411 21024
21024 411 18610
14131 7727 26365
26365 7727 14131
7727 14131 26365
14572 27990 28277
27990 14572 28277
28277 14572 27990
23782 23085 23135
23135 23085 23782
23085 23135 23782
3762 3382 24843
24843 3382 3762
3382 3762 24843
14084 4804 5368
4804 5368 14084
5368 4804 14084
14501 12416 23187
12416 14501 23187
23187 12416 14501
14136 8777 29328
8777 14136 29328
29328 8777 14136
24940 9342 14069
14069 9342 24940
9342 14069 24940
8763 7837 11180
11180 7837 8763
7837 8763 11180
20921 12609 18120
12609 18120 20921
18120 12609 20921
1019 9707 23955
9707 1019 23955
23955 1019 9707
27382 4070 16635
4070 16635 27382
16635 4070 27382
23800 1760 12032
12032 1760 23800
1760 12032 23800
24364 21175 26294
26294 21175 24364
21175 24364 26294
21655 6015 15058
6015 15058 21655
15058 6015 21655
23838 10383 26895
10383 23838 26895
26895 10383 23838
4687 4200 21320
21320 4200 4687
4200 4687 21320
1428 14510 28036
28036 1428 14510
14510 1428 28036
3939 11357 29369
11357 3939 29369
29369 3939 11357
27332 18714 28078
18714 27332 28078
28078 18714 27332
1481 13591 25608
25608 1481 13591
13591 1481 25608
20654 9154 24560
24560 9154 20654
9154 20654 24560
5557 3223 19381
3223 5557 19381
19381 3223 5557
16564 6045 27670
6045 16564 27670
27670 6045 16564
28249 17894 27871
17894 27871 28249
27871 17894 28249
28970 591 8006
8006 591 28970
591 8006 28970
22440 14780 15105
14780 15105 22440
15105 14780 22440
6828 6331 16098
16098 6331 6828
6331 6828 16098
10880 5744 8121
5744 8121 10880
8121 5744 10880
22158 17311 19571
17311 19571 22158
19571 17311 22158
4857 9999 27186
27186 4857 9999
9999 4857 27186
23636 2719 23840
23840 2719 23636
2719 23636 23840
21119 23213 24896
23213 21119 24896
24896 21119 23213
18516 4047 17369
4047 17369 18516
17369 4047 18516
19930 20285 24363
20285 19930 24363
24363 19930 20285
6732 2924 29301
2924 6732 29301
29301 2924 6732
8574 7571 21968
7571 8574 21968
21968 7571 8574
11312 12848 24939
24939 11312 12848
12848 11312 24939
22712 324 13958
324 13958 22712
13958 324 22712
27109 7987 27096
7987 27096 27109
27096 7987 27109
24713 997 1764
997 1764 24713
1764 997 24713
4152 4552 11980
4552 4152 11980
11980 4152 4552
11161 9216 9318
9318 9216 11161
9216 9318 11161
22725 20779 23578
20779 22725 23578
23578 20779 22725
19666 3929 22716
3929 19666 22716
22716 3929 19666
19613 15416 20344
20344 15416 19613
15416 19613 20344
25160 8100 13048
8100 13048 25160
13048 8100 25160
24198 160 16462
16462 160 24198
160 16462 24198
26304 22225 26707
26707 22225 26304
22225 26304 26707
4117 28768 29605
28768 4117 29605
29605 4117 28768
6159 13393 13868
13868 6159 13393
13393 6159 13868
19367 137 17586
137 17586 19367
17586 137 19367
14329 5909 12012
12012 5909 14329
5909 12012 14329
8067 2794 27995
27995 2794 8067
2794 8067 27995
25820 3660 10164
10164 3660 25820
3660 10164 25820
22497 3440 11140
11140 3440 22497
3440 11140 22497
1265 3984 25628
3984 1265 25628
25628 1265 3984
16399 2598 15446
15446 2598 16399
2598 15446 16399
27122 15424 19701
19701 15424 27122
15424 19701 27122
423 602 18340
602 423 18340
18340 423 602
17061 11709 20862
11709 17061 20862
20862 11709 17061
13974 57 16406
16406 57 13974
57 13974 16406
20925 4305 23716
23716 4305 20925
4305 20925 23716
536 28684 29721
29721 536 28684
28684 536 29721
22560 11540 22943
11540 22560 22943
22943 11540 22560
2521 9765 13582
9765 2521 13582
13582 2521 9765
1745 7645 29593
29593 1745 7645
7645 1745 29593
2735 15833 27202
15833 2735 27202
27202 2735 15833
23449 900 7505
900 7505 23449
7505 900 23449
11365 14783 23611
14783 11365 23611
23611 11365 14783
15842 22895 24878
22895 15842 24878
24878 15842 22895
10053 17082 21467
21467 10053 17082
17082 10053 21467
20182 14065 24094
14065 20182 24094
24094 14065 20182
15160 12434 23273
12434 15160 23273
23273 12434 15160
5073 24565 25259
25259 5073 24565
24565 5073 25259
29234 14936 24104
14936 24104 29234
24104 14936 29234
15483 2581 23408
23408 2581 15483
2581 15483 23408
11444 13481 14639
14639 11444 13481
13481 11444 14639
7809 24342 27732
24342 7809 27732
27732 7809 24342
18759 4093 7300
7300 4093 18759
4093 7300 18759
17811 63 196
196 63 17811
63 196 17811
9098 10445 11882
11882 9098 10445
10445 9098 11882
7685 6654 9123
9123 6654 7685
6654 7685 9123
20538 5963 18775
5963 18775 20538
18775 5963 20538
12077 5292 6283
5292 6283 12077
6283 5292 12077
17824 24111 29248
24111 17824 29248
29248 17824 24111
6421 21006 27137
27137 6421 21006
21006 6421 27137
1533 25758 29345
25758 1533 29345
29345 1533 25758
23076 20668 21507
20668 21507 23076
21507 20668 23076
21156 6262 28122
28122 6262 21156
6262 21156 28122
29223 12917 23512
12917 23512 29223
23512 12917 29223
25826 8697 11008
8697 11008 25826
11008 8697 25826
15346 9883 22631
22631 9883 15346
9883 15346 22631
8500 19142 29672
19142 8500 29672
29672 8500 19142
8204 1249 21395
21395 1249 8204
1249 8204 21395
4905 15653 16174
16174 4905 15653
15653 4905 16174
3770 16802 27091
16802 3770 27091
27091 3770 16802
911 7696 8776
7696 911 8776
8776 911 7696
6429 3427 16522
16522 3427 6429
3427 6429 16522
23639 988 20722
988 20722 23639
20722 988 23639
21523 15816 25524
15816 21523 25524
25524 15816 21523
13511 9646 13380
9646 13380 13511
13380 9646 13511
29549 1088 10079
1088 10079 29549
10079 1088 29549
27022 5225 24325
24325 5225 27022
5225 24325 27022
20213 24277 27257
27257 20213 24277
24277 20213 27257
15394 5947 6203
6203 5947 15394
5947 6203 15394
22970 25083 29431
29431 22970 25083
25083 22970 29431
27738 14643 24183
14643 24183 27738
24183 14643 27738
22224 13624 20760
13624 20760 22224
20760 13624 22224
13545 11893 15704
15704 11893 13545
11893 13545 15704
25073 4651 28804
4651 25073 28804
28804 4651 25073
23855 19409 28928
19409 23855 28928
28928 19409 23855
7364 13798 27510
13798 7364 27510
27510 7364 13798
12519 23771 26739
26739 12519 23771
23771 12519 26739
21852 9201 12864
9201 12864 21852
12864 9201 21852
22023 13577 19173
13577 19173 22023
19173 13577 22023
3914 7693 20391
20391 3914 7693
7693 3914 20391
8961 20310 29427
29427 8961 20310
20310 8961 29427
27095 5085 25053
25053 5085 27095
5085 25053 27095
11060 8796 20901
8796 11060 20901
20901 8796 11060
29603 18710 22351
18710 22351 29603
22351 18710 29603
26651 15846 19441
19441 15846 26651
15846 19441 26651
12755 18277 22332
22332 12755 18277
18277 12755 22332
10147 9485 26648
9485 10147 26648
26648 9485 10147
17676 4205 6385
4205 6385 17676
6385 4205 17676
3731 11947 28073
11947 3731 28073
28073 3731 11947
15317 10980 25552
25552 10980 15317
10980 15317 25552
3668 12114 23726
23726 3668 12114
12114 3668 23726
11394 13185 25385
25385 11394 13185
13185 11394 25385
6711 16761 26838
26838 6711 16761
16761 6711 26838
3756 7764 22841
7764 3756 22841
22841 3756 7764
15167 7386 26516
7386 15167 26516
26516 7386 15167
19617 7421 28677
7421 19617 28677
28677 7421 19617
20665 175 15402
15402 175 20665
175 15402 20665
1574 11233 14683
11233 1574 14683
14683 1574 11233
16367 7773 17779
7773 16367 17779
17779 7773 16367
6367 23818 24793
23818 6367 24793
24793 6367 23818
6312 18611 29333
18611 6312 29333
29333 6312 18611
12994 16287 29789
16287 12994 29789
29789 12994 16287
16228 14863 24991
24991 14863 16228
14863 16228 24991
29321 20924 25184
20924 25184 29321
25184 20924 29321
9434 12702 27235
12702 9434 27235
27235 9434 12702
4453 19217 29554
19217 4453 29554
29554 4453 19217
2842 61 23912
23912 61 2842
61 2842 23912
16847 1806 19520
1806 16847 19520
19520 1806 16847
26554 15184 24284
15184 24284 26554
24284 15184 26554
11215 9990 11793
11793 9990 11215
9990 11215 11793
19490 10030 29120
10030 19490 29120
29120 10030 19490
14659 7677 27709
7677 14659 27709
27709 7677 14659
527 20505 29620
20505 527 29620
29620 527 20505
17610 14701 26312
26312 14701 17610
14701 17610 26312
15951 2681 5646
5646 2681 15951
2681 5646 15951
7779 9929 22673
22673 7779 9929
9929 7779 22673
29673 19543 29266
29266 19543 29673
19543 29266 29673
12175 11506 20579
20579 11506 12175
11506 12175 20579
18798 10243 17342
17342 10243 18798
10243 17342 18798
16348 13060 26599
13060 16348 26599
26599 13060 16348
3046 32 21265
32 3046 21265
21265 32 3046
8530 24485 28395
24485 8530 28395
28395 8530 24485
1116 4290 28083
4290 1116 28083
28083 1116 4290
18000 7491 26316
26316 7491 18000
7491 18000 26316
29386 25676 29596
25676 29386 29596
29596 25676 29386
21619 21469 21865
21865 21469 21619
21469 21619 21865
7434 1113 21914
21914 1113 7434
1113 7434 21914
6588 19788 21367
19788 6588 21367
21367 6588 19788
2262 9916 11629
11629 2262 9916
9916 2262 11629
3993 22878 23719
22878 3993 23719
23719 3993 22878
3097 18156 21349
18156 3097 21349
21349 3097 18156
20787 2372 22847
22847 2372 20787
2372 20787 22847
20087 13246 23806
13246 20087 23806
23806 13246 20087
21017 2043 23044
23044 2043 21017
2043 21017 23044
28507 4889 18476
4889 18476 28507
18476 4889 28507
18054 20704 27910
27910 18054 20704
20704 18054 27910
700 15552 22607
22607 700 15552
15552 700 22607
27408 1308 8941
1308 8941 27408
8941 1308 27408
20300 7986 10839
10839 7986 20300
7986 10839 20300
14668 570 15959
15959 570 14668
570 14668 15959
381 4532 8130
8130 381 4532
4532 381 8130
6009 3429 11116
11116 3429 6009
3429 6009 11116
3918 15047 23086
23086 3918 15047
15047 3918 23086
23304 18975 22620
22620 18975 23304
18975 22620 23304
10312 11296 25644
11296 10312 25644
25644 10312 11296
1679 13474 29612
13474 1679 29612
29612 1679 13474
22471 9788 28614
9788 22471 28614
28614 9788 22471
2827 10423 20621
10423 2827 20621
20621 2827 10423
19810 3498 24105
24105 3498 19810
3498 19810 24105
15726 19558 24618
19558 15726 24618
24618 15726 19558
27263 13379 22301
22301 13379 27263
13379 22301 27263
19760 11179 18702
18702 11179 19760
11179 18702 19760
20875 4848 5138
5138 4848 20875
4848 5138 20875
5322 23100 25004
23100 5322 25004
25004 5322 23100
14021 14482 25046
25046 14021 14482
14482 14021 25046
10065 21500 27158
21500 10065 27158
27158 10065 21500
16569 17985 28486
28486 16569 17985
17985 16569 28486
19877 5663 9186
9186 5663 19877
5663 9186 19877
27579 10169 26136
10169 26136 27579
26136 10169 27579
19951 5516 21954
5516 19951 21954
21954 5516 19951
3655 10023 26176
26176 3655 10023
10023 3655 26176
7565 4468 5402
5402 4468 7565
4468 5402 7565
11839 11295 23037
11295 11839 23037
23037 11295 11839
8218 22854 26190
26190 8218 22854
22854 8218 26190
24035 3257 12707
3257 12707 24035
12707 3257 24035
20026 14724 27046
27046 14724 20026
14724 20026 27046
7101 854 9260
9260 854 7101
854 7101 9260
16477 1998 11173
1998 11173 16477
11173 1998 16477
24888 11606 19073
11606 19073 24888
19073 11606 24888
15176 19143 27498
27498 15176 19143
19143 15176 27498
11255 5483 15633
15633 5483 11255
5483 11255 15633
27001 11188 28326
11188 27001 28326
28326 11188 27001
10891 3302 4695
4695 3302 10891
3302 4695 10891
8846 14946 28229
28229 8846 14946
14946 8846 28229
26340 8996 25210
25210 8996 26340
8996 25210 26340
18880 23311 26090
23311 18880 26090
26090 18880 23311
13421 10440 25430
10440 13421 25430
25430 10440 13421
6746 7882 26917
26917 6746 7882
7882 6746 26917
8724 5121 28676
28676 5121 8724
5121 8724 28676
21011 2124 16550
2124 16550 21011
16550 2124 21011
25047 565 7765
7765 565 25047
565 7765 25047
18816 10672 22104
22104 10672 18816
10672 18816 22104
17084 16898 17427
16898 17084 17427
17427 16898 17084
18858 4158 29239
4158 18858 29239
29239 4158 18858
6939 391 29047
391 6939 29047
29047 391 6939
21939 12368 18254
12368 18254 21939
18254 12368 21939
25779 16290 16997
16997 16290 25779
16290 16997 25779
11133 17004 23539
23539 11133 17004
17004 11133 23539
22853 1587 12326
1587 12326 22853
12326 1587 22853
11568 18344 29195
29195 11568 18344
18344 11568 29195
1551 1724 19687
1724 1551 19687
19687 1551 1724
19909 6834 26015
26015 6834 19909
6834 19909 26015
1468 7810 15043
15043 1468 7810
7810 1468 15043
29493 4422 5897
4422 5897 29493
5897 4422 29493
25884 12844 21094
12844 21094 25884
21094 12844 25884
20185 11474 14579
14579 11474 20185
11474 14579 20185
29004 10803 23704
23704 10803 29004
10803 23704 29004
22987 15048 26726
26726 15048 22987
15048 22987 26726
20636 23934 28892
28892 20636 23934
23934 20636 28892
28856 20445 29446
20445 28856 29446
29446 20445 28856
19302 9871 28091
28091 9871 19302
9871 19302 28091
16188 68 14125
14125 68 16188
68 14125 16188
28605 2069 27991
27991 2069 28605
2069 27991 28605
13547 1812 3127
1812 3127 13547
3127 1812 13547
11679 18510 21327
21327 11679 18510
18510 11679 21327
16827 12784 16504
16504 12784 16827
12784 16504 16827
8952 4554 8133
8133 4554 8952
4554 8133 8952
5037 14039 14879
14879 5037 14039
14039 5037 14879
15815 22230 24401
22230 15815 24401
24401 15815 22230
2386 12024 21617
12024 2386 21617
21617 2386 12024
11887 20952 28251
28251 11887 20952
20952 11887 28251
9926 22569 23936
22569 9926 23936
23936 9926 22569
15733 9801 19242
9801 15733 19242
19242 9801 15733
28858 16676 23301
16676 23301 28858
23301 16676 28858
4587 10922 27105
10922 4587 27105
27105 4587 10922
19952 14434 26711
26711 14434 19952
14434 19952 26711
26998 6869 19653
6869 19653 26998
19653 6869 26998
15789 9996 26524
9996 15789 26524
26524 9996 15789
1919 688 5793
5793 688 1919
688 1919 5793
26167 10669 16585
16585 10669 26167
10669 16585 26167
29684 6796 27626
27626 6796 29684
6796 27626 29684
7040 19919 20764
19919 7040 20764
20764 7040 19919
21486 246 22063
22063 246 21486
246 21486 22063
21712 15348 27885
27885 15348 21712
15348 21712 27885
21259 15121 21359
15121 21259 21359
21359 15121 21259
9669 2848 10536
2848 9669 10536
10536 2848 9669
750 3247 28823
3247 750 28823
28823 750 3247
21590 8725 25364
25364 8725 21590
8725 21590 25364
18737 14366 25162
14366 18737 25162
25162 14366 18737
15251 21525 27937
21525 15251 27937
27937 15251 21525
21631 2439 17683
17683 2439 21631
2439 17683 21631
20033 711 27312
711 20033 27312
27312 711 20033
8564 7248 7371
7371 7248 8564
7248 7371 8564
18876 23935 27521
27521 18876 23935
23935 18876 27521
8250 20521 24826
20521 8250 24826
24826 8250 20521
1058 21118 21324
21118 1058 21324
21324 1058 21118
6093 1522 29991
1522 6093 29991
29991 1522 6093
4438 3885 17325
17325 3885 4438
3885 4438 17325
3316 14237 20385
14237 3316 20385
20385 3316 14237
7738 8947 20084
8947 7738 20084
20084 7738 8947
23494 6488 15764
15764 6488 23494
6488 15764 23494
19509 13648 19402
13648 19402 19509
19402 13648 19509
6242 4871 20233
20233 4871 6242
4871 6242 20233
27701 18671 23020
23020 18671 27701
18671 23020 27701
5101 2694 11460
11460 2694 5101
2694 5101 11460
15880 7585 24802
24802 7585 15880
7585 15880 24802
6902 2632 3493
3493 2632 6902
2632 3493 6902
17559 10021 16853
16853 10021 17559
10021 16853 17559
14912 4956 10820
10820 4956 14912
4956 10820 14912
19595 23332 28469
28469 19595 23332
23332 19595 28469
28273 10553 11269
11269 10553 28273
10553 11269 28273
20610 5104 9958
9958 5104 20610
5104 9958 20610
24583 11832 13951
13951 11832 24583
11832 13951 24583
12179 11831 19496
19496 11831 12179
11831 12179 19496
16094 19011 23972
19011 16094 23972
23972 16094 19011
6898 7086 26020
26020 6898 7086
7086 6898 26020
5934 18349 29520
18349 5934 29520
29520 5934 18349
4555 9659 26300
26300 4555 9659
9659 4555 26300
19230 4715 28516
28516 4715 19230
4715 19230 28516
17428 22110 23046
23046 17428 22110
22110 17428 23046
13038 8602 8854
8602 8854 13038
8854 8602 13038
2258 28109 28163
28109 2258 28163
28163 2258 28109
26010 8916 27364
8916 26010 27364
27364 8916 26010
19280 1762 5848
1762 5848 19280
5848 1762 19280
22802 3534 19916
3534 19916 22802
19916 3534 22802
28724 3807 21540
21540 3807 28724
3807 21540 28724
14620 30 13369
30 13369 14620
13369 30 14620
9029 6748 7223
7223 6748 9029
6748 7223 9029
17893 2049 3386
3386 2049 17893
2049 3386 17893
29973 11812 15282
15282 11812 29973
11812 15282 29973
28880 11513 27746
27746 11513 28880
11513 27746 28880
15156 24323 27993
27993 15156 24323
24323 15156 27993
2511 417 5926
417 2511 5926
5926 417 2511
26941 8383 14878
8383 14878 26941
14878 8383 26941
9885 19220 20317
19220 9885 20317
20317 9885 19220
22084 3333 17946
17946 3333 22084
3333 17946 22084
13820 15589 28750
28750 13820 15589
15589 13820 28750
9292 6259 20162
6259 9292 20162
20162 6259 9292
25800 4210 10677
4210 10677 25800
10677 4210 25800
7256 4052 6829
4052 6829 7256
6829 4052 7256
1833 10585 18018
18018 1833 10585
10585 1833 18018
6886 2638 17609
2638 6886 17609
17609 2638 6886
23355 6175 27303
27303 6175 23355
6175 23355 27303
2317 4909 14348
4909 2317 14348
14348 2317 4909
22691 10914 12529
10914 12529 22691
12529 10914 22691
13079 12735 22703
22703 12735 13079
12735 13079 22703
24852 5063 11767
11767 5063 24852
5063 11767 24852
26860 5021 13683
13683 5021 26860
5021 13683 26860
23319 24274 27372
24274 23319 27372
27372 23319 24274
27045 378 27844
378 27045 27844
27844 378 27045
21238 10556 16212
16212 10556 21238
10556 16212 21238
15762 4873 9486
9486 4873 15762
4873 9486 15762
26003 19511 23561
19511 23561 26003
23561 19511 26003
19094 648 22746
22746 648 19094
648 19094 22746
14477 6774 13809
13809 6774 14477
6774 13809 14477
29106 11512 16200
11512 16200 29106
16200 11512 29106
17725 10965 27458
10965 17725 27458
27458 10965 17725
1150 9595 15114
9595 1150 15114
15114 1150 9595
28796 17557 26921
17557 26921 28796
26921 17557 28796
28265 16656 23110
23110 16656 28265
16656 23110 28265
25810 19587 24112
24112 19587 25810
19587 24112 25810
11942 28428 28573
28428 11942 28573
28573 11942 28428
6043 1271 5330
5330 1271 6043
1271 5330 6043
9285 21549 23309
21549 9285 23309
23309 9285 21549
22792 15115 16100
15115 16100 22792
16100 15115 22792
14005 14905 15092
14905 14005 15092
15092 14005 14905
11018 1430 25922
1430 11018 25922
25922 1430 11018
23277 15027 19603
15027 19603 23277
19603 15027 23277
14182 18452 29132
18452 14182 29132
29132 14182 18452
19342 3329 8415
3329 8415 19342
8415 3329 19342
22168 3650 19690
3650 19690 22168
19690 3650 22168
19253 19561 19638
19561 19253 19638
19638 19253 19561
20593 10828 14324
10828 14324 20593
14324 10828 20593
14277 5301 30000
5301 14277 30000
30000 5301 14277
7610 8585 16485
16485 7610 8585
8585 7610 16485
7221 9474 18317
18317 7221 9474
9474 7221 18317
17651 6243 28402
28402 6243 17651
6243 17651 28402
15852 16420 25006
25006 15852 16420
16420 15852 25006
27704 24620 24731
24620 24731 27704
24731 24620 27704
1065 18587 19056
18587 1065 19056
19056 1065 18587
27395 6389 27011
6389 27011 27395
27011 6389 27395
20122 10801 21433
21433 10801 20122
10801 20122 21433
16002 11755 17465
11755 16002 17465
17465 11755 16002
20815 916 22143
22143 916 20815
916 20815 22143
8938 2745 9718
2745 8938 9718
9718 2745 8938
22194 1513 29827
1513 22194 29827
29827 1513 22194
6992 16526 29909
29909 6992 16526
16526 6992 29909
303 5281 7432
5281 303 7432
7432 303 5281
18538 15993 19873
15993 18538 19873
19873 15993 18538
29437 17973 26200
26200 17973 29437
17973 26200 29437
18686 1303 6013
1303 6013 18686
6013 1303 18686
25230 4589 11387
4589 11387 25230
11387 4589 25230
28761 451 9212
451 9212 28761
9212 451 28761
26367 12909 14461
14461 12909 26367
12909 14461 26367
7791 4799 26643
26643 4799 7791
4799 7791 26643
14960 15270 17432
17432 14960 15270
15270 14960 17432
24703 3057 25446
3057 24703 25446
25446 3057 24703
17205 22458 23414
22458 17205 23414
23414 17205 22458
28625 9814 27280
9814 27280 28625
27280 9814 28625
3466 15556 29376
15556 3466 29376
29376 3466 15556
4500 1681 10895
1681 4500 10895
10895 1681 4500
24673 29618 29728
29618 24673 29728
29728 24673 29618
20414 4335 20262
20262 4335 20414
4335 20262 20414
23286 8535 25407
25407 8535 23286
8535 23286 25407
19971 10380 26931
26931 10380 19971
10380 19971 26931
1444 28404 29359
28404 1444 29359
29359 1444 28404
3322 23217 28266
28266 3322 23217
23217 3322 28266
9881 9105 10368
10368 9105 9881
9105 9881 10368
15046 23339 29286
29286 15046 23339
23339 15046 29286
1814 10552 19148
10552 1814 19148
19148 1814 10552
17237 329 1205
329 1205 17237
1205 329 17237
25399 1014 23914
23914 1014 25399
1014 23914 25399
14169 10256 14678
14678 10256 14169
10256 14169 14678
9374 10188 24279
10188 9374 24279
24279 9374 10188
20259 13270 13928
13270 13928 20259
13928 13270 20259
28449 15998 26146
26146 15998 28449
15998 26146 28449
13281 9700 10459
9700 10459 13281
10459 9700 13281
1451 6001 26519
26519 1451 6001
6001 1451 26519
28704 8422 24836
24836 8422 28704
8422 24836 28704
15934 4901 5658
5658 4901 15934
4901 5658 15934
29091 4985 11560
4985 11560 29091
11560 4985 29091
22232 3780 14253
3780 14253 22232
14253 3780 22232
1902 6250 13426
13426 1902 6250
6250 1902 13426
8965 11470 26971
26971 8965 11470
11470 8965 26971
8117 19521 25112
25112 8117 19521
19521 8117 25112
26398 13923 17520
13923 17520 26398
17520 13923 26398
25473 3452 25519
25519 3452 25473
3452 25473 25519
9068 5424 7667
5424 7667 9068
7667 5424 9068
11858 2481 13106
2481 11858 13106
13106 2481 11858
12191 17052 19796
17052 12191 19796
19796 12191 17052
8110 6150 21060
21060 6150 8110
6150 8110 21060
5768 21465 23231
23231 5768 21465
21465 5768 23231
10554 16866 22575
16866 10554 22575
22575 10554 16866
27795 11984 12973
12973 11984 27795
11984 12973 27795
1680 15624 15962
15624 1680 15962
15962 1680 15624
4151 10673 27912
27912 4151 10673
10673 4151 27912
4943 17677 23429
23429 4943 17677
17677 4943 23429
13774 14503 26424
14503 13774 26424
26424 13774 14503
11857 3345 20282
20282 3345 11857
3345 11857 20282
18029 2462 20749
2462 18029 20749
20749 2462 18029
3859 13283 26625
26625 3859 13283
13283 3859 26625
26478 22056 29880
29880 22056 26478
22056 26478 29880
3646 22408 29324
29324 3646 22408
22408 3646 29324
13505 215 11317
11317 215 13505
215 11317 13505
2147 11389 28369
28369 2147 11389
11389 2147 28369
10319 2744 4328
4328 2744 10319
2744 4328 10319
3499 1620 12958
1620 3499 12958
12958 1620 3499
17094 18716 28178
28178 17094 18716
18716 17094 28178
7524 3299 10670
3299 7524 10670
10670 3299 7524
10485 24492 24515
24492 10485 24515
24515 10485 24492
22952 3334 19928
19928 3334 22952
3334 19928 22952
15221 2981 23846
2981 15221 23846
23846 2981 15221
21733 6314 18790
18790 6314 21733
6314 18790 21733
18509 8554 11396
8554 11396 18509
11396 8554 18509
22623 11531 23333
11531 22623 23333
23333 11531 22623
23082 10163 19713
10163 19713 23082
19713 10163 23082
27349 6050 24404
24404 6050 27349
6050 24404 27349
12364 6400 23826
6400 12364 23826
23826 6400 12364
3423 6911 19635
19635 3423 6911
6911 3423 19635
6413 326 28051
326 6413 28051
28051 326 6413
18193 2193 26122
26122 2193 18193
2193 18193 26122
6026 2783 17831
2783 6026 17831
17831 2783 6026
15433 7907 12571
7907 12571 15433
12571 7907 15433
7263 13113 24391
24391 7263 13113
13113 7263 24391
16780 529 4302
529 4302 16780
4302 529 16780
6700 1673 5805
5805 1673 6700
1673 5805 6700
15473 15256 20950
20950 15256 15473
15256 15473 20950
8313 7080 17440
17440 7080 8313
7080 8313 17440
1656 10080 12933
10080 1656 12933
12933 1656 10080
11904 9944 14441
9944 11904 14441
14441 9944 11904
22512 1498 17418
17418 1498 22512
1498 17418 22512
8869 2780 22723
22723 2780 8869
2780 8869 22723
18268 857 2657
2657 857 18268
857 2657 18268
18328 23321 28739
23321 18328 28739
28739 18328 23321
11806 8604 22803
22803 8604 11806
8604 11806 22803
8784 6162 6623
6623 6162 8784
6162 6623 8784
28917 16106 24949
24949 16106 28917
16106 24949 28917
7468 6552 9619
6552 7468 9619
9619 6552 7468
23646 7506 27358
7506 23646 27358
27358 7506 23646
25475 12028 22077
12028 22077 25475
22077 12028 25475
2190 14777 24862
14777 2190 24862
24862 2190 14777
29183 4138 12184
12184 4138 29183
4138 12184 29183
19400 24421 25345
25345 19400 24421
24421 19400 25345
2950 17552 19452
19452 2950 17552
17552 2950 19452
6489 14302 29835
29835 6489 14302
14302 6489 29835
21340 11859 26628
11859 21340 26628
26628 11859 21340
25401 19618 23403
23403 19618 25401
19618 23403 25401
19238 2318 23574
2318 19238 23574
23574 2318 19238
25121 8228 24567
8228 24567 25121
24567 8228 25121
27159 8923 10567
8923 10567 27159
10567 8923 27159
3669 17253 28018
17253 3669 28018
28018 3669 17253
29111 1378 29295
29295 1378 29111
1378 29111 29295
11906 20120 28541
28541 11906 20120
20120 11906 28541
20487 6276 17354
6276 17354 20487
17354 6276 20487
25203 8371 29506
29506 8371 25203
8371 25203 29506
22131 6942 15384
6942 15384 22131
15384 6942 22131
25763 4946 24383
24383 4946 25763
4946 24383 25763
20357 2363 21054
21054 2363 20357
2363 20357 21054
24348 8253 16963
16963 8253 24348
8253 16963 24348
18570 20631 27064
27064 18570 20631
20631 18570 27064
763 1558 19875
19875 763 1558
1558 763 19875
16738 5999 9894
9894 5999 16738
5999 9894 16738
23204 2071 17087
2071 17087 23204
17087 2071 23204
4530 11231 26521
26521 4530 11231
11231 4530 26521
26601 3210 8295
3210 8295 26601
8295 3210 26601
26192 986 1229
986 1229 26192
1229 986 26192
19707 1399 25588
1399 19707 25588
25588 1399 19707
24954 2080 5514
5514 2080 24954
2080 5514 24954
10729 13457 25013
13457 10729 25013
25013 10729 13457
8483 11529 29550
11529 8483 29550
29550 8483 11529
11108 10781 28669
28669 10781 11108
10781 11108 28669
2425 16767 25288
25288 2425 16767
16767 2425 25288
4746 5400 19149
19149 4746 5400
5400 4746 19149
26495 12074 13377
13377 12074 26495
12074 13377 26495
10083 10279 28271
28271 10083 10279
10279 10083 28271
29540 16409 24371
16409 24371 29540
24371 16409 29540
24563 24255 26787
26787 24255 24563
24255 24563 26787
16527 6207 17680
17680 6207 16527
6207 16527 17680
24570 232 15311
232 15311 24570
15311 232 24570
3293 17122 18150
18150 3293 17122
17122 3293 18150
20524 2973 15869
15869 2973 20524
2973 15869 20524
16876 6865 29798
6865 16876 29798
29798 6865 16876
12967 9797 18381
18381 9797 12967
9797 12967 18381
24027 17199 26506
17199 24027 26506
26506 17199 24027
29877 19662 29447
29447 19662 29877
19662 29447 29877
15954 22353 25897
22353 15954 25897
25897 15954 22353
1703 2030 25535
2030 1703 25535
25535 1703 2030
24663 48 17429
48 17429 24663
17429 48 24663
23661 4586 25153
25153 4586 23661
4586 23661 25153
19816 14094 18533
14094 18533 19816
18533 14094 19816
19720 11562 24856
24856 11562 19720
11562 19720 24856
14945 786 5246
5246 786 14945
786 5246 14945
24551 4099 15196
4099 15196 24551
15196 4099 24551
16107 12751 26590
26590 12751 16107
12751 16107 26590
19679 17281 29035
17281 19679 29035
29035 17281 19679
3446 7802 20056
20056 3446 7802
7802 3446 20056
6094 4168 17992
17992 4168 6094
4168 6094 17992
1744 13707 16111
13707 1744 16111
16111 1744 13707
19881 3936 24049
3936 19881 24049
24049 3936 19881
338 22322 22910
22322 338 22910
22910 338 22322
21621 142 21162
21162 142 21621
142 21162 21621
27398 22721 27636
22721 27398 27636
27636 22721 27398
20906 7072 27693
7072 20906 27693
27693 7072 20906
27132 4255 19818
4255 19818 27132
19818 4255 27132
25036 8297 17142
17142 8297 25036
8297 17142 25036
24752 2788 20886
20886 2788 24752
2788 20886 24752
16362 11424 23656
23656 11424 16362
11424 16362 23656
10561 962 3326
3326 962 10561
962 3326 10561
20571 23170 26729
26729 20571 23170
23170 20571 26729
5369 9418 14703
14703 5369 9418
9418 5369 14703
25703 3218 11569
11569 3218 25703
3218 11569 25703
62 9655 27279
9655 62 27279
27279 62 9655
15949 9307 22583
22583 9307 15949
9307 15949 22583
25987 2551 14670
2551 14670 25987
14670 2551 25987
20867 23063 24580
23063 20867 24580
24580 20867 23063
17671 6414 15543
6414 15543 17671
15543 6414 17671
5577 6220 28462
6220 5577 28462
28462 5577 6220
13189 6702 14748
6702 13189 14748
14748 6702 13189
19609 17993 18665
17993 18665 19609
18665 17993 19609
7782 14037 17080
14037 7782 17080
17080 7782 14037
21290 9844 25357
9844 21290 25357
25357 9844 21290
28628 14792 27003
27003 14792 28628
14792 27003 28628
6016 6591 22837
22837 6016 6591
6591 6016 22837
13744 27418 28755
27418 13744 28755
28755 13744 27418
24562 13348 14197
13348 14197 24562
14197 13348 24562
22558 3390 22510
22510 3390 22558
3390 22510 22558
1624 4223 17956
17956 1624 4223
4223 1624 17956
18218 5902 11528
5902 11528 18218
11528 5902 18218
1421 16699 26461
26461 1421 16699
16699 1421 26461
16004 13344 23073
23073 13344 16004
13344 16004 23073
10000 13573 13775
13573 10000 13775
13775 10000 13573
6416 12652 27580
27580 6416 12652
12652 6416 27580
21105 24082 28777
28777 21105 24082
24082 21105 28777
25726 36 2787
36 2787 25726
2787 36 25726
18811 18447 25028
18447 18811 25028
25028 18447 18811
293 8793 17288
8793 293 17288
17288 293 8793
28719 11653 17874
17874 11653 28719
11653 17874 28719
29481 12448 22911
22911 12448 29481
12448 22911 29481
16789 1239 12985
1239 12985 16789
12985 1239 16789
4364 10721 15240
10721 4364 15240
15240 4364 10721
4452 5822 28385
28385 4452 5822
5822 4452 28385
11826 12072 23235
23235 11826 12072
12072 11826 23235
27624 1589 28037
1589 27624 28037
28037 1589 27624
7586 7968 8089
7968 7586 8089
8089 7586 7968
2102 878 10082
10082 878 2102
878 2102 10082
6443 15375 22674
22674 6443 15375
15375 6443 22674
11729 16942 22594
22594 11729 16942
16942 11729 22594
2844 744 23700
23700 744 2844
744 2844 23700
7950 6338 18541
18541 6338 7950
6338 7950 18541
12354 17300 22611
22611 12354 17300
17300 12354 22611
10950 5681 28839
5681 10950 28839
28839 5681 10950
20280 26592 28065
28065 20280 26592
26592 20280 28065
1556 1859 25584
1859 1556 25584
25584 1556 1859
22326 2270 29740
29740 2270 22326
2270 22326 29740
22339 22866 26670
22866 22339 26670
26670 22339 22866
26731 16878 20360
16878 20360 26731
20360 16878 26731
14173 16872 18353
16872 14173 18353
18353 14173 16872
29147 307 20432
20432 307 29147
307 20432 29147
1359 9951 28603
28603 1359 9951
9951 1359 28603
26750 16195 29003
16195 26750 29003
29003 16195 26750
3486 5194 6322
6322 3486 5194
5194 3486 6322
16959 11407 19234
11407 16959 19234
19234 11407 16959
27768 28539 29806
28539 27768 29806
29806 27768 28539
12281 14826 25439
14826 12281 25439
25439 12281 14826
4781 7296 14605
14605 4781 7296
7296 4781 14605
5311 3982 4031
4031 3982 5311
3982 4031 5311
5171 5079 6946
6946 5079 5171
5079 5171 6946
6785 8773 11225
11225 6785 8773
8773 6785 11225
28710 1177 16382
1177 16382 28710
16382 1177 28710
24149 10573 24737
10573 24149 24737
24737 10573 24149
14382 19549 28588
28588 14382 19549
19549 14382 28588
2833 4393 12527
12527 2833 4393
4393 2833 12527
2587 1647 9397
1647 2587 9397
9397 1647 2587
6358 26052 28389
28389 6358 26052
26052 6358 28389
4325 5989 28848
5989 4325 28848
28848 4325 5989
27597 11922 15228
15228 11922 27597
11922 15228 27597
6118 14630 24529
24529 6118 14630
14630 6118 24529
14744 3741 21113
21113 3741 14744
3741 14744 21113
12660 5660 13121
13121 5660 12660
5660 12660 13121
12207 19324 29314
29314 12207 19324
19324 12207 29314
17737 6978 16843
6978 16843 17737
16843 6978 17737
28134 4510 28968
28968 4510 28134
4510 28134 28968
22451 16353 29744
16353 22451 29744
29744 16353 22451
19349 3908 26228
3908 19349 26228
26228 3908 19349
5597 12129 27386
12129 5597 27386
27386 5597 12129
620 3309 18660
18660 620 3309
3309 620 18660
4924 6169 12125
6169 4924 12125
12125 4924 6169
18449 13865 28889
28889 13865 18449
13865 18449 28889
29767 15 9278
9278 15 29767
15 9278 29767
11966 8142 20681
20681 8142 11966
8142 11966 20681
15080 8224 11053
11053 8224 15080
8224 11053 15080
25511 10830 15697
15697 10830 25511
10830 15697 25511
22382 14624 19664
14624 19664 22382
19664 14624 22382
22818 8054 13634
13634 8054 22818
8054 13634 22818
8775 4059 16707
4059 8775 16707
16707 4059 8775
29384 4085 22833
22833 4085 29384
4085 22833 29384
11840 12587 19036
12587 11840 19036
19036 11840 12587
13797 18168 22771
18168 13797 22771
22771 13797 18168
22793 3520 13223
3520 13223 22793
13223 3520 22793
10357 2586 26736
26736 2586 10357
2586 10357 26736
23859 319 11791
319 11791 23859
11791 319 23859
9101 153 12415
153 9101 12415
12415 153 9101
21925 20726 24540
20726 21925 24540
24540 20726 21925
682 11782 22813
22813 682 11782
11782 682 22813
625 18703 25059
25059 625 18703
18703 625 25059
20766 15515 17071
15515 17071 20766
17071 15515 20766
12988 12785 15690
15690 12785 12988
12785 12988 15690
4019 8768 19514
19514 4019 8768
8768 4019 19514
16064 279 3960
279 3960 16064
3960 279 16064
7047 8167 10855
8167 7047 10855
10855 7047 8167
24419 6179 21719
6179 21719 24419
21719 6179 24419
6499 11585 15283
