158 38 118
38 118 158
118 38 158
254 17 294
294 17 254
17 254 294
40 200 230
230 40 200
200 40 230
187 33 99
99 33 187
33 99 187
8 34 146
34 8 146
146 8 34
100 41 261
41 100 261
261 41 100
284 18 162
18 162 284
162 18 284
56 39 220
39 56 220
220 39 56
273 170 217
217 170 273
170 217 273
241 164 275
275 164 241
164 241 275
280 35 182
182 35 280
35 182 280
201 10 19
10 19 201
19 10 201
282 22 189
189 22 282
22 189 282
198 29 139
139 29 198
29 139 198
2 36 257
257 2 36
36 2 257
16 248 253
248 16 253
253 16 248
262 125 259
125 259 262
259 125 262
188 85 199
199 85 188
85 188 199
63 43 78
78 43 63
43 63 78
154 168 290
290 154 168
168 154 290
135 68 287
68 135 287
287 68 135
271 132 208
208 132 271
132 208 271
205 32 129
129 32 205
32 129 205
77 194 235
194 77 235
235 77 194
286 160 232
232 160 286
160 232 286
58 24 228
228 24 58
24 58 228
101 82 222
82 101 222
222 82 101
147 59 67
59 67 147
67 59 147
197 76 127
127 76 197
76 127 197
71 142 221
142 71 221
221 71 142
264 108 215
215 108 264
108 215 264
167 156 161
161 156 167
156 161 167
94 72 137
72 94 137
137 72 94
258 4 256
4 256 258
256 4 258
203 30 255
30 203 255
255 30 203
133 117 216
216 117 133
117 133 216
84 96 144
144 84 96
96 84 144
283 1 23
23 1 283
1 23 283
243 9 276
9 243 276
276 9 243
83 106 141
106 83 141
141 83 106
138 3 207
3 138 207
207 3 138
279 111 240
111 240 279
240 111 279
163 27 214
27 163 214
214 27 163
242 52 79
79 52 242
52 79 242
202 21 89
21 89 202
89 21 202
61 95 289
95 61 289
289 61 95
103 93 234
234 93 103
93 103 234
143 62 150
62 143 150
150 62 143
49 115 251
251 49 115
115 49 251
73 60 155
60 73 155
155 60 73
69 128 231
128 69 231
231 69 128
123 97 124
97 123 124
124 97 123
11 173 268
268 11 173
173 11 268
281 114 186
114 186 281
186 114 281
269 92 181
92 181 269
181 92 269
191 47 298
298 47 191
47 191 298
296 37 64
64 37 296
37 64 296
75 109 272
109 75 272
272 75 109
209 140 227
227 140 209
140 209 227
74 14 177
14 74 177
177 14 74
218 171 274
274 171 218
171 218 274
112 126 183
183 112 126
126 112 183
151 50 288
50 151 288
288 50 151
104 6 53
53 6 104
6 53 104
224 12 174
12 174 224
174 12 224
226 20 153
20 153 226
153 20 226
65 13 145
145 13 65
13 65 145
42 265 267
267 42 265
265 42 267
278 55 180
180 55 278
55 180 278
172 54 297
54 172 297
297 54 172
102 51 179
179 51 102
51 102 179
119 116 229
229 116 119
116 119 229
219 45 211
211 45 219
45 211 219
238 70 292
70 238 292
292 70 238
130 149 195
195 130 149
149 130 195
266 25 210
210 25 266
25 210 266
15 81 136
81 15 136
136 15 81
7 159 277
159 7 277
277 7 159
57 44 193
193 44 57
44 57 193
157 98 247
98 157 247
247 98 157
66 80 270
270 66 80
80 66 270
176 31 213
213 31 176
31 176 213
295 120 299
120 295 299
299 120 295
121 236 260
236 121 260
260 121 236
165 46 250
250 46 165
46 165 250
285 5 152
152 5 285
5 152 285
263 196 237
196 237 263
237 196 263
178 90 192
192 90 178
90 178 192
175 166 239
239 166 175
166 175 239
48 246 252
246 48 252
252 48 246
28 212 233
212 28 233
233 28 212
88 110 291
291 88 110
110 88 291
300 86 185
86 185 300
185 86 300
87 105 122
122 87 105
105 87 122
249 113 245
245 113 249
113 245 249
184 148 206
148 184 206
206 148 184
225 26 244
244 26 225
26 225 244
169 91 204
204 91 169
91 169 204
223 134 190
134 190 223
190 134 223
107 131 293
293 107 131
131 107 293
