115 127 229
127 115 229
229 115 127
15 21 290
21 15 290
290 15 21
19 11 60
60 11 19
11 19 60
276 93 113
93 113 276
113 93 276
265 152 161
152 161 265
161 152 265
76 89 111
111 76 89
89 76 111
206 146 207
207 146 206
146 206 207
55 73 143
143 55 73
73 55 143
135 199 269
269 135 199
199 135 269
249 108 260
260 108 249
108 249 260
259 125 248
248 125 259
125 248 259
190 227 278
227 190 278
278 190 227
176 107 267
267 107 176
107 176 267
200 173 203
203 173 200
173 200 203
264 6 283
283 6 264
6 264 283
9 47 268
268 9 47
47 9 268
299 209 256
209 256 299
256 209 299
82 165 297
297 82 165
165 82 297
8 178 220
178 8 220
220 8 178
75 109 235
109 75 235
235 75 109
31 122 130
122 31 130
130 31 122
166 27 129
27 129 166
129 27 166
286 26 85
85 26 286
26 85 286
78 54 169
169 54 78
54 78 169
20 23 71
71 20 23
23 20 71
34 2 250
2 34 250
250 2 34
74 270 284
284 74 270
270 74 284
201 30 100
100 30 201
30 100 201
295 79 217
79 217 295
217 79 295
68 81 148
81 68 148
148 68 81
272 159 233
159 233 272
233 159 272
141 86 195
195 86 141
86 141 195
44 187 221
221 44 187
187 44 221
124 63 205
205 63 124
63 124 205
251 91 154
91 154 251
154 91 251
112 170 226
170 112 226
226 112 170
228 84 254
254 84 228
84 228 254
42 40 224
40 42 224
224 40 42
53 183 298
183 53 298
298 53 183
287 43 281
43 281 287
281 43 287
163 197 234
234 163 197
197 163 234
3 208 214
214 3 208
208 3 214
49 262 294
294 49 262
262 49 294
181 94 189
94 181 189
189 94 181
245 48 126
48 126 245
126 48 245
128 239 246
239 128 246
246 128 239
50 16 155
155 16 50
16 50 155
225 51 119
51 119 225
119 51 225
114 88 132
132 88 114
88 114 132
123 52 136
136 52 123
52 123 136
33 22 147
22 33 147
147 22 33
18 13 211
13 18 211
211 13 18
90 57 69
57 69 90
69 57 90
293 204 261
204 261 293
261 204 293
149 1 213
213 1 149
1 149 213
95 158 177
158 95 177
177 95 158
137 103 104
103 104 137
104 103 137
7 17 39
39 7 17
17 7 39
92 164 168
164 92 168
168 92 164
257 193 243
243 193 257
193 243 257
140 56 218
56 140 218
218 56 140
279 160 191
191 160 279
160 191 279
110 87 216
216 87 110
87 110 216
271 139 167
139 167 271
167 139 271
144 120 188
120 144 188
188 120 144
156 38 236
38 156 236
236 38 156
4 83 275
83 4 275
275 4 83
121 61 174
61 121 174
174 61 121
5 186 247
186 5 247
247 5 186
244 222 237
237 222 244
222 237 244
14 153 215
153 14 215
215 14 153
59 28 117
28 59 117
117 28 59
67 202 210
210 67 202
202 67 210
64 80 196
80 64 196
196 64 80
25 223 230
230 25 223
223 25 230
96 29 36
36 29 96
29 36 96
77 37 118
118 37 77
37 77 118
24 70 184
184 24 70
70 24 184
157 242 288
242 157 288
288 157 242
180 171 274
274 171 180
171 180 274
98 45 212
212 45 98
45 98 212
232 105 162
105 162 232
162 105 232
66 35 292
292 35 66
35 66 292
12 131 258
131 12 258
258 12 131
273 198 263
198 263 273
263 198 273
255 179 182
182 179 255
179 182 255
253 138 289
289 138 253
138 253 289
185 10 241
241 10 185
10 185 241
106 32 151
32 106 151
151 32 106
150 62 102
102 62 150
62 102 150
41 142 219
142 41 219
219 41 142
145 101 238
238 101 145
101 145 238
252 58 65
65 58 252
58 65 252
285 99 291
291 99 285
99 285 291
72 175 266
175 72 266
266 72 175
97 172 240
172 97 240
240 97 172
133 116 280
280 116 133
116 133 280
296 231 277
277 231 296
231 277 296
46 194 282
194 46 282
282 46 194
192 134 300
300 134 192
134 192 300
