1801 864 1914
864 1801 1914
1914 864 1801
840 2321 2955
2955 840 2321
2321 840 2955
2498 2048 2709
2048 2498 2709
2709 2048 2498
2518 1564 2233
1564 2233 2518
2233 1564 2518
295 1147 2281
1147 295 2281
2281 295 1147
997 1172 1301
1301 997 1172
1172 997 1301
1932 1615 2046
2046 1615 1932
1615 1932 2046
2391 1433 2512
1433 2391 2512
2512 1433 2391
2559 4 552
552 4 2559
4 552 2559
1263 1214 1597
1597 1214 1263
1214 1263 1597
83 1478 2928
1478 83 2928
2928 83 1478
742 884 2658
884 742 2658
2658 742 884
2263 164 1647
1647 164 2263
164 1647 2263
2091 418 2080
418 2080 2091
2080 418 2091
1475 1228 1516
1228 1475 1516
1516 1228 1475
684 1957 2502
1957 684 2502
2502 684 1957
470 1574 2966
1574 470 2966
2966 470 1574
2977 1474 2203
2203 1474 2977
1474 2203 2977
683 1840 2146
2146 683 1840
1840 683 2146
1903 375 2426
375 1903 2426
2426 375 1903
1359 1874 2221
2221 1359 1874
1874 1359 2221
2816 1738 2448
1738 2448 2816
2448 1738 2816
2273 45 826
826 45 2273
45 826 2273
15 2079 2673
2079 15 2673
2673 15 2079
1203 1999 2783
2783 1203 1999
1999 1203 2783
828 2427 2437
2437 828 2427
2427 828 2437
1321 956 2701
2701 956 1321
956 1321 2701
1917 171 1779
171 1779 1917
1779 171 1917
517 388 1826
1826 388 517
388 517 1826
1856 1169 2283
2283 1169 1856
1169 1856 2283
2814 1153 1888
1888 1153 2814
1153 1888 2814
765 2249 2467
2249 765 2467
2467 765 2249
1900 792 2896
792 1900 2896
2896 792 1900
2988 1317 1808
1808 1317 2988
1317 1808 2988
1310 1286 2647
1286 1310 2647
2647 1286 1310
1691 721 1381
1381 721 1691
721 1381 1691
2060 1434 2069
1434 2060 2069
2069 1434 2060
2879 1451 2151
2151 1451 2879
1451 2151 2879
556 1491 1585
1491 556 1585
1585 556 1491
2593 1626 2267
1626 2267 2593
2267 1626 2593
2216 1002 1750
1002 1750 2216
1750 1002 2216
588 2067 2421
2421 588 2067
2067 588 2421
955 896 1912
1912 896 955
896 955 1912
1027 936 2765
2765 936 1027
936 1027 2765
2827 861 925
861 925 2827
925 861 2827
2282 764 2796
2796 764 2282
764 2282 2796
1962 1081 1399
1399 1081 1962
1081 1399 1962
748 1753 2081
1753 748 2081
2081 748 1753
2354 99 2423
2423 99 2354
99 2354 2423
2541 2735 2883
2735 2541 2883
2883 2541 2735
163 2045 2483
2045 163 2483
2483 163 2045
9 2255 2353
2353 9 2255
2255 9 2353
1098 385 1566
385 1098 1566
1566 385 1098
1689 350 2539
2539 350 1689
350 1689 2539
1864 1236 2105
1236 1864 2105
2105 1236 1864
2295 301 1643
1643 301 2295
301 1643 2295
1803 614 1834
614 1803 1834
1834 614 1803
935 2738 2757
2757 935 2738
2738 935 2757
2734 903 2106
2106 903 2734
903 2106 2734
2688 95 322
95 322 2688
322 95 2688
2732 643 693
643 693 2732
693 643 2732
813 27 1884
27 813 1884
1884 27 813
661 1141 1191
1141 661 1191
1191 661 1141
2061 469 898
898 469 2061
469 898 2061
422 343 1466
1466 343 422
343 422 1466
2963 973 1904
1904 973 2963
973 1904 2963
651 108 1143
108 651 1143
1143 108 651
2280 55 656
55 656 2280
656 55 2280
2990 156 217
217 156 2990
156 217 2990
537 1260 2760
1260 537 2760
2760 537 1260
2103 76 1309
1309 76 2103
76 1309 2103
1206 254 1074
254 1074 1206
1074 254 1206
1226 214 2899
214 1226 2899
2899 214 1226
218 1680 2473
2473 218 1680
1680 218 2473
1411 1167 2297
1167 1411 2297
2297 1167 1411
2035 1724 2428
2428 1724 2035
1724 2035 2428
13 1852 2365
2365 13 1852
1852 13 2365
1622 1013 1895
1013 1622 1895
1895 1013 1622
611 471 719
719 471 611
471 611 719
1544 369 1928
1928 369 1544
369 1544 1928
2165 288 583
583 288 2165
288 583 2165
1627 1515 2160
2160 1515 1627
1515 1627 2160
2887 1799 2463
1799 2463 2887
2463 1799 2887
467 266 2642
266 467 2642
2642 266 467
1217 384 2257
2257 384 1217
384 1217 2257
434 1573 2694
1573 434 2694
2694 434 1573
2431 770 1741
1741 770 2431
770 1741 2431
2634 801 1318
1318 801 2634
801 1318 2634
1542 1553 2511
2511 1542 1553
1553 1542 2511
2036 1163 1650
1650 1163 2036
1163 1650 2036
2524 880 2675
880 2524 2675
2675 880 2524
2078 1402 1437
1437 1402 2078
1402 1437 2078
561 528 1102
1102 528 561
528 561 1102
2001 1005 2628
1005 2001 2628
2628 1005 2001
26 729 2119
2119 26 729
729 26 2119
348 1308 2327
2327 348 1308
1308 348 2327
1258 1718 1950
1718 1258 1950
1950 1258 1718
1583 543 2517
2517 543 1583
543 1583 2517
1157 982 1862
1862 982 1157
982 1157 1862
20 143 1896
143 20 1896
1896 20 143
681 213 1501
1501 213 681
213 681 1501
2806 2610 2967
2967 2610 2806
2610 2806 2967
1579 680 682
680 682 1579
682 680 1579
338 212 1500
212 338 1500
1500 212 338
1546 1777 2718
2718 1546 1777
1777 1546 2718
797 553 1019
1019 553 797
553 797 1019
2543 1659 2023
1659 2023 2543
2023 1659 2543
294 870 2925
2925 294 870
870 294 2925
1998 1935 2891
2891 1935 1998
1935 1998 2891
2252 527 1121
1121 527 2252
527 1121 2252
979 701 2627
701 979 2627
2627 701 979
2362 1760 2885
1760 2362 2885
2885 1760 2362
243 2011 2440
2011 243 2440
2440 243 2011
2769 1530 2059
1530 2059 2769
2059 1530 2769
1370 395 2396
395 1370 2396
2396 395 1370
2033 180 291
291 180 2033
180 291 2033
1824 595 1007
1007 595 1824
595 1007 1824
2217 888 1461
888 1461 2217
1461 888 2217
2707 125 2406
2406 125 2707
125 2406 2707
380 732 990
990 380 732
732 380 990
2469 1730 2802
2802 1730 2469
1730 2469 2802
1184 621 2566
2566 621 1184
621 1184 2566
2669 451 2603
451 2603 2669
2603 451 2669
912 652 2993
2993 652 912
652 912 2993
1843 672 2262
2262 672 1843
672 1843 2262
548 248 2240
2240 248 548
248 548 2240
1503 620 2491
620 1503 2491
2491 620 1503
939 2315 2938
2315 939 2938
2938 939 2315
2686 94 1458
94 1458 2686
1458 94 2686
1767 994 2696
2696 994 1767
994 1767 2696
1974 1620 1696
1620 1696 1974
1696 1620 1974
2189 635 1937
635 1937 2189
1937 635 2189
2971 1016 2177
1016 2177 2971
2177 1016 2971
2840 2882 2901
2901 2840 2882
2882 2840 2901
759 1465 2645
1465 759 2645
2645 759 1465
669 265 1981
1981 265 669
265 669 1981
1023 572 2319
572 1023 2319
2319 572 1023
1278 36 2870
36 1278 2870
2870 36 1278
805 623 2911
623 805 2911
2911 623 805
1327 508 2388
2388 508 1327
508 1327 2388
1720 30 874
30 874 1720
874 30 1720
2076 426 2506
2506 426 2076
426 2076 2506
306 600 2107
2107 306 600
600 306 2107
2053 734 1762
734 1762 2053
1762 734 2053
720 738 2190
738 720 2190
2190 720 738
2587 506 2487
2487 506 2587
506 2487 2587
2234 2049 2947
2049 2234 2947
2947 2049 2234
1197 815 2525
815 1197 2525
2525 815 1197
126 2482 2962
2962 126 2482
2482 126 2962
1277 851 1450
851 1277 1450
1450 851 1277
905 492 2384
2384 492 905
492 905 2384
1506 430 2832
2832 430 1506
430 1506 2832
796 603 2555
2555 603 796
603 796 2555
1335 812 2579
2579 812 1335
812 1335 2579
1889 554 984
554 984 1889
984 554 1889
1052 1497 1967
1497 1052 1967
1967 1052 1497
1994 211 2584
2584 211 1994
211 1994 2584
308 2621 2989
2621 308 2989
2989 308 2621
1037 1817 2653
2653 1037 1817
1817 1037 2653
1329 1709 2162
2162 1329 1709
1709 1329 2162
1926 582 1508
1508 582 1926
582 1508 1926
975 630 1595
630 975 1595
1595 630 975
777 188 2247
188 777 2247
2247 188 777
2540 67 2455
67 2455 2540
2455 67 2540
2261 1703 2488
1703 2261 2488
2488 1703 2261
2013 82 1038
82 1038 2013
1038 82 2013
2187 2490 2820
2490 2187 2820
2820 2187 2490
2171 1413 2778
1413 2171 2778
2778 1413 2171
2838 848 2479
2479 848 2838
848 2479 2838
774 686 2226
686 774 2226
2226 686 774
2591 1746 2535
2535 1746 2591
1746 2535 2591
1313 2852 2982
2982 1313 2852
2852 1313 2982
856 916 2864
916 856 2864
2864 856 916
983 2228 2889
2228 983 2889
2889 983 2228
1712 216 487
216 487 1712
487 216 1712
2992 567 1246
1246 567 2992
567 1246 2992
891 1122 1737
1122 891 1737
1737 891 1122
420 1444 1459
1459 420 1444
1444 420 1459
2972 35 2493
35 2493 2972
2493 35 2972
432 833 1061
1061 432 833
833 432 1061
1174 1233 1863
1233 1174 1863
1863 1174 1233
1640 843 1523
843 1523 1640
1523 843 1640
247 1209 2676
2676 247 1209
1209 247 2676
1846 1983 2333
2333 1846 1983
1983 1846 2333
1180 657 2565
2565 657 1180
657 1180 2565
66 1067 1764
1067 66 1764
1764 66 1067
1778 622 2159
622 1778 2159
2159 622 1778
1827 733 2188
2188 733 1827
733 1827 2188
1624 1825 2194
1825 1624 2194
2194 1624 1825
2794 1584 1744
1584 1744 2794
1744 1584 2794
377 1238 2924
2924 377 1238
1238 377 2924
909 1603 2149
2149 909 1603
1603 909 2149
150 1410 2574
1410 150 2574
2574 150 1410
525 59 744
744 59 525
59 525 744
300 650 1582
1582 300 650
650 300 1582
2759 1062 1649
1062 1649 2759
1649 1062 2759
2677 18 2332
18 2332 2677
2332 18 2677
1392 1964 2651
2651 1392 1964
1964 1392 2651
2101 54 1448
1448 54 2101
54 1448 2101
1076 423 1208
1208 423 1076
423 1076 1208
533 1943 2850
2850 533 1943
1943 533 2850
134 1674 2791
1674 134 2791
2791 134 1674
818 246 844
844 246 818
246 818 844
2810 934 1423
1423 934 2810
934 1423 2810
2580 151 2242
2242 151 2580
151 2242 2580
513 584 1024
584 513 1024
1024 513 584
2737 978 2530
2530 978 2737
978 2530 2737
794 1733 2317
1733 794 2317
2317 794 1733
2934 1201 1929
1201 1929 2934
1929 1201 2934
1307 1653 2154
1653 1307 2154
2154 1307 1653
1311 1304 2845
2845 1304 1311
1304 1311 2845
412 1065 2415
2415 412 1065
1065 412 2415
2366 836 1158
836 1158 2366
1158 836 2366
1296 23 2943
23 1296 2943
2943 23 1296
602 2369 2959
2959 602 2369
2369 602 2959
446 2012 2952
2952 446 2012
2012 446 2952
1085 1875 2134
2134 1085 1875
1875 1085 2134
724 97 2444
97 724 2444
2444 97 724
2746 1170 1230
1170 1230 2746
1230 1170 2746
838 1482 2743
1482 838 2743
2743 838 1482
832 2443 2649
2649 832 2443
2443 832 2649
2547 130 466
466 130 2547
130 466 2547
1090 604 2142
2142 604 1090
604 1090 2142
2447 8 2199
8 2199 2447
2199 8 2447
417 1071 1527
1071 417 1527
1527 417 1071
7 1592 2910
2910 7 1592
1592 7 2910
2724 1536 2848
2848 1536 2724
1536 2724 2848
2670 532 2978
532 2670 2978
2978 532 2670
966 778 2400
2400 778 966
778 966 2400
1084 810 1916
810 1084 1916
1916 810 1084
2619 2465 2509
2465 2509 2619
2509 2465 2619
207 373 2569
2569 207 373
373 207 2569
1514 1716 2435
1716 1514 2435
2435 1514 1716
2404 1418 2755
1418 2404 2755
2755 1418 2404
594 1161 2044
2044 594 1161
1161 594 2044
2625 52 2450
52 2450 2625
2450 52 2625
1125 429 2020
429 1125 2020
2020 429 1125
2551 709 1029
1029 709 2551
709 1029 2551
2542 499 2496
499 2496 2542
2496 499 2542
536 359 1160
359 536 1160
1160 359 536
1328 195 1857
195 1328 1857
1857 195 1328
1347 822 2358
2358 822 1347
822 1347 2358
573 557 2065
2065 557 573
557 573 2065
372 2227 2741
2741 372 2227
2227 372 2741
2863 1422 2745
1422 2745 2863
2745 1422 2863
2355 1794 2772
1794 2355 2772
2772 1794 2355
1849 427 1092
1092 427 1849
427 1092 1849
2018 333 1021
1021 333 2018
333 1021 2018
215 1281 2763
1281 215 2763
2763 215 1281
311 60 578
60 311 578
578 60 311
2057 1151 2552
1151 2057 2552
2552 1151 2057
1048 2256 2338
2256 1048 2338
2338 1048 2256
1116 745 2088
2088 745 1116
745 1116 2088
2801 64 625
64 625 2801
625 64 2801
448 1790 2324
1790 448 2324
2324 448 1790
958 435 1372
435 958 1372
1372 435 958
1216 1714 2316
1714 1216 2316
2316 1216 1714
1734 378 647
647 378 1734
378 647 1734
704 932 2144
2144 704 932
932 704 2144
904 725 1345
725 904 1345
1345 725 904
1793 540 1657
540 1657 1793
1657 540 1793
2717 1683 1989
1989 1683 2717
1683 1989 2717
515 2809 2857
2809 515 2857
2857 515 2809
2375 77 183
77 183 2375
183 77 2375
1012 723 1493
723 1012 1493
1493 723 1012
268 280 1022
280 268 1022
1022 268 280
1218 691 2055
691 1218 2055
2055 691 1218
575 969 2386
2386 575 969
969 575 2386
1558 185 2945
2945 185 1558
185 1558 2945
2996 1776 2325
2325 1776 2996
1776 2325 2996
700 2430 2912
2912 700 2430
2430 700 2912
2147 524 1715
1715 524 2147
524 1715 2147
2835 178 1897
178 1897 2835
1897 178 2835
2713 1361 1773
1361 1773 2713
1773 1361 2713
1969 285 1270
285 1270 1969
1270 285 1969
2083 1791 2407
1791 2083 2407
2407 1791 2083
1556 985 2340
2340 985 1556
985 1556 2340
120 2039 2472
2472 120 2039
2039 120 2472
461 1678 2318
1678 461 2318
2318 461 1678
547 718 1414
1414 547 718
718 547 1414
252 1083 1704
1083 252 1704
1704 252 1083
2793 315 2344
315 2344 2793
2344 315 2793
520 334 591
591 334 520
334 520 591
2867 2464 2932
2932 2464 2867
2464 2867 2932
1782 785 1032
785 1032 1782
1032 785 1782
516 41 2657
2657 41 516
41 516 2657
668 477 1256
1256 477 668
477 668 1256
1956 1025 2458
2458 1025 1956
1025 1956 2458
2837 1441 1726
1441 1726 2837
1726 1441 2837
2949 671 817
671 817 2949
817 671 2949
2663 2021 2229
2021 2229 2663
2229 2021 2663
1605 2442 2843
2442 1605 2843
2843 1605 2442
1457 959 2871
2871 959 1457
959 1457 2871
1463 198 1162
1162 198 1463
198 1162 1463
2974 1853 2231
2231 1853 2974
1853 2231 2974
2504 2348 2367
2367 2348 2504
2348 2367 2504
1651 2258 2397
2397 1651 2258
2258 1651 2397
57 1495 2939
2939 57 1495
1495 57 2939
2299 1288 2346
2346 1288 2299
1288 2299 2346
1362 881 2888
2888 881 1362
881 1362 2888
1044 1924 2152
2152 1044 1924
1924 1044 2152
628 1484 1698
1698 628 1484
1484 628 1698
1073 1502 2182
1502 1073 2182
2182 1073 1502
2383 425 644
425 644 2383
644 425 2383
2038 906 2433
906 2038 2433
2433 906 2038
398 1346 1571
1571 398 1346
1346 398 1571
1804 1388 1567
1567 1388 1804
1388 1567 1804
454 2328 2454
2328 454 2454
2454 454 2328
2382 802 897
802 897 2382
897 802 2382
2818 696 2161
696 2161 2818
2161 696 2818
2243 2531 2917
2531 2243 2917
2917 2243 2531
2906 867 1220
1220 867 2906
867 1220 2906
2157 558 2374
558 2157 2374
2374 558 2157
1291 907 1200
1200 907 1291
907 1200 1291
135 133 255
255 133 135
133 135 255
1068 261 2563
261 1068 2563
2563 261 1068
368 271 1748
1748 271 368
271 368 1748
2655 1606 2089
1606 2089 2655
2089 1606 2655
2800 199 340
340 199 2800
199 340 2800
1690 839 2492
839 1690 2492
2492 839 1690
2222 232 2095
232 2095 2222
2095 232 2222
2208 2028 2047
2047 2028 2208
2028 2047 2208
619 65 263
263 65 619
65 263 619
2954 931 2139
931 2139 2954
2139 931 2954
1066 224 396
396 224 1066
224 396 1066
142 1628 2623
2623 142 1628
1628 142 2623
2170 769 1252
769 1252 2170
1252 769 2170
2936 1047 1350
1350 1047 2936
1047 1350 2936
1541 1265 1975
1265 1541 1975
1975 1265 1541
78 326 2024
326 78 2024
2024 78 326
1053 670 1337
1337 670 1053
670 1053 1337
2206 1878 2209
2209 1878 2206
1878 2206 2209
612 1784 1877
1784 612 1877
1877 612 1784
1415 2596 2821
2821 1415 2596
2596 1415 2821
230 113 2212
2212 113 230
113 230 2212
1097 320 766
766 320 1097
320 766 1097
332 2797 2975
2797 332 2975
2975 332 2797
929 482 1314
482 929 1314
1314 482 929
2163 439 2733
439 2163 2733
2733 439 2163
1968 2453 2581
2581 1968 2453
2453 1968 2581
1467 89 1305
89 1305 1467
1305 89 1467
1096 1736 1775
1736 1096 1775
1775 1096 1736
269 483 2513
483 269 2513
2513 269 483
2836 509 2771
2771 509 2836
509 2771 2836
2311 1855 1871
1855 1871 2311
1871 1855 2311
2908 37 2298
2298 37 2908
37 2298 2908
1868 2167 2474
2474 1868 2167
2167 1868 2474
1920 1705 2145
1705 1920 2145
2145 1705 1920
2296 1513 2196
1513 2196 2296
2196 1513 2296
2484 235 1416
1416 235 2484
235 1416 2484
2856 1562 2599
1562 2599 2856
2599 1562 2856
1997 2330 2359
2359 1997 2330
2330 1997 2359
2876 1219 1881
1881 1219 2876
1219 1881 2876
2241 735 2102
2102 735 2241
735 2102 2241
2313 1126 1182
1182 1126 2313
1126 1182 2313
1665 1223 2041
2041 1223 1665
1223 1665 2041
2172 1196 2678
2678 1196 2172
1196 2172 2678
2451 447 2331
447 2331 2451
2331 447 2451
1312 737 2969
2969 737 1312
737 1312 2969
2764 121 854
121 854 2764
854 121 2764
1043 1955 2136
2136 1043 1955
1955 1043 2136
1630 436 631
631 436 1630
436 631 1630
2278 152 1876
1876 152 2278
152 1876 2278
1993 270 2929
2929 270 1993
270 1993 2929
2880 1242 1383
1383 1242 2880
1242 1383 2880
908 685 2411
2411 685 908
685 908 2411
1722 1426 1684
1684 1426 1722
1426 1684 1722
1224 580 1365
580 1224 1365
1365 580 1224
1578 1614 1729
1729 1578 1614
1614 1578 1729
2629 678 1735
678 1735 2629
1735 678 2629
394 390 2680
390 394 2680
2680 390 394
1015 1287 2191
1287 1015 2191
2191 1015 1287
1133 205 917
205 917 1133
917 205 1133
2892 869 2508
869 2508 2892
2508 869 2892
544 479 1785
1785 479 544
479 544 1785
312 863 1612
863 312 1612
1612 312 863
1580 493 1045
1045 493 1580
493 1045 1580
2847 357 1637
1637 357 2847
357 1637 2847
1743 1323 2586
2586 1323 1743
1323 1743 2586
2054 758 889
758 889 2054
889 758 2054
1745 1512 2268
1512 1745 2268
2268 1512 1745
2697 1841 2115
1841 2115 2697
2115 1841 2697
127 1099 2592
1099 127 2592
2592 127 1099
406 2111 2683
2111 406 2683
2683 406 2111
29 1901 2684
2684 29 1901
1901 29 2684
2702 75 2747
75 2702 2747
2747 75 2702
1240 1271 2352
2352 1240 1271
1271 1240 2352
1117 913 1106
1106 913 1117
913 1106 1117
697 1000 1269
1269 697 1000
1000 697 1269
808 460 1186
460 808 1186
1186 460 808
1374 865 2703
865 1374 2703
2703 865 1374
1510 1430 2754
1430 1510 2754
2754 1430 1510
2807 534 1601
1601 534 2807
534 1601 2807
1941 1093 1830
1830 1093 1941
1093 1830 1941
293 71 2654
2654 71 293
71 293 2654
953 633 816
633 816 953
816 633 953
2665 273 2329
2329 273 2665
273 2329 2665
1148 1036 2842
2842 1036 1148
1036 1148 2842
950 1259 2250
1259 950 2250
2250 950 1259
2613 1412 2495
2495 1412 2613
1412 2495 2613
780 1472 2014
1472 780 2014
2014 780 1472
2132 1632 2099
2099 1632 2132
1632 2099 2132
2096 673 2782
2782 673 2096
673 2096 2782
608 1111 1322
1111 608 1322
1322 608 1111
1557 1064 2804
2804 1064 1557
1064 1557 2804
2550 410 1534
410 1534 2550
1534 410 2550
1816 424 2861
424 1816 2861
2861 424 1816
2984 73 2342
2342 73 2984
73 2342 2984
2715 2339 2961
2961 2339 2715
2339 2715 2961
2660 2302 2762
2762 2302 2660
2302 2660 2762
1872 713 2520
2520 713 1872
713 1872 2520
1006 1249 2779
1249 1006 2779
2779 1006 1249
2727 177 2097
2097 177 2727
177 2097 2727
1387 488 2948
488 1387 2948
2948 488 1387
2606 789 1832
789 1832 2606
1832 789 2606
44 346 2659
2659 44 346
346 44 2659
2351 14 2235
14 2235 2351
2235 14 2351
876 1440 1965
1440 876 1965
1965 876 1440
2730 1866 2037
1866 2037 2730
2037 1866 2730
1352 166 550
166 550 1352
550 166 1352
496 1591 1869
1591 496 1869
1869 496 1591
24 1923 2314
1923 24 2314
2314 24 1923
462 1138 1543
1543 462 1138
1138 462 1543
1550 1581 1787
1581 1550 1787
1787 1550 1581
2521 786 1522
1522 786 2521
786 1522 2521
32 219 1375
219 32 1375
1375 32 219
1136 153 1717
1717 153 1136
153 1136 1717
1555 795 2034
795 1555 2034
2034 795 1555
1621 918 2689
918 1621 2689
2689 918 1621
2753 22 1089
1089 22 2753
22 1089 2753
2544 1982 2031
2031 1982 2544
1982 2031 2544
722 804 1818
804 722 1818
1818 722 804
256 279 949
279 256 949
949 256 279
933 96 1986
1986 96 933
96 933 1986
2372 1921 1944
1921 1944 2372
1944 1921 2372
665 1408 2826
2826 665 1408
1408 665 2826
444 58 601
601 58 444
58 444 601
1188 695 1058
1058 695 1188
695 1058 1188
2025 976 2784
2784 976 2025
976 2025 2784
2594 318 1227
318 1227 2594
1227 318 2594
899 710 2526
2526 710 899
710 899 2526
88 1110 2790
1110 88 2790
2790 88 1110
2583 2466 2685
2466 2583 2685
2685 2466 2583
1873 1156 2532
1156 1873 2532
2532 1156 1873
227 1017 2995
1017 227 2995
2995 227 1017
1077 1633 2844
1633 1077 2844
2844 1077 1633
2098 79 1588
1588 79 2098
79 1588 2098
1051 272 1685
1685 272 1051
272 1051 1685
2664 666 993
666 993 2664
993 666 2664
714 140 2286
2286 140 714
140 714 2286
68 223 1609
223 68 1609
1609 68 223
1810 382 1837
1837 382 1810
382 1810 1837
2956 862 2376
2376 862 2956
862 2376 2956
452 1419 2308
2308 452 1419
1419 452 2308
1447 2305 2614
2305 1447 2614
2614 1447 2305
1569 136 782
782 136 1569
136 782 1569
957 2823 2987
2987 957 2823
2823 957 2987
146 2393 2873
2393 146 2873
2873 146 2393
1629 1100 1669
1669 1100 1629
1100 1629 1669
1636 2516 2776
2516 1636 2776
2776 1636 2516
349 1344 2656
1344 349 2656
2656 349 1344
618 2326 2371
2326 618 2371
2371 618 2326
914 1358 2279
2279 914 1358
1358 914 2279
2612 337 2748
337 2612 2748
2748 337 2612
2116 577 853
577 853 2116
853 577 2116
1531 262 1429
262 1429 1531
1429 262 1531
609 579 2173
579 609 2173
2173 579 609
2017 926 1294
926 1294 2017
1294 926 2017
943 1274 2380
2380 943 1274
1274 943 2380
2682 459 2364
2364 459 2682
459 2364 2682
991 1371 2293
1371 991 2293
2293 991 1371
2598 1225 1851
1851 1225 2598
1225 1851 2598
1805 110 2104
2104 110 1805
110 1805 2104
1934 1483 1766
1766 1483 1934
1483 1766 1934
367 1026 1290
1290 367 1026
1026 367 1290
1403 698 1173
698 1173 1403
1173 698 1403
773 458 1842
458 773 1842
1842 458 773
437 740 1389
1389 437 740
740 437 1389
1215 1667 2489
2489 1215 1667
1667 1215 2489
1701 1468 2946
2946 1468 1701
1468 1701 2946
2643 799 2000
799 2000 2643
2000 799 2643
2515 2058 2662
2662 2058 2515
2058 2515 2662
1946 1907 2118
2118 1907 1946
1907 1946 2118
2605 938 2756
2756 938 2605
938 2605 2756
2714 1325 1970
1970 1325 2714
1325 1970 2714
307 154 1485
1485 154 307
154 307 1485
1518 823 1473
1473 823 1518
823 1473 1518
962 2402 2557
2402 962 2557
2557 962 2402
1563 1886 2781
1886 1563 2781
2781 1563 1886
365 485 2575
485 365 2575
2575 365 485
2225 11 827
827 11 2225
11 827 2225
478 191 2392
2392 191 478
191 478 2392
809 951 2224
951 809 2224
2224 809 951
1008 610 1990
1990 610 1008
610 1008 1990
1137 1001 1369
1369 1001 1137
1001 1137 1369
715 2156 2646
2156 715 2646
2646 715 2156
2633 2019 2436
2436 2019 2633
2019 2436 2633
753 518 1958
518 753 1958
1958 518 753
2131 176 2597
2597 176 2131
176 2131 2597
2930 49 2970
49 2930 2970
2970 49 2930
1599 2085 2301
2301 1599 2085
2085 1599 2301
1538 519 1105
1105 519 1538
519 1105 1538
599 538 2309
2309 538 599
538 599 2309
627 1893 2942
2942 627 1893
1893 627 2942
2902 328 2135
328 2135 2902
2135 328 2902
2622 624 1625
624 1625 2622
1625 624 2622
139 1363 1802
1802 139 1363
1363 139 1802
1670 2068 2935
2068 1670 2935
2935 1670 2068
2681 1187 1330
1187 1330 2681
1330 1187 2681
2042 84 741
84 741 2042
741 84 2042
438 202 2200
202 438 2200
2200 202 438
234 442 775
442 234 775
775 234 442
481 1687 2304
2304 481 1687
1687 481 2304
948 1813 2951
1813 948 2951
2951 948 1813
2825 347 2238
347 2238 2825
2238 347 2825
1421 1577 1938
1577 1421 1938
1938 1421 1577
245 1844 2140
2140 245 1844
1844 245 2140
871 173 1679
173 871 1679
1679 173 871
942 1757 2875
1757 942 2875
2875 942 1757
1078 585 1248
1248 585 1078
585 1078 1248
1041 260 2253
2253 260 1041
260 1041 2253
2417 1798 1980
1980 1798 2417
1798 1980 2417
1987 1028 1641
1641 1028 1987
1028 1641 1987
144 2291 2994
2994 144 2291
2291 144 2994
304 2780 2798
2798 304 2780
2780 304 2798
1635 570 1192
1192 570 1635
570 1192 1635
2941 1492 1951
1951 1492 2941
1492 1951 2941
1070 1060 2015
2015 1060 1070
1060 1070 2015
39 1132 2567
1132 39 2567
2567 39 1132
72 174 749
749 72 174
174 72 749
1892 2708 2898
2708 1892 2898
2898 1892 2708
2345 1194 2918
2918 1194 2345
1194 2345 2918
209 757 1686
1686 209 757
757 209 1686
980 314 2859
314 980 2859
2859 314 980
2475 497 2893
497 2475 2893
2893 497 2475
1273 1811 2788
1811 1273 2788
2788 1273 1811
586 2589 2829
2589 586 2829
2829 586 2589
1623 109 2424
109 1623 2424
2424 109 1623
2155 746 2786
746 2155 2786
2786 746 2155
878 1155 2387
1155 878 2387
2387 878 1155
2600 974 1211
974 1211 2600
1211 974 2600
1710 2690 2720
2720 1710 2690
2690 1710 2720
800 2030 2460
2030 800 2460
2460 800 2030
831 1364 2558
2558 831 1364
1364 831 2558
2538 107 124
107 124 2538
124 107 2538
1390 1275 2259
2259 1275 1390
1275 1390 2259
1913 1661 2519
1661 1913 2519
2519 1661 1913
706 1272 2661
1272 706 2661
2661 706 1272
47 1292 2824
2824 47 1292
1292 47 2824
645 1129 2090
2090 645 1129
1129 645 2090
1995 2219 2944
2944 1995 2219
2219 1995 2944
329 811 1613
1613 329 811
811 329 1613
486 114 2197
114 486 2197
2197 114 486
1205 845 2644
2644 845 1205
845 1205 2644
310 1978 2230
1978 310 2230
2230 310 1978
928 100 2725
100 928 2725
2725 100 928
2890 465 1348
1348 465 2890
465 1348 2890
971 2602 2618
2602 971 2618
2618 971 2602
1509 449 2886
449 1509 2886
2886 449 1509
409 1366 2178
1366 409 2178
2178 409 1366
1807 751 1763
751 1763 1807
1763 751 1807
2350 1204 1338
1204 1338 2350
1338 1204 2350
63 1142 2434
2434 63 1142
1142 63 2434
2125 1618 1823
1618 1823 2125
1823 1618 2125
2412 2294 2604
2604 2294 2412
2294 2412 2604
1858 87 755
755 87 1858
87 755 1858
590 69 2751
2751 69 590
69 590 2751
2571 1326 1655
1655 1326 2571
1326 1655 2571
858 1930 2692
2692 858 1930
1930 858 2692
1672 2009 2399
2399 1672 2009
2009 1672 2399
790 663 1759
663 790 1759
1759 663 790
2851 2184 2510
2184 2510 2851
2510 2184 2851
730 849 1796
1796 730 849
849 730 1796
2094 184 798
798 184 2094
184 798 2094
1109 16 986
986 16 1109
16 986 1109
339 1146 2616
1146 339 2616
2616 339 1146
1331 662 1340
662 1331 1340
1340 662 1331
1634 38 1276
1276 38 1634
38 1276 1634
2723 2264 2787
2264 2723 2787
2787 2264 2723
1333 960 2869
2869 960 1333
960 1333 2869
944 1648 2976
1648 944 2976
2976 944 1648
1947 1401 1792
1401 1792 1947
1792 1401 1947
2671 494 2220
2220 494 2671
494 2220 2671
1865 530 2275
530 1865 2275
2275 530 1865
361 675 1548
1548 361 675
675 361 1548
2446 297 2471
297 2446 2471
2471 297 2446
138 1262 2164
1262 138 2164
2164 138 1262
302 484 1742
1742 302 484
484 302 1742
2027 2631 2813
2631 2027 2813
2813 2027 2631
2570 233 1103
1103 233 2570
233 1103 2570
1284 313 1922
313 1284 1922
1922 313 1284
2405 1239 1646
1239 1646 2405
1646 1239 2405
389 910 1607
1607 389 910
910 389 1607
526 1119 2373
1119 526 2373
2373 526 1119
1728 793 1749
793 1728 1749
1749 793 1728
1692 1247 1988
1988 1247 1692
1247 1692 1988
2983 1382 1524
1524 1382 2983
1382 1524 2983
1596 597 2792
597 1596 2792
2792 597 1596
1377 541 1140
541 1140 1377
1140 541 1377
1351 2408 2897
2408 1351 2897
2897 1351 2408
1768 196 2246
196 1768 2246
2246 196 1768
992 358 529
529 358 992
358 529 992
1600 2545 2919
2919 1600 2545
2545 1600 2919
711 2223 2413
2413 711 2223
2223 711 2413
1150 2114 2582
2114 1150 2582
2582 1150 2114
776 453 1572
1572 453 776
453 776 1572
2731 137 2534
137 2534 2731
2534 137 2731
1054 93 1602
1602 93 1054
93 1054 1602
2066 1014 1332
1014 1332 2066
1332 1014 2066
1198 791 1860
1860 791 1198
791 1198 1860
510 131 1568
131 510 1568
1568 131 510
1545 1984 2767
2767 1545 1984
1984 1545 2767
2084 2347 2846
2347 2084 2846
2846 2084 2347
596 947 1190
1190 596 947
947 596 1190
824 859 1660
1660 824 859
859 824 1660
1407 2269 2363
2269 1407 2363
2363 1407 2269
2026 2179 2271
2179 2026 2271
2271 2026 2179
1031 968 1127
968 1031 1127
1127 968 1031
1427 761 1507
761 1427 1507
1507 761 1427
2957 1336 2377
2377 1336 2957
1336 2377 2957
592 613 1302
1302 592 613
613 592 1302
1207 598 2006
2006 598 1207
598 1207 2006
2087 267 1391
1391 267 2087
267 1391 2087
699 923 1189
923 699 1189
1189 699 923
1442 397 421
397 421 1442
421 397 1442
1367 952 2343
2343 952 1367
952 1367 2343
1268 40 2500
2500 40 1268
40 1268 2500
61 1540 2214
2214 61 1540
1540 61 2214
658 275 1697
1697 275 658
275 658 1697
1139 551 779
779 551 1139
551 779 1139
988 1933 2937
2937 988 1933
1933 988 2937
1343 1009 1183
1009 1183 1343
1183 1009 1343
1594 1438 1658
1438 1594 1658
1658 1438 1594
756 2699 2907
2907 756 2699
2699 756 2907
2674 1432 1891
1891 1432 2674
1432 1891 2674
739 1847 2712
1847 739 2712
2712 739 1847
2320 2210 2979
2210 2320 2979
2979 2210 2320
2968 290 921
921 290 2968
290 921 2968
922 345 1769
345 922 1769
1769 345 922
1255 1396 1961
1961 1255 1396
1396 1255 1961
1520 1940 2169
1940 1520 2169
2169 1520 1940
1114 296 1682
1682 296 1114
296 1114 1682
19 204 1631
1631 19 204
204 19 1631
393 542 2953
542 393 2953
2953 393 542
2986 1134 1565
1134 1565 2986
1565 1134 2986
995 330 2254
330 995 2254
2254 330 995
2729 1464 2003
1464 2003 2729
2003 1464 2729
1835 2202 2895
2202 1835 2895
2895 1835 2202
1780 2043 2237
2237 1780 2043
2043 1780 2237
1417 568 1319
568 1319 1417
1319 568 1417
1699 381 885
381 885 1699
885 381 1699
2056 148 850
850 148 2056
148 850 2056
1124 366 659
659 366 1124
366 659 1124
2010 278 2881
278 2010 2881
2881 278 2010
660 2266 2981
2981 660 2266
2266 660 2981
2695 807 998
807 998 2695
998 807 2695
464 1177 2288
1177 464 2288
2288 464 1177
1610 10 1894
10 1610 1894
1894 10 1610
1055 2174 2401
2401 1055 2174
2174 1055 2401
472 1732 2211
1732 472 2211
2211 472 1732
945 1436 2808
2808 945 1436
1436 945 2808
1425 883 1108
883 1108 1425
1108 883 1425
2181 399 617
617 399 2181
399 617 2181
1289 441 2429
441 1289 2429
2429 441 1289
2082 1954 2416
1954 2082 2416
2416 1954 2082
1082 2548 2853
2548 1082 2853
2853 1082 2548
1831 2 2457
2 1831 2457
2457 2 1831
2122 364 2032
2032 364 2122
364 2032 2122
2556 404 407
404 407 2556
407 404 2556
829 1087 1489
1489 829 1087
1087 829 1489
1675 402 2666
2666 402 1675
402 1675 2666
1731 788 1814
788 1731 1814
1814 788 1731
331 1619 2679
2679 331 1619
1619 331 2679
1666 860 2110
860 1666 2110
2110 860 1666
1266 1481 2900
1481 1266 2900
2900 1266 1481
172 1400 2920
1400 172 2920
2920 172 1400
855 414 2710
2710 414 855
414 855 2710
2774 189 2742
189 2742 2774
2742 189 2774
2360 1234 2289
1234 2289 2360
2289 1234 2360
457 2578 2822
2578 457 2822
2822 457 2578
1030 504 1754
504 1030 1754
1754 504 1030
103 284 1385
284 103 1385
1385 103 284
2485 736 1910
1910 736 2485
736 1910 2485
857 562 750
750 562 857
562 750 857
2980 237 1725
1725 237 2980
237 1725 2980
2523 327 2112
2112 327 2523
327 2112 2523
170 360 2284
2284 170 360
360 170 2284
400 391 416
416 391 400
391 400 416
2207 1821 2185
1821 2185 2207
2185 1821 2207
2766 965 1812
965 1812 2766
1812 965 2766
574 2138 2290
2290 574 2138
2138 574 2290
169 33 505
505 33 169
33 169 505
593 362 868
868 362 593
362 593 868
963 165 1781
165 963 1781
1781 165 963
408 882 1836
1836 408 882
882 408 1836
1829 1560 1945
1945 1560 1829
1560 1829 1945
1398 1149 2193
1149 1398 2193
2193 1149 1398
1559 555 879
879 555 1559
555 879 1559
2872 281 1570
1570 281 2872
281 1570 2872
80 587 1979
1979 80 587
587 80 1979
664 1702 2419
2419 664 1702
1702 664 2419
1095 1130 2775
1130 1095 2775
2775 1095 1130
1713 2175 2306
2175 1713 2306
2306 1713 2175
2740 1470 2077
2077 1470 2740
1470 2077 2740
48 491 1526
1526 48 491
491 48 1526
2687 228 1966
228 1966 2687
1966 228 2687
835 767 1739
1739 767 835
767 835 1739
768 2201 2611
2201 768 2611
2611 768 2201
1676 607 1931
607 1676 1931
1931 607 1676
2626 641 1902
1902 641 2626
641 1902 2626
2874 2588 2998
2588 2874 2998
2998 2588 2874
1049 637 2129
637 1049 2129
2129 637 1049
2630 102 972
102 972 2630
972 102 2630
1761 475 1959
1959 475 1761
475 1761 1959
1662 841 927
841 927 1662
927 841 1662
2905 911 1882
911 1882 2905
1882 911 2905
351 1551 2638
2638 351 1551
1551 351 2638
503 431 1131
431 503 1131
1131 431 503
2478 2143 2950
2143 2478 2950
2950 2143 2478
17 1576 2858
1576 17 2858
2858 17 1576
119 1107 2554
1107 119 2554
2554 119 1107
167 489 634
489 167 634
634 167 489
521 433 1080
433 521 1080
1080 433 521
1063 1086 2109
1086 1063 2109
2109 1063 1086
2562 690 1221
1221 690 2562
690 1221 2562
2940 274 2276
2276 274 2940
274 2276 2940
502 229 1909
229 502 1909
1909 229 502
355 2007 2168
2168 355 2007
2007 355 2168
242 1394 2572
1394 242 2572
2572 242 1394
2752 970 1727
1727 970 2752
970 1727 2752
251 1681 1721
1681 251 1721
1721 251 1681
830 286 468
286 468 830
468 286 830
783 305 2004
2004 305 783
305 783 2004
283 244 2481
244 283 2481
2481 244 283
2071 1815 2648
1815 2071 2648
2648 1815 2071
1039 321 1280
321 1039 1280
1280 321 1039
2904 1431 2573
1431 2573 2904
2573 1431 2904
1229 277 2093
277 1229 2093
2093 277 1229
2050 2336 2777
2777 2050 2336
2336 2050 2777
692 158 1477
158 692 1477
1477 158 692
1279 1517 1528
1517 1279 1528
1528 1279 1517
292 1091 2503
2503 292 1091
1091 292 2503
1880 116 2008
2008 116 1880
116 1880 2008
1011 1144 1867
1867 1011 1144
1144 1011 1867
1593 989 2965
2965 989 1593
989 1593 2965
53 155 473
155 53 473
473 53 155
2121 2394 2546
2394 2121 2546
2546 2121 2394
2322 1952 2803
1952 2322 2803
2803 1952 2322
1608 1435 1707
1435 1608 1707
1707 1435 1608
852 303 387
303 387 852
387 303 852
2536 1486 1668
1668 1486 2536
1486 1668 2536
1471 1303 1456
1303 1456 1471
1456 1303 1471
1611 1059 1861
1059 1611 1861
1861 1059 1611
2166 91 900
900 91 2166
91 900 2166
654 129 615
615 129 654
129 615 654
999 837 2650
837 999 2650
2650 837 999
1973 257 1397
257 1397 1973
1397 257 1973
1135 763 964
763 964 1135
964 763 1135
1020 1316 2529
2529 1020 1316
1316 1020 2529
920 987 2251
2251 920 987
987 920 2251
2370 428 1963
1963 428 2370
428 1963 2370
101 688 2368
2368 101 688
688 101 2368
1642 352 2722
352 1642 2722
2722 352 1642
1992 1202 1420
1420 1202 1992
1202 1420 1992
1222 186 2652
2652 186 1222
186 1222 2652
2403 1535 2749
2749 1535 2403
1535 2403 2749
1 1532 2439
1532 1 2439
2439 1 1532
149 760 1756
760 149 1756
1756 149 760
2218 638 649
649 638 2218
638 649 2218
282 206 2739
206 282 2739
2739 206 282
2335 1178 2420
1178 2335 2420
2420 1178 2335
716 646 1079
1079 646 716
646 716 1079
1788 1257 2414
2414 1257 1788
1257 1788 2414
187 86 877
877 86 187
86 187 877
117 264 1264
264 117 1264
1264 117 264
2477 128 1123
128 1123 2477
1123 128 2477
2849 405 2636
2636 405 2849
405 2636 2849
523 820 2761
2761 523 820
820 523 2761
2744 200 679
200 679 2744
679 200 2744
456 2445 2997
2445 456 2997
2997 456 2445
6 847 1424
847 6 1424
1424 6 847
1589 1115 2817
1115 1589 2817
2817 1115 1589
1700 825 1505
825 1505 1700
1505 825 1700
2277 806 1800
1800 806 2277
806 1800 2277
2176 626 708
708 626 2176
626 708 2176
1942 954 2124
2124 954 1942
954 1942 2124
1820 445 1334
1334 445 1820
445 1334 1820
1154 1050 2705
1050 1154 2705
2705 1050 1154
324 667 771
667 324 771
771 324 667
1529 522 571
571 522 1529
522 571 1529
2198 1101 2577
2577 1101 2198
1101 2198 2577
1393 370 1870
1870 370 1393
370 1393 1870
2805 1854 2815
1854 2805 2815
2815 1854 2805
1663 2029 2379
2379 1663 2029
2029 1663 2379
546 104 2635
2635 104 546
104 546 2635
383 605 2553
2553 383 605
605 383 2553
1439 1193 2721
1193 1439 2721
2721 1193 1439
258 474 1797
1797 258 474
474 258 1797
2505 316 2719
316 2505 2719
2719 316 2505
549 222 2153
222 549 2153
2153 222 549
1164 640 2700
2700 640 1164
640 1164 2700
1120 118 122
118 122 1120
122 118 1120
51 374 2323
374 51 2323
2323 51 374
401 344 2244
2244 344 401
344 401 2244
2117 1879 2499
1879 2117 2499
2499 1879 2117
323 1859 2357
2357 323 1859
1859 323 2357
616 563 1341
563 616 1341
1341 563 616
1504 1587 1673
1587 1504 1673
1673 1504 1587
2062 707 787
787 707 2062
707 787 2062
2476 1175 1537
1175 1537 2476
1537 1175 2476
50 1590 2865
1590 50 2865
2865 50 1590
1783 105 1443
1443 105 1783
105 1443 1783
1354 2239 2828
2239 1354 2828
2828 1354 2239
168 336 1809
336 168 1809
1809 168 336
1094 1241 1985
1985 1094 1241
1241 1094 1985
1454 1695 2486
2486 1454 1695
1695 1454 2486
1176 1511 1525
1511 1176 1525
1525 1176 1511
2501 480 1552
1552 480 2501
480 1552 2501
2533 895 1936
1936 895 2533
895 1936 2533
501 46 2991
2991 46 501
46 501 2991
1298 490 772
490 772 1298
772 490 1298
2005 2195 2667
2195 2005 2667
2667 2005 2195
639 1677 1771
1771 639 1677
1677 639 1771
940 1075 2884
1075 940 2884
2884 940 1075
42 535 1908
1908 42 535
535 42 1908
1688 694 1166
694 1166 1688
1166 694 1688
1004 181 2287
2287 181 1004
181 1004 2287
902 2389 2422
2422 902 2389
2389 902 2422
2768 1883 2958
2958 1883 2768
1883 2768 2958
56 31 1210
1210 31 56
31 56 1210
1035 5 1299
1299 5 1035
5 1035 1299
1452 415 1948
1948 415 1452
415 1452 1948
655 1664 2150
2150 655 1664
1664 655 2150
1915 539 2462
2462 539 1915
539 1915 2462
1845 85 2914
2914 85 1845
85 1845 2914
2204 731 1616
1616 731 2204
731 1616 2204
1251 752 2639
752 1251 2639
2639 752 1251
702 569 1300
569 702 1300
1300 569 702
1152 92 919
919 92 1152
92 919 1152
2716 2894 2922
2922 2716 2894
2894 2716 2922
2341 2002 2183
2183 2002 2341
2002 2183 2341
2133 1652 2834
2834 1652 2133
1652 2133 2834
2310 726 1789
726 1789 2310
1789 726 2310
157 2585 2923
2585 157 2923
2923 157 2585
1018 112 1185
112 1018 1185
1185 112 1018
2461 25 2595
2595 25 2461
25 2461 2595
636 2307 2913
2307 636 2913
2913 636 2307
1181 70 2186
70 1181 2186
2186 70 1181
1460 161 1295
1295 161 1460
161 1295 1460
450 2137 2691
2137 450 2691
2691 450 2137
717 545 872
872 545 717
545 717 872
946 1088 2799
1088 946 2799
2799 946 1088
2086 875 2909
875 2086 2909
2909 875 2086
2507 981 1656
981 1656 2507
1656 981 2507
2051 363 924
924 363 2051
363 924 2051
2334 28 689
689 28 2334
28 689 2334
2927 512 2432
512 2432 2927
2432 512 2927
1496 341 1539
1539 341 1496
341 1496 1539
2698 241 1360
241 1360 2698
1360 241 2698
564 419 977
977 419 564
419 564 977
866 589 1453
1453 589 866
589 866 1453
1927 356 727
356 727 1927
727 356 1927
1455 132 440
132 440 1455
440 132 1455
1977 123 2999
123 1977 2999
2999 123 1977
511 145 221
221 145 511
145 221 511
1554 319 2617
319 1554 2617
2617 319 1554
2831 1355 2811
1355 2811 2831
2811 1355 2831
342 559 1586
1586 342 559
559 342 1586
354 1069 1368
1069 354 1368
1368 354 1069
2854 2192 2736
2192 2736 2854
2736 2192 2854
1254 1380 2915
2915 1254 1380
1380 1254 2915
1751 309 1547
309 1547 1751
1547 309 1751
1795 111 2607
111 1795 2607
2607 111 1795
1719 581 1575
581 1575 1719
1575 581 1719
2148 1165 2868
2868 1165 2148
1165 2148 2868
937 115 1339
115 937 1339
1339 115 937
1349 141 1195
141 1195 1349
1195 141 1349
2120 2841 2860
2841 2120 2860
2860 2120 2841
353 190 1519
1519 190 353
190 353 1519
182 463 2213
463 182 2213
2213 182 463
21 1282 2704
2704 21 1282
1282 21 2704
1357 147 1905
1905 147 1357
147 1357 1905
226 287 498
498 226 287
287 226 498
2073 1244 2728
2728 1244 2073
1244 2073 2728
1476 194 1003
194 1003 1476
1003 194 1476
1708 240 930
930 240 1708
240 930 1708
1925 1306 2866
1306 1925 2866
2866 1306 1925
560 2100 2878
2100 560 2878
2878 560 2100
2921 74 676
74 676 2921
676 74 2921
2063 846 1939
1939 846 2063
846 1939 2063
1706 1499 1850
1499 1706 1850
1850 1499 1706
2560 1235 2830
2830 1235 2560
1235 2560 2830
2418 1462 2292
1462 2292 2418
2292 1462 2418
642 1828 2706
2706 642 1828
1828 642 2706
193 1057 1342
1342 193 1057
1057 193 1342
1033 1604 2390
2390 1033 1604
1604 1033 2390
2248 175 784
784 175 2248
175 784 2248
386 276 495
276 386 495
495 276 386
2074 901 2441
901 2074 2441
2441 901 2074
208 2300 2973
2300 208 2973
2973 208 2300
162 1479 2576
2576 162 1479
1479 162 2576
2985 231 2381
2381 231 2985
231 2381 2985
2395 1598 2855
1598 2395 2855
2855 1598 2395
2568 1740 2590
2590 1740 2568
1740 2568 2590
62 1104 2127
1104 62 2127
2127 62 1104
1042 1231 1404
1231 1042 1404
1404 1042 1231
1561 238 392
392 238 1561
238 392 1561
2438 2108 2926
2108 2438 2926
2926 2108 2438
1034 712 1848
1848 712 1034
712 1034 1848
1267 210 892
892 210 1267
210 892 1267
2113 1693 1838
1838 1693 2113
1693 1838 2113
2245 606 1723
1723 606 2245
606 1723 2245
1755 443 1113
1113 443 1755
443 1113 1755
2964 743 2537
2537 743 2964
743 2537 2964
2022 3 2040
3 2022 2040
2040 3 2022
379 2270 2812
2812 379 2270
2270 379 2812
2497 298 2070
298 2070 2497
2070 298 2497
259 821 1953
821 259 1953
1953 259 821
2064 1996 2672
2672 1996 2064
1996 2064 2672
1283 81 2527
81 1283 2527
2527 81 1283
873 894 2549
894 873 2549
2549 873 894
2126 203 2726
2726 203 2126
203 2126 2726
2205 225 1906
225 1906 2205
1906 225 2205
1040 34 2260
34 1040 2260
2260 34 1040
201 411 1253
411 201 1253
1253 201 411
2128 1320 1898
1320 1898 2128
1898 1320 2128
2303 2285 2470
2285 2303 2470
2470 2285 2303
1145 98 1617
98 1145 1617
1617 98 1145
2632 1046 2789
1046 2632 2789
2789 1046 2632
1488 2449 2773
2773 1488 2449
2449 1488 2773
2265 1324 2385
1324 2265 2385
2385 1324 2265
1112 886 1839
1839 886 1112
886 1112 1839
1918 728 2637
2637 728 1918
728 1918 2637
842 236 1772
1772 236 842
236 842 1772
674 1384 1498
1498 674 1384
1384 674 1498
2609 12 1711
12 1711 2609
1711 12 2609
90 1118 2468
1118 90 2468
2468 90 1118
507 1521 2624
1521 507 2624
2624 507 1521
1885 1171 1533
1533 1171 1885
1171 1533 1885
1386 1379 2410
2410 1379 1386
1379 1386 2410
2785 1949 2514
1949 2514 2785
2514 1949 2785
1010 1353 1405
1405 1010 1353
1353 1010 1405
299 1960 2425
1960 299 2425
2425 299 1960
915 1758 2758
2758 915 1758
1758 915 2758
1694 576 1765
576 1694 1765
1765 576 1694
1356 890 2456
890 1356 2456
2456 890 1356
179 1819 3000
3000 179 1819
1819 179 3000
2356 500 1159
1159 500 2356
500 1159 2356
1833 648 1378
1378 648 1833
648 1378 1833
2092 1293 2877
1293 2092 2877
2877 1293 2092
2480 996 1494
1494 996 2480
996 1494 2480
819 629 941
941 629 819
629 819 941
1285 106 1490
106 1285 1490
1490 106 1285
220 1232 1645
1232 220 1645
1645 220 1232
566 2052 2903
2052 566 2903
2903 566 2052
1770 1056 1822
1056 1770 1822
1822 1056 1770
1887 762 2693
2693 762 1887
762 1887 2693
1976 1395 1671
1395 1671 1976
1671 1395 1976
1806 2075 2916
2075 1806 2916
2916 1806 2075
2398 1250 2960
1250 2398 2960
2960 1250 2398
