12240 8647 14305
14305 8647 12240
8647 12240 14305
3765 1523 2973
1523 2973 3765
2973 1523 3765
9528 1973 7386
7386 1973 9528
1973 7386 9528
4177 8882 14154
8882 4177 14154
14154 4177 8882
8997 1695 10748
1695 8997 10748
10748 1695 8997
11257 2210 10864
2210 10864 11257
10864 2210 11257
14079 12518 12776
12776 12518 14079
12518 12776 14079
4376 8726 14931
14931 4376 8726
8726 4376 14931
7994 6810 9352
9352 6810 7994
6810 7994 9352
839 1715 9752
9752 839 1715
1715 839 9752
11722 2147 9037
2147 9037 11722
9037 2147 11722
9626 792 4343
792 4343 9626
4343 792 9626
11439 1122 1299
1299 1122 11439
1122 1299 11439
5304 7441 10296
7441 5304 10296
10296 5304 7441
9948 13322 13476
13322 9948 13476
13476 9948 13322
11059 4806 5108
5108 4806 11059
4806 5108 11059
7321 1442 9156
1442 7321 9156
9156 1442 7321
1764 12908 13195
12908 1764 13195
13195 1764 12908
13948 157 6900
6900 157 13948
157 6900 13948
3175 7782 9606
7782 3175 9606
9606 3175 7782
13527 575 4464
4464 575 13527
575 4464 13527
3556 5377 13492
5377 3556 13492
13492 3556 5377
708 3761 13268
3761 708 13268
13268 708 3761
7223 13125 14279
14279 7223 13125
13125 7223 14279
7182 498 1380
498 1380 7182
1380 498 7182
10799 1307 8163
1307 8163 10799
8163 1307 10799
14246 1211 7247
7247 1211 14246
1211 7247 14246
1175 13010 15000
13010 1175 15000
15000 1175 13010
1892 962 6800
6800 962 1892
962 1892 6800
13146 2010 10421
10421 2010 13146
2010 10421 13146
5324 6749 12878
6749 5324 12878
12878 5324 6749
3187 7713 12271
7713 3187 12271
12271 3187 7713
3947 9076 14671
9076 3947 14671
14671 3947 9076
9818 13438 13507
13438 9818 13507
13507 9818 13438
848 3737 14832
14832 848 3737
3737 848 14832
48 14343 14675
14343 48 14675
14675 48 14343
11710 1924 9686
9686 1924 11710
1924 9686 11710
6951 12215 13346
12215 6951 13346
13346 6951 12215
4990 6726 9092
6726 4990 9092
9092 4990 6726
3188 9461 11462
11462 3188 9461
9461 3188 11462
9125 4938 6869
6869 4938 9125
4938 6869 9125
14780 5191 5194
5191 5194 14780
5194 5191 14780
1284 2944 10732
2944 1284 10732
10732 1284 2944
13664 2294 3098
3098 2294 13664
2294 3098 13664
1766 8585 12144
8585 1766 12144
12144 1766 8585
9126 2476 3854
2476 3854 9126
3854 2476 9126
9014 7375 11135
7375 9014 11135
11135 7375 9014
11745 6338 9467
6338 9467 11745
9467 6338 11745
2926 4555 8813
8813 2926 4555
4555 2926 8813
6511 292 6144
292 6144 6511
6144 292 6511
5134 13676 14565
13676 5134 14565
14565 5134 13676
10202 9553 11273
9553 10202 11273
11273 9553 10202
2165 13016 13806
13016 2165 13806
13806 2165 13016
10993 8280 9642
9642 8280 10993
8280 9642 10993
2270 11406 13956
11406 2270 13956
13956 2270 11406
10391 3455 12977
12977 3455 10391
3455 10391 12977
14420 11374 11918
11374 11918 14420
11918 11374 14420
9672 1654 7979
7979 1654 9672
1654 7979 9672
1029 1712 4106
4106 1029 1712
1712 1029 4106
8146 3260 7467
3260 7467 8146
7467 3260 8146
12910 6470 8357
6470 8357 12910
8357 6470 12910
12350 1970 8472
1970 8472 12350
8472 1970 12350
12891 4093 5002
4093 5002 12891
5002 4093 12891
12587 3305 7412
7412 3305 12587
3305 7412 12587
12807 6830 11011
11011 6830 12807
6830 11011 12807
1315 3956 6993
3956 1315 6993
6993 1315 3956
11202 685 10754
10754 685 11202
685 10754 11202
4075 1107 14527
1107 4075 14527
14527 1107 4075
13892 9130 13264
9130 13264 13892
13264 9130 13892
10091 5417 7087
7087 5417 10091
5417 7087 10091
12701 536 4765
536 4765 12701
4765 536 12701
8606 3959 11964
3959 8606 11964
11964 3959 8606
8661 5453 13533
5453 8661 13533
13533 5453 8661
12317 517 8915
517 8915 12317
8915 517 12317
4373 200 11152
11152 200 4373
200 4373 11152
12294 1136 9286
9286 1136 12294
1136 9286 12294
14360 1226 14132
1226 14132 14360
14132 1226 14360
2199 2402 3652
3652 2199 2402
2402 2199 3652
6452 12216 13241
13241 6452 12216
12216 6452 13241
8324 622 7555
622 7555 8324
7555 622 8324
727 2342 11066
2342 727 11066
11066 727 2342
5336 10063 11506
10063 5336 11506
11506 5336 10063
14875 10127 13521
13521 10127 14875
10127 13521 14875
9036 55 9921
9921 55 9036
55 9036 9921
13833 240 2805
2805 240 13833
240 2805 13833
13059 1980 12766
12766 1980 13059
1980 12766 13059
2221 1388 10432
10432 1388 2221
1388 2221 10432
12698 660 9085
9085 660 12698
660 9085 12698
14310 6050 6883
6050 6883 14310
6883 6050 14310
359 6602 12990
6602 359 12990
12990 359 6602
7349 4900 8296
4900 7349 8296
8296 4900 7349
7389 7037 13960
7037 7389 13960
13960 7037 7389
13968 3990 12319
3990 12319 13968
12319 3990 13968
14954 764 13474
13474 764 14954
764 13474 14954
7753 2867 5930
2867 5930 7753
5930 2867 7753
9148 3046 3323
3046 3323 9148
3323 3046 9148
7403 1977 9236
1977 7403 9236
9236 1977 7403
12637 797 5835
5835 797 12637
797 5835 12637
3824 4673 13867
4673 3824 13867
13867 3824 4673
12288 6760 12660
12660 6760 12288
6760 12288 12660
10927 1199 3859
1199 3859 10927
3859 1199 10927
6752 1223 2955
2955 1223 6752
1223 2955 6752
5150 9386 13779
13779 5150 9386
9386 5150 13779
11474 1357 13269
1357 11474 13269
13269 1357 11474
10264 7509 10793
7509 10264 10793
10793 7509 10264
4269 6047 13075
13075 4269 6047
6047 4269 13075
5295 5068 9884
9884 5068 5295
5068 5295 9884
2649 4028 4060
4060 2649 4028
4028 2649 4060
10064 4520 13078
13078 4520 10064
4520 10064 13078
9269 8391 13924
13924 8391 9269
8391 9269 13924
5026 8681 9932
9932 5026 8681
8681 5026 9932
10281 505 13891
505 10281 13891
13891 505 10281
10827 1422 14949
14949 1422 10827
1422 10827 14949
10791 10178 14445
10178 10791 14445
14445 10178 10791
6150 4258 14474
14474 4258 6150
4258 6150 14474
2412 5387 13762
5387 2412 13762
13762 2412 5387
14647 1110 2731
1110 2731 14647
2731 1110 14647
1637 12522 13173
12522 1637 13173
13173 1637 12522
1852 3251 10465
3251 1852 10465
10465 1852 3251
8102 8619 14353
14353 8102 8619
8619 8102 14353
557 3253 9131
9131 557 3253
3253 557 9131
2954 4678 8741
4678 2954 8741
8741 2954 4678
649 9970 14662
14662 649 9970
9970 649 14662
365 671 11580
671 365 11580
11580 365 671
14302 2 14654
2 14302 14654
14654 2 14302
11178 4562 7074
7074 4562 11178
4562 7074 11178
8574 10897 11046
10897 8574 11046
11046 8574 10897
14455 7055 14639
14639 7055 14455
7055 14455 14639
6885 5114 12356
5114 6885 12356
12356 5114 6885
7844 1111 3156
3156 1111 7844
1111 3156 7844
9904 4235 6983
6983 4235 9904
4235 6983 9904
5403 9293 12119
12119 5403 9293
9293 5403 12119
10053 3712 14084
14084 3712 10053
3712 10053 14084
14617 7033 9155
9155 7033 14617
7033 9155 14617
4749 5998 8894
8894 4749 5998
5998 4749 8894
12320 3209 4098
3209 4098 12320
4098 3209 12320
3332 7583 10332
10332 3332 7583
7583 3332 10332
14141 3933 8078
8078 3933 14141
3933 8078 14141
14391 4306 6257
6257 4306 14391
4306 6257 14391
3450 4339 14646
14646 3450 4339
4339 3450 14646
4493 11592 14759
11592 4493 14759
14759 4493 11592
7018 4059 12810
12810 4059 7018
4059 7018 12810
4593 4061 4718
4061 4593 4718
4718 4061 4593
13863 11101 11459
11101 11459 13863
11459 11101 13863
5970 8584 10813
10813 5970 8584
8584 5970 10813
10727 7108 9308
7108 9308 10727
9308 7108 10727
3131 6264 9701
9701 3131 6264
6264 3131 9701
6663 2027 5329
5329 2027 6663
2027 5329 6663
167 2271 14480
14480 167 2271
2271 167 14480
11162 4630 11633
11633 4630 11162
4630 11162 11633
8703 6351 7436
6351 7436 8703
7436 6351 8703
9780 2419 3161
3161 2419 9780
2419 3161 9780
2385 1509 9266
9266 1509 2385
1509 2385 9266
5505 1244 9065
9065 1244 5505
1244 5505 9065
738 4969 14865
4969 738 14865
14865 738 4969
11837 5443 13502
13502 5443 11837
5443 11837 13502
4124 2746 11369
2746 4124 11369
11369 2746 4124
14973 2258 7100
7100 2258 14973
2258 7100 14973
14926 5683 11787
5683 11787 14926
11787 5683 14926
13266 3497 6421
3497 6421 13266
6421 3497 13266
945 532 5277
5277 532 945
532 945 5277
9349 2755 6376
2755 6376 9349
6376 2755 9349
2844 6588 12400
12400 2844 6588
6588 2844 12400
9736 4350 5895
4350 5895 9736
5895 4350 9736
1747 7252 14974
7252 1747 14974
14974 1747 7252
10196 8377 11844
11844 8377 10196
8377 10196 11844
5604 907 5066
5066 907 5604
907 5066 5604
3 1434 14502
1434 3 14502
14502 3 1434
11213 4845 7302
7302 4845 11213
4845 7302 11213
14749 9823 10163
9823 10163 14749
10163 9823 14749
1256 13613 14513
14513 1256 13613
13613 1256 14513
11281 1486 10213
10213 1486 11281
1486 10213 11281
11832 601 7323
7323 601 11832
601 7323 11832
2661 2158 9212
9212 2158 2661
2158 2661 9212
6302 614 2111
2111 614 6302
614 2111 6302
4764 6618 11427
6618 4764 11427
11427 4764 6618
10975 3878 11187
11187 3878 10975
3878 10975 11187
11608 4578 4683
4578 4683 11608
4683 4578 11608
4074 12254 12556
12254 4074 12556
12556 4074 12254
7356 10455 13149
10455 7356 13149
13149 7356 10455
13732 5229 6250
6250 5229 13732
5229 6250 13732
3484 7211 13832
7211 3484 13832
13832 3484 7211
5870 7202 8260
8260 5870 7202
7202 5870 8260
6626 6952 9055
9055 6626 6952
6952 6626 9055
6667 14356 14553
14553 6667 14356
14356 6667 14553
8201 3252 3895
3252 3895 8201
3895 3252 8201
1075 2464 6665
2464 1075 6665
6665 1075 2464
13645 6536 11391
6536 11391 13645
11391 6536 13645
12491 8963 14882
8963 12491 14882
14882 8963 12491
159 4001 6420
4001 159 6420
6420 159 4001
8484 3604 7026
3604 7026 8484
7026 3604 8484
10023 2772 5926
2772 5926 10023
5926 2772 10023
12758 8640 12915
8640 12758 12915
12915 8640 12758
2172 724 5138
724 2172 5138
5138 724 2172
11083 4523 10348
4523 10348 11083
10348 4523 11083
4556 1479 10599
10599 1479 4556
1479 4556 10599
6349 319 4211
319 4211 6349
4211 319 6349
6024 4636 8653
4636 6024 8653
8653 4636 6024
4751 2866 4955
4955 2866 4751
2866 4751 4955
8057 10223 10381
10223 8057 10381
10381 8057 10223
12788 587 1176
1176 587 12788
587 1176 12788
1756 4719 8834
8834 1756 4719
4719 1756 8834
2697 669 1286
669 1286 2697
1286 669 2697
7784 8395 10308
10308 7784 8395
8395 7784 10308
13418 7192 9737
9737 7192 13418
7192 9737 13418
3698 12964 13395
13395 3698 12964
12964 3698 13395
9366 2836 4869
4869 2836 9366
2836 4869 9366
5074 6374 8694
8694 5074 6374
6374 5074 8694
9261 5207 8889
5207 8889 9261
8889 5207 9261
3802 5715 11339
11339 3802 5715
5715 3802 11339
9511 8735 9605
9605 8735 9511
8735 9511 9605
12595 1233 7540
7540 1233 12595
1233 7540 12595
10761 2814 10305
2814 10305 10761
10305 2814 10761
5290 12842 14825
14825 5290 12842
12842 5290 14825
1536 2651 13536
2651 1536 13536
13536 1536 2651
280 7706 9009
7706 280 9009
9009 280 7706
4875 11581 13288
13288 4875 11581
11581 4875 13288
4109 912 14488
912 4109 14488
14488 912 4109
5242 183 3527
183 3527 5242
3527 183 5242
8966 3146 11617
11617 3146 8966
3146 8966 11617
2760 8965 12357
12357 2760 8965
8965 2760 12357
11645 9300 10664
9300 10664 11645
10664 9300 11645
11793 11687 12235
11687 11793 12235
12235 11687 11793
4264 4057 9965
4057 4264 9965
9965 4057 4264
4097 12023 13967
13967 4097 12023
12023 4097 13967
3561 2375 6058
6058 2375 3561
2375 3561 6058
8008 646 12075
12075 646 8008
646 8008 12075
9887 3679 9005
3679 9005 9887
9005 3679 9887
13715 3342 14726
14726 3342 13715
3342 13715 14726
2487 1092 14388
1092 2487 14388
14388 1092 2487
2106 13154 14214
13154 2106 14214
14214 2106 13154
544 6286 11986
6286 544 11986
11986 544 6286
7371 3841 7498
7498 3841 7371
3841 7371 7498
4804 4243 7468
4243 4804 7468
7468 4243 4804
14525 3358 9497
3358 9497 14525
9497 3358 14525
14188 2090 2349
2349 2090 14188
2090 2349 14188
10972 7027 7110
7110 7027 10972
7027 7110 10972
4334 5558 10942
5558 4334 10942
10942 4334 5558
12754 7276 8513
7276 8513 12754
8513 7276 12754
14721 2682 8719
2682 8719 14721
8719 2682 14721
2235 4671 4957
4671 2235 4957
4957 2235 4671
1161 5035 10451
5035 1161 10451
10451 1161 5035
14460 3778 4524
3778 4524 14460
4524 3778 14460
10788 5636 14121
5636 10788 14121
14121 5636 10788
13467 2438 6934
2438 6934 13467
6934 2438 13467
14329 6064 11770
6064 11770 14329
11770 6064 14329
2322 706 5296
706 2322 5296
5296 706 2322
8232 8444 10080
10080 8232 8444
8444 8232 10080
9897 2641 8022
8022 2641 9897
2641 8022 9897
6462 3045 3655
3045 3655 6462
3655 3045 6462
11420 7978 9896
9896 7978 11420
7978 9896 11420
150 10029 11502
10029 150 11502
11502 150 10029
5860 1205 13261
1205 5860 13261
13261 1205 5860
309 2816 8870
8870 309 2816
2816 309 8870
5660 3790 13017
13017 3790 5660
3790 5660 13017
12377 5572 6681
6681 5572 12377
5572 6681 12377
8840 5445 7218
7218 5445 8840
5445 7218 8840
650 2701 3798
2701 650 3798
3798 650 2701
10675 7546 13251
7546 10675 13251
13251 7546 10675
5951 4551 4889
4889 4551 5951
4551 4889 5951
12668 8194 11836
11836 8194 12668
8194 11836 12668
10912 315 2648
2648 315 10912
315 2648 10912
13786 496 11660
11660 496 13786
496 11660 13786
13384 10996 12695
10996 12695 13384
12695 10996 13384
4065 3588 9708
9708 3588 4065
3588 4065 9708
5378 13130 13906
13130 5378 13906
13906 5378 13130
12573 11 6972
11 6972 12573
6972 11 12573
6820 5042 12519
5042 6820 12519
12519 5042 6820
13667 4395 8938
4395 8938 13667
8938 4395 13667
9100 3086 3705
3705 3086 9100
3086 3705 9100
9684 8617 9411
8617 9411 9684
9411 8617 9684
9095 2720 9186
9186 2720 9095
2720 9095 9186
12640 3863 10323
10323 3863 12640
3863 10323 12640
10165 2588 5368
2588 5368 10165
5368 2588 10165
14294 2623 13894
2623 13894 14294
13894 2623 14294
14741 300 6514
6514 300 14741
300 6514 14741
3688 5391 12617
12617 3688 5391
5391 3688 12617
11468 757 13781
13781 757 11468
757 11468 13781
8312 5183 12181
12181 5183 8312
5183 8312 12181
3930 2752 11444
11444 2752 3930
2752 3930 11444
1697 7333 11155
11155 1697 7333
7333 1697 11155
5106 3929 14816
14816 3929 5106
3929 5106 14816
9464 633 1681
1681 633 9464
633 1681 9464
14504 2971 12430
12430 2971 14504
2971 12430 14504
6533 1383 13787
1383 6533 13787
13787 1383 6533
12146 6796 9140
6796 9140 12146
9140 6796 12146
6768 7827 9972
7827 6768 9972
9972 6768 7827
9222 1430 6668
6668 1430 9222
1430 6668 9222
13918 7714 9865
9865 7714 13918
7714 9865 13918
3750 4756 8935
4756 3750 8935
8935 3750 4756
9088 1242 2562
1242 2562 9088
2562 1242 9088
4345 11862 13684
11862 4345 13684
13684 4345 11862
12135 5628 5663
5663 5628 12135
5628 5663 12135
7429 5458 12005
5458 7429 12005
12005 5458 7429
4066 10423 13717
13717 4066 10423
10423 4066 13717
564 3383 6739
6739 564 3383
3383 564 6739
12914 13415 14948
13415 12914 14948
14948 12914 13415
2695 9561 9652
9561 2695 9652
9652 2695 9561
8932 4195 14587
14587 4195 8932
4195 8932 14587
13038 10612 12422
10612 12422 13038
12422 10612 13038
434 13223 14885
14885 434 13223
13223 434 14885
3032 96 4047
96 3032 4047
4047 96 3032
10856 4469 6272
4469 6272 10856
6272 4469 10856
7237 4513 12495
4513 7237 12495
12495 4513 7237
251 3343 6407
6407 251 3343
3343 251 6407
9724 10489 11189
11189 9724 10489
10489 9724 11189
10890 7439 7817
7439 7817 10890
7817 7439 10890
5988 3237 10036
3237 5988 10036
10036 3237 5988
12444 3485 13557
13557 3485 12444
3485 12444 13557
11219 2343 12103
2343 11219 12103
12103 2343 11219
4881 11336 14879
14879 4881 11336
11336 4881 14879
9541 4335 6142
6142 4335 9541
4335 6142 9541
3051 6664 12584
6664 3051 12584
12584 3051 6664
9220 6508 7709
7709 6508 9220
6508 7709 9220
9021 3235 4159
3235 4159 9021
4159 3235 9021
11540 4011 14052
14052 4011 11540
4011 11540 14052
1869 5626 12986
5626 1869 12986
12986 1869 5626
12280 6569 7193
6569 7193 12280
7193 6569 12280
6242 2463 12432
12432 2463 6242
2463 6242 12432
14447 8549 9952
8549 9952 14447
9952 8549 14447
5291 3378 3718
3378 3718 5291
3718 3378 5291
10882 4522 8338
8338 4522 10882
4522 8338 10882
14988 4002 14593
14593 4002 14988
4002 14593 14988
11620 8820 11488
11488 8820 11620
8820 11488 11620
14136 2688 7919
7919 2688 14136
2688 7919 14136
14695 955 6174
955 6174 14695
6174 955 14695
7947 5459 6371
5459 6371 7947
6371 5459 7947
7487 3753 5580
5580 3753 7487
3753 5580 7487
10449 4260 6892
4260 6892 10449
6892 4260 10449
6390 942 10151
942 6390 10151
10151 942 6390
11603 3745 4182
4182 3745 11603
3745 4182 11603
10061 9209 12051
9209 10061 12051
12051 9209 10061
5785 6635 8509
6635 5785 8509
8509 5785 6635
8778 2043 3457
3457 2043 8778
2043 3457 8778
12058 2859 11137
11137 2859 12058
2859 11137 12058
5122 1246 1762
1762 1246 5122
1246 1762 5122
12173 5307 12583
12583 5307 12173
5307 12173 12583
11940 8315 12904
12904 8315 11940
8315 11940 12904
9908 3417 9057
9057 3417 9908
3417 9057 9908
4298 1549 9447
1549 4298 9447
9447 1549 4298
11948 3054 5890
5890 3054 11948
3054 5890 11948
9759 9735 13160
9735 9759 13160
13160 9735 9759
7185 2686 9492
2686 7185 9492
9492 2686 7185
10409 8520 14268
8520 10409 14268
14268 8520 10409
2911 1952 8212
8212 1952 2911
1952 2911 8212
4505 2948 13380
2948 4505 13380
13380 2948 4505
13437 6601 11702
6601 11702 13437
11702 6601 13437
5143 3028 14073
14073 3028 5143
3028 5143 14073
5982 867 1937
1937 867 5982
867 1937 5982
2652 654 8803
8803 654 2652
654 2652 8803
1120 10930 14498
10930 1120 14498
14498 1120 10930
13324 6457 12868
6457 12868 13324
12868 6457 13324
10789 2545 4010
4010 2545 10789
2545 4010 10789
8309 7245 13344
7245 8309 13344
13344 7245 8309
1557 973 6547
6547 973 1557
973 1557 6547
6040 3772 12639
3772 6040 12639
12639 3772 6040
13475 2910 2943
2943 2910 13475
2910 2943 13475
13469 5489 7891
7891 5489 13469
5489 7891 13469
6610 11493 12326
11493 6610 12326
12326 6610 11493
12672 7623 11255
7623 11255 12672
11255 7623 12672
14777 4430 6962
4430 6962 14777
6962 4430 14777
776 922 930
922 776 930
930 776 922
13562 582 13838
582 13562 13838
13838 582 13562
10470 6187 8333
8333 6187 10470
6187 8333 10470
14182 11481 14746
11481 14182 14746
14746 11481 14182
11775 4811 12953
12953 4811 11775
4811 11775 12953
223 3279 13352
3279 223 13352
13352 223 3279
12399 3644 14194
3644 12399 14194
14194 3644 12399
12768 5231 10684
5231 10684 12768
10684 5231 12768
10020 10415 13725
13725 10020 10415
10415 10020 13725
10304 1615 12039
1615 10304 12039
12039 1615 10304
7570 3557 4043
4043 3557 7570
3557 4043 7570
13515 9798 14418
14418 9798 13515
9798 13515 14418
8598 1815 8097
1815 8097 8598
8097 1815 8598
2069 1400 8461
8461 1400 2069
1400 2069 8461
10133 39 11639
11639 39 10133
39 10133 11639
473 833 1481
833 473 1481
1481 473 833
8130 3659 8154
3659 8130 8154
8154 3659 8130
7145 2462 12269
2462 7145 12269
12269 2462 7145
6456 9227 9985
9985 6456 9227
9227 6456 9985
5759 2278 14778
14778 2278 5759
2278 5759 14778
2395 1817 10922
10922 1817 2395
1817 2395 10922
13342 4771 12285
12285 4771 13342
4771 12285 13342
6396 8612 10558
10558 6396 8612
8612 6396 10558
10283 5975 12896
12896 5975 10283
5975 10283 12896
9980 4675 6028
4675 6028 9980
6028 4675 9980
6711 1737 14280
14280 1737 6711
1737 6711 14280
11091 7134 11804
11804 7134 11091
7134 11091 11804
13549 3921 7127
7127 3921 13549
3921 7127 13549
11731 118 7081
118 7081 11731
7081 118 11731
8861 446 13165
13165 446 8861
446 8861 13165
13986 11695 13737
13737 11695 13986
11695 13737 13986
13972 7793 14959
14959 7793 13972
7793 13972 14959
1306 4604 8420
4604 1306 8420
8420 1306 4604
6368 673 5142
673 5142 6368
5142 673 6368
12257 12353 14828
12353 12257 14828
14828 12257 12353
13248 2246 5430
5430 2246 13248
2246 5430 13248
4773 10241 11122
10241 4773 11122
11122 4773 10241
7745 4199 13366
4199 7745 13366
13366 4199 7745
5128 2771 9016
2771 5128 9016
9016 2771 5128
2903 7322 13648
7322 2903 13648
13648 2903 7322
1865 7516 8564
8564 1865 7516
7516 1865 8564
10841 2700 12170
2700 10841 12170
12170 2700 10841
14665 7903 13327
7903 13327 14665
13327 7903 14665
4919 8088 12419
8088 4919 12419
12419 4919 8088
8839 3676 11457
3676 8839 11457
11457 3676 8839
3937 5054 14892
5054 3937 14892
14892 3937 5054
11859 1258 9135
1258 9135 11859
9135 1258 11859
1178 3667 5354
5354 1178 3667
3667 1178 5354
13136 8432 9004
9004 8432 13136
8432 9004 13136
13307 2298 4583
4583 2298 13307
2298 4583 13307
14115 5650 11087
5650 11087 14115
11087 5650 14115
7789 9806 13137
9806 7789 13137
13137 7789 9806
7568 5953 11148
5953 7568 11148
11148 5953 7568
14049 1996 4863
1996 4863 14049
4863 1996 14049
6069 1983 7728
7728 1983 6069
1983 6069 7728
11995 1532 7863
1532 7863 11995
7863 1532 11995
10300 13951 14944
13951 10300 14944
14944 10300 13951
12481 10082 12205
10082 12205 12481
12205 10082 12481
6818 3792 10145
10145 3792 6818
3792 6818 10145
6961 398 10503
10503 398 6961
398 6961 10503
2064 2878 12841
2878 2064 12841
12841 2064 2878
2612 1464 6921
6921 1464 2612
1464 2612 6921
8165 11524 13272
11524 8165 13272
13272 8165 11524
5722 3524 5690
3524 5690 5722
5690 3524 5722
9563 14131 14239
14239 9563 14131
14131 9563 14239
9067 5161 8712
8712 5161 9067
5161 8712 9067
13595 9107 9457
9457 9107 13595
9107 9457 13595
12298 1724 13917
13917 1724 12298
1724 12298 13917
8373 3872 12109
12109 3872 8373
3872 8373 12109
13528 2710 11123
11123 2710 13528
2710 11123 13528
13743 6364 7497
7497 6364 13743
6364 7497 13743
4689 6247 13854
6247 4689 13854
13854 4689 6247
3184 6788 12629
6788 3184 12629
12629 3184 6788
11480 526 10725
526 10725 11480
10725 526 11480
1032 804 12388
804 1032 12388
12388 804 1032
148 100 10598
10598 100 148
100 148 10598
8075 8975 12783
12783 8075 8975
8975 8075 12783
938 5144 6002
5144 938 6002
6002 938 5144
1650 13859 14638
14638 1650 13859
13859 1650 14638
4550 2581 3381
3381 2581 4550
2581 3381 4550
34 8452 14582
8452 34 14582
14582 34 8452
11017 10181 14422
10181 11017 14422
14422 10181 11017
276 9633 9981
9633 276 9981
9981 276 9633
10468 3179 6487
3179 6487 10468
6487 3179 10468
2445 6190 14275
6190 2445 14275
14275 2445 6190
7984 5293 13150
5293 7984 13150
13150 5293 7984
6565 8203 14840
14840 6565 8203
8203 6565 14840
6696 2044 14645
14645 2044 6696
2044 6696 14645
3839 11490 13766
11490 3839 13766
13766 3839 11490
13529 9635 12984
12984 9635 13529
9635 12984 13529
5214 4803 13180
13180 4803 5214
4803 5214 13180
1611 4823 5545
5545 1611 4823
4823 1611 5545
1890 3296 13126
3296 1890 13126
13126 1890 3296
3204 6026 7626
6026 3204 7626
7626 3204 6026
6039 464 3574
464 3574 6039
3574 464 6039
3440 1803 4354
1803 3440 4354
4354 1803 3440
12899 10560 14020
14020 10560 12899
10560 12899 14020
2000 13828 14764
13828 2000 14764
14764 2000 13828
2796 6990 7602
7602 2796 6990
6990 2796 7602
8718 10299 11208
11208 8718 10299
10299 8718 11208
11194 272 11061
272 11061 11194
11061 272 11194
14067 11521 13955
11521 13955 14067
13955 11521 14067
3512 3973 10535
3973 3512 10535
10535 3512 3973
6833 2238 11927
11927 2238 6833
2238 6833 11927
5514 3309 9179
3309 5514 9179
9179 3309 5514
2813 2861 8665
8665 2813 2861
2861 2813 8665
1858 8835 9010
8835 1858 9010
9010 1858 8835
1544 5501 9655
5501 1544 9655
9655 1544 5501
8902 50 12574
12574 50 8902
50 8902 12574
5220 10506 11300
10506 5220 11300
11300 5220 10506
66 1928 3313
3313 66 1928
1928 66 3313
4926 3369 14501
14501 3369 4926
3369 4926 14501
14664 11086 13687
11086 13687 14664
13687 11086 14664
14567 5780 7629
5780 7629 14567
7629 5780 14567
14082 5004 9533
9533 5004 14082
5004 9533 14082
10908 9843 12792
9843 10908 12792
12792 9843 10908
14538 1516 6369
6369 1516 14538
1516 6369 14538
5548 6155 12305
6155 5548 12305
12305 5548 6155
7493 3178 11033
3178 7493 11033
11033 3178 7493
4105 7972 13910
13910 4105 7972
7972 4105 13910
13461 11029 14269
11029 13461 14269
14269 11029 13461
4564 5544 12553
12553 4564 5544
5544 4564 12553
9448 10704 10814
10814 9448 10704
10704 9448 10814
2789 4832 13420
4832 2789 13420
13420 2789 4832
14238 2791 8270
2791 8270 14238
8270 2791 14238
5309 9432 14643
14643 5309 9432
9432 5309 14643
6281 9064 10379
10379 6281 9064
9064 6281 10379
13693 640 9877
640 9877 13693
9877 640 13693
4381 3928 14670
3928 4381 14670
14670 3928 4381
11644 5854 9033
5854 9033 11644
9033 5854 11644
9287 3580 8734
8734 3580 9287
3580 8734 9287
3108 11089 13706
13706 3108 11089
11089 3108 13706
686 4349 13411
13411 686 4349
4349 686 13411
1814 8006 10938
8006 1814 10938
10938 1814 8006
10694 1074 11393
1074 10694 11393
11393 1074 10694
10895 4530 9913
4530 9913 10895
9913 4530 10895
10867 3422 11485
11485 3422 10867
3422 10867 11485
5078 5869 9994
9994 5078 5869
5869 5078 9994
12651 554 8996
8996 554 12651
554 8996 12651
4531 2800 4948
4948 2800 4531
2800 4531 4948
10116 750 14407
750 10116 14407
14407 750 10116
806 6428 7759
6428 806 7759
7759 806 6428
8642 1580 13481
1580 8642 13481
13481 1580 8642
6282 8184 10844
10844 6282 8184
8184 6282 10844
4840 1365 1368
1365 1368 4840
1368 1365 4840
4616 13403 13485
13403 4616 13485
13485 4616 13403
9997 3617 6453
3617 6453 9997
6453 3617 9997
7046 763 1373
1373 763 7046
763 1373 7046
14277 5072 12227
5072 12227 14277
12227 5072 14277
11949 2357 7954
7954 2357 11949
2357 7954 11949
5707 10500 12539
12539 5707 10500
10500 5707 12539
9370 812 6942
6942 812 9370
812 6942 9370
5919 12682 14800
14800 5919 12682
12682 5919 14800
6092 11233 14854
11233 6092 14854
14854 6092 11233
2578 10474 10521
10521 2578 10474
10474 2578 10521
986 4722 13839
13839 986 4722
4722 986 13839
11160 7957 13156
13156 7957 11160
7957 11160 13156
10368 1252 3483
3483 1252 10368
1252 3483 10368
13575 4700 6107
4700 6107 13575
6107 4700 13575
14822 1267 11830
1267 11830 14822
11830 1267 14822
13810 4635 10485
4635 10485 13810
10485 4635 13810
746 236 13206
236 746 13206
13206 236 746
4981 4738 9854
4738 4981 9854
9854 4738 4981
6535 5117 14578
5117 6535 14578
14578 5117 6535
1058 75 11080
11080 75 1058
75 1058 11080
4029 12196 12433
12196 4029 12433
12433 4029 12196
9822 12108 13043
12108 9822 13043
13043 9822 12108
9144 3357 8401
8401 3357 9144
3357 8401 9144
12571 9001 11728
9001 11728 12571
11728 9001 12571
10402 1022 14881
14881 1022 10402
1022 10402 14881
5084 4216 10649
10649 4216 5084
4216 5084 10649
447 3491 13341
3491 447 13341
13341 447 3491
7255 10578 13769
13769 7255 10578
10578 7255 13769
6615 7373 14072
14072 6615 7373
7373 6615 14072
9252 3270 4940
3270 4940 9252
4940 3270 9252
93 3195 12106
12106 93 3195
3195 93 12106
5344 1310 6175
1310 5344 6175
6175 1310 5344
12993 7150 13069
13069 7150 12993
7150 12993 13069
725 11173 13231
11173 725 13231
13231 725 11173
5040 12258 12462
12258 5040 12462
12462 5040 12258
2905 12283 14009
14009 2905 12283
12283 2905 14009
12224 8091 11757
11757 8091 12224
8091 11757 12224
5783 1710 2711
2711 1710 5783
1710 2711 5783
12300 2415 11771
2415 11771 12300
11771 2415 12300
13560 737 11365
11365 737 13560
737 11365 13560
9225 5832 7048
7048 5832 9225
5832 7048 9225
5851 5510 7524
5510 5851 7524
7524 5510 5851
5723 1705 5337
1705 5337 5723
5337 1705 5723
4236 2636 10894
10894 2636 4236
2636 4236 10894
6787 2506 3080
3080 2506 6787
2506 3080 6787
9167 1933 2432
1933 2432 9167
2432 1933 9167
11924 6084 7730
6084 7730 11924
7730 6084 11924
5809 3328 12499
12499 3328 5809
3328 5809 12499
7519 675 2030
675 2030 7519
2030 675 7519
438 11323 14953
11323 438 14953
14953 438 11323
14574 6515 7733
6515 7733 14574
7733 6515 14574
7724 7612 12203
7612 7724 12203
12203 7612 7724
5062 11463 14867
11463 5062 14867
14867 5062 11463
10801 12256 12270
12256 10801 12270
12270 10801 12256
2809 1089 7155
7155 1089 2809
1089 2809 7155
12748 4194 4341
4341 4194 12748
4194 4341 12748
4495 822 3488
3488 822 4495
822 3488 4495
7983 8477 14100
14100 7983 8477
8477 7983 14100
2299 7032 13159
7032 2299 13159
13159 2299 7032
2997 621 7139
7139 621 2997
621 2997 7139
12069 10989 14208
14208 10989 12069
10989 12069 14208
5758 6887 11760
11760 5758 6887
6887 5758 11760
1529 3653 9929
3653 1529 9929
9929 1529 3653
5219 10318 10805
10805 5219 10318
10318 5219 10805
6419 213 7195
7195 213 6419
213 6419 7195
7204 5503 14382
14382 5503 7204
5503 7204 14382
13558 664 9697
664 9697 13558
9697 664 13558
10760 825 1927
825 1927 10760
1927 825 10760
2318 2881 12349
12349 2318 2881
2881 2318 12349
6773 4200 4828
4828 4200 6773
4200 4828 6773
14014 140 2835
2835 140 14014
140 2835 14014
5750 6426 9754
6426 5750 9754
9754 5750 6426
5237 404 7802
404 5237 7802
7802 404 5237
14263 4307 8107
8107 4307 14263
4307 8107 14263
6991 3539 12950
12950 3539 6991
3539 6991 12950
5643 1156 7148
1156 5643 7148
7148 1156 5643
13392 1343 12751
1343 12751 13392
12751 1343 13392
13036 10839 12777
10839 12777 13036
12777 10839 13036
8052 2675 13946
2675 8052 13946
13946 2675 8052
13457 2117 14600
14600 2117 13457
2117 13457 14600
5218 6671 7526
7526 5218 6671
6671 5218 7526
3503 3616 14894
3616 3503 14894
14894 3503 3616
10021 1533 5247
1533 5247 10021
5247 1533 10021
7175 1786 7473
7473 1786 7175
1786 7175 7473
10071 2956 6325
6325 2956 10071
2956 6325 10071
1670 1096 8614
8614 1096 1670
1096 1670 8614
1288 1364 11813
11813 1288 1364
1364 1288 11813
14861 8669 12834
8669 12834 14861
12834 8669 14861
1036 7580 14337
7580 1036 14337
14337 1036 7580
45 7205 11847
11847 45 7205
7205 45 11847
4110 5070 14318
5070 4110 14318
14318 4110 5070
9739 3901 9068
9068 3901 9739
3901 9068 9739
11652 1949 14366
1949 11652 14366
14366 1949 11652
6220 6433 9339
6433 6220 9339
9339 6220 6433
12526 2074 2498
2498 2074 12526
2074 2498 12526
5300 2139 2276
2276 2139 5300
2139 2276 5300
14127 275 12439
275 12439 14127
12439 275 14127
720 3724 10480
3724 720 10480
10480 720 3724
13561 2239 2401
2239 2401 13561
2401 2239 13561
4083 2348 9715
2348 4083 9715
9715 2348 4083
12646 257 11445
11445 257 12646
257 11445 12646
3166 5449 7952
5449 3166 7952
7952 3166 5449
6613 4554 10878
4554 6613 10878
10878 4554 6613
1658 7094 8206
7094 1658 8206
8206 1658 7094
5454 4782 8682
4782 5454 8682
8682 4782 5454
339 4553 13999
13999 339 4553
4553 339 13999
7806 7973 14666
7973 7806 14666
14666 7806 7973
5625 1738 14166
14166 1738 5625
1738 5625 14166
1550 937 11470
11470 937 1550
937 1550 11470
9499 2499 9842
9842 2499 9499
2499 9499 9842
13068 5699 14808
5699 13068 14808
14808 5699 13068
11217 2256 5915
5915 2256 11217
2256 5915 11217
14024 2471 10176
2471 10176 14024
10176 2471 14024
11174 11417 14088
14088 11174 11417
11417 11174 14088
13353 4830 14548
14548 4830 13353
4830 13353 14548
13175 6707 12252
12252 6707 13175
6707 12252 13175
11212 12473 14065
14065 11212 12473
12473 11212 14065
11051 7113 12830
12830 7113 11051
7113 11051 12830
7924 7610 9375
9375 7610 7924
7610 7924 9375
7638 247 7901
7901 247 7638
247 7638 7901
13220 6243 11143
11143 6243 13220
6243 11143 13220
2784 3135 6622
6622 2784 3135
3135 2784 6622
4685 266 5008
5008 266 4685
266 4685 5008
5778 1153 3001
1153 3001 5778
3001 1153 5778
12789 362 12603
362 12603 12789
12603 362 12789
67 2591 13583
13583 67 2591
2591 67 13583
12449 2556 6807
6807 2556 12449
2556 6807 12449
4052 8651 13306
13306 4052 8651
8651 4052 13306
5925 4 11424
11424 4 5925
4 5925 11424
13639 5395 12888
12888 5395 13639
5395 12888 13639
3049 1281 5595
1281 3049 5595
5595 1281 3049
14459 3301 9117
9117 3301 14459
3301 9117 14459
4665 4695 8339
8339 4665 4695
4695 4665 8339
7933 8350 14148
14148 7933 8350
8350 7933 14148
10808 10222 11397
10222 10808 11397
11397 10222 10808
1944 613 6184
6184 613 1944
613 1944 6184
4911 54 5808
54 4911 5808
5808 54 4911
3356 11673 13145
13145 3356 11673
11673 3356 13145
11495 11845 14738
11845 11495 14738
14738 11495 11845
12793 2254 10911
10911 2254 12793
2254 10911 12793
1840 696 7228
696 1840 7228
7228 696 1840
1470 2052 5051
5051 1470 2052
2052 1470 5051
13590 2927 11801
2927 11801 13590
11801 2927 13590
14355 1597 10173
10173 1597 14355
1597 10173 14355
3062 4399 13736
4399 3062 13736
13736 3062 4399
7543 5531 9731
9731 5531 7543
5531 7543 9731
7414 10384 10977
10384 7414 10977
10977 7414 10384
11893 6555 13680
6555 11893 13680
13680 6555 11893
8563 8076 9419
8076 8563 9419
9419 8076 8563
11805 4141 12480
4141 11805 12480
12480 4141 11805
5928 4276 5533
5533 4276 5928
4276 5533 5928
8869 9323 10198
10198 8869 9323
9323 8869 10198
6101 6526 11303
6526 6101 11303
11303 6101 6526
12044 3291 11449
3291 11449 12044
11449 3291 12044
7691 332 5435
5435 332 7691
332 5435 7691
12503 2302 3441
3441 2302 12503
2302 3441 12503
3225 4073 14551
4073 3225 14551
14551 3225 4073
915 7440 12445
7440 915 12445
12445 915 7440
4386 11835 13447
13447 4386 11835
11835 4386 13447
641 4871 7769
7769 641 4871
4871 641 7769
5364 1773 8506
8506 1773 5364
1773 5364 8506
4418 5123 13886
13886 4418 5123
5123 4418 13886
4331 665 4358
665 4331 4358
4358 665 4331
7621 2429 11537
2429 7621 11537
11537 2429 7621
14869 2250 9218
2250 9218 14869
9218 2250 14869
10859 11404 14880
14880 10859 11404
11404 10859 14880
8189 4660 7454
7454 4660 8189
4660 7454 8189
14321 5048 9878
5048 9878 14321
9878 5048 14321
11934 10352 12699
10352 11934 12699
12699 10352 11934
8528 3948 6748
3948 6748 8528
6748 3948 8528
250 2203 12067
2203 250 12067
12067 250 2203
547 1540 3142
3142 547 1540
1540 547 3142
297 5671 8708
8708 297 5671
5671 297 8708
9505 6538 12077
12077 6538 9505
6538 9505 12077
7856 9998 11999
9998 7856 11999
11999 7856 9998
3615 5701 7399
5701 3615 7399
7399 3615 5701
9194 9636 13385
9636 9194 13385
13385 9194 9636
2150 2571 13998
13998 2150 2571
2571 2150 13998
2693 3631 4589
3631 2693 4589
4589 2693 3631
10819 733 13959
733 10819 13959
13959 733 10819
6586 7261 8180
7261 6586 8180
8180 6586 7261
6502 56 14102
14102 56 6502
56 6502 14102
4654 2644 5954
2644 4654 5954
5954 2644 4654
2313 819 6379
819 2313 6379
6379 819 2313
5234 1806 13628
13628 1806 5234
1806 5234 13628
3286 3533 6814
6814 3286 3533
3533 3286 6814
2865 3458 13882
3458 2865 13882
13882 2865 3458
1061 742 5286
5286 742 1061
742 1061 5286
2420 4724 14983
4724 2420 14983
14983 2420 4724
9056 2071 5789
2071 5789 9056
5789 2071 9056
12591 798 4661
798 4661 12591
4661 798 12591
1118 5733 13144
5733 1118 13144
13144 1118 5733
8379 949 10262
949 8379 10262
10262 949 8379
6268 7240 7997
7240 6268 7997
7997 6268 7240
11004 7496 10307
10307 7496 11004
7496 10307 11004
9851 8185 10263
8185 9851 10263
10263 8185 9851
4164 1991 2283
1991 2283 4164
2283 1991 4164
9640 5686 10747
5686 9640 10747
10747 5686 9640
13174 2008 8781
2008 8781 13174
8781 2008 13174
2592 9452 14516
9452 2592 14516
14516 2592 9452
3808 9828 9883
9883 3808 9828
9828 3808 9883
3061 2489 3879
2489 3061 3879
3879 2489 3061
5423 993 5343
993 5343 5423
5343 993 5423
11785 3962 8903
3962 8903 11785
8903 3962 11785
3174 7212 8723
7212 3174 8723
8723 3174 7212
7575 1404 6544
1404 6544 7575
6544 1404 7575
14142 6652 14919
14919 6652 14142
6652 14142 14919
13076 2097 12722
12722 2097 13076
2097 12722 13076
11648 5627 11289
11289 5627 11648
5627 11289 11648
9600 766 7632
7632 766 9600
766 7632 9600
6200 5405 7385
7385 5405 6200
5405 6200 7385
8928 6035 8378
8378 6035 8928
6035 8378 8928
4000 643 11013
11013 643 4000
643 4000 11013
6848 1602 2705
1602 2705 6848
2705 1602 6848
386 9845 10501
10501 386 9845
9845 386 10501
4601 2544 4448
4448 2544 4601
2544 4448 4601
14710 1936 8630
8630 1936 14710
1936 8630 14710
7304 1025 10247
1025 7304 10247
10247 1025 7304
12016 584 1617
584 1617 12016
1617 584 12016
10058 6982 12234
12234 6982 10058
6982 10058 12234
5541 6306 8756
8756 5541 6306
6306 5541 8756
7282 4289 12900
12900 4289 7282
4289 7282 12900
11113 4986 7109
4986 7109 11113
7109 4986 11113
8715 6915 14762
14762 6915 8715
6915 8715 14762
2730 6472 10097
6472 2730 10097
10097 2730 6472
13382 4915 8157
4915 8157 13382
8157 4915 13382
7043 4056 14147
4056 7043 14147
14147 4056 7043
8742 427 9946
9946 427 8742
427 8742 9946
9322 3499 6266
3499 6266 9322
6266 3499 9322
5811 4112 5827
4112 5811 5827
5827 4112 5811
10275 293 4812
293 4812 10275
4812 293 10275
4362 195 367
367 195 4362
195 367 4362
8819 5909 11593
11593 5909 8819
5909 8819 11593
10143 13361 13861
13361 10143 13861
13861 10143 13361
4989 392 14369
392 4989 14369
14369 392 4989
3601 6776 9869
9869 3601 6776
6776 3601 9869
5339 11584 13544
11584 5339 13544
13544 5339 11584
11161 9514 13620
13620 9514 11161
9514 11161 13620
8848 5330 6275
5330 6275 8848
6275 5330 8848
9989 8113 9133
8113 9133 9989
9133 8113 9989
11333 8767 10943
10943 8767 11333
8767 10943 11333
14297 6332 7416
7416 6332 14297
6332 7416 14297
6587 10833 13330
13330 6587 10833
10833 6587 13330
9834 12773 14928
12773 9834 14928
14928 9834 12773
1864 11508 12600
12600 1864 11508
11508 1864 12600
14206 3473 11724
11724 3473 14206
3473 11724 14206
12612 9830 12152
9830 12152 12612
12152 9830 12612
8991 7095 9580
7095 8991 9580
9580 7095 8991
3734 3321 5452
3321 3734 5452
5452 3321 3734
5028 2669 6678
6678 2669 5028
2669 5028 6678
6265 4365 7294
4365 6265 7294
7294 4365 6265
12554 6842 7003
7003 6842 12554
6842 7003 12554
1832 11297 11434
11297 1832 11434
11434 1832 11297
14374 1709 8646
8646 1709 14374
1709 8646 14374
6995 4104 12490
4104 6995 12490
12490 4104 6995
1390 12803 13874
13874 1390 12803
12803 1390 13874
628 4967 9634
9634 628 4967
4967 628 9634
14694 2213 14103
14103 2213 14694
2213 14103 14694
13112 5382 13114
13114 5382 13112
5382 13112 13114
14083 1069 13356
13356 1069 14083
1069 13356 14083
8094 6546 10846
6546 8094 10846
10846 6546 8094
13041 642 3918
3918 642 13041
642 3918 13041
2107 913 14850
913 2107 14850
14850 913 2107
8960 2015 10490
10490 2015 8960
2015 8960 10490
12853 9173 14991
14991 9173 12853
9173 12853 14991
10687 3227 8264
3227 8264 10687
8264 3227 10687
9320 3226 8251
3226 8251 9320
8251 3226 9320
3784 2500 4174
2500 3784 4174
4174 2500 3784
10012 3642 11055
3642 10012 11055
11055 3642 10012
868 8581 12864
8581 868 12864
12864 868 8581
14367 1628 2565
2565 1628 14367
1628 2565 14367
663 7587 10613
7587 663 10613
10613 663 7587
14900 7574 14539
7574 14539 14900
14539 7574 14900
13827 1969 5369
5369 1969 13827
1969 5369 13827
6937 9019 9683
9683 6937 9019
9019 6937 9683
10150 5488 12540
12540 5488 10150
5488 10150 12540
10857 4715 5025
5025 4715 10857
4715 5025 10857
12236 343 14058
343 12236 14058
14058 343 12236
12720 6680 8972
6680 8972 12720
8972 6680 12720
12213 3134 13314
13314 3134 12213
3134 12213 13314
6849 5130 14577
14577 5130 6849
5130 6849 14577
7633 856 4311
856 4311 7633
4311 856 7633
6416 10148 10448
10448 6416 10148
10148 6416 10448
12072 5734 13627
13627 5734 12072
5734 12072 13627
461 9420 10540
10540 461 9420
9420 461 10540
10639 216 12191
216 10639 12191
12191 216 10639
6847 1739 11717
1739 6847 11717
11717 1739 6847
8173 767 4233
4233 767 8173
767 4233 8173
4120 5093 14813
14813 4120 5093
5093 4120 14813
2540 631 3975
631 2540 3975
3975 631 2540
237 2998 8112
8112 237 2998
2998 237 8112
277 1598 11185
1598 277 11185
11185 277 1598
10190 1420 11396
1420 10190 11396
11396 1420 10190
10454 3090 14612
3090 10454 14612
14612 3090 10454
10594 4128 10602
10602 4128 10594
4128 10594 10602
4094 2696 7084
7084 2696 4094
2696 4094 7084
728 5521 14804
14804 728 5521
5521 728 14804
944 6202 9776
9776 944 6202
6202 944 9776
2647 9062 9433
9433 2647 9062
9062 2647 9433
7752 3936 11900
11900 3936 7752
3936 7752 11900
6172 3293 4571
3293 4571 6172
4571 3293 6172
8906 2728 8654
8654 2728 8906
2728 8654 8906
9885 5063 12638
5063 9885 12638
12638 5063 9885
4525 1445 13389
13389 1445 4525
1445 4525 13389
4860 2309 6342
6342 2309 4860
2309 4860 6342
14652 1636 10003
10003 1636 14652
1636 10003 14652
8031 111 296
111 296 8031
296 111 8031
9664 2284 3632
2284 3632 9664
3632 2284 9664
5907 7482 11050
7482 5907 11050
11050 5907 7482
7639 2042 13564
2042 7639 13564
13564 2042 7639
1387 5316 10102
5316 1387 10102
10102 1387 5316
1300 2295 2485
2485 1300 2295
2295 1300 2485
8841 2511 13089
13089 2511 8841
2511 8841 13089
5757 7284 12387
12387 5757 7284
7284 5757 12387
10951 1149 5438
5438 1149 10951
1149 5438 10951
11357 811 9462
811 9462 11357
9462 811 11357
13976 4617 9526
9526 4617 13976
4617 9526 13976
13254 1475 10605
1475 10605 13254
10605 1475 13254
11386 166 5206
5206 166 11386
166 5206 11386
4502 4412 13085
4412 4502 13085
13085 4412 4502
1515 1746 14440
14440 1515 1746
1746 1515 14440
13763 8738 12436
8738 12436 13763
12436 8738 13763
5431 7494 14074
14074 5431 7494
7494 5431 14074
8014 9484 14055
9484 8014 14055
14055 8014 9484
5259 4891 7277
4891 5259 7277
7277 4891 5259
13635 2481 8536
2481 8536 13635
8536 2481 13635
1012 662 12767
662 1012 12767
12767 662 1012
3577 2706 9820
2706 3577 9820
9820 2706 3577
10887 9340 13103
13103 9340 10887
9340 10887 13103
14936 2229 8099
2229 8099 14936
8099 2229 14936
1407 6447 6735
6735 1407 6447
6447 1407 6735
8856 9090 10740
10740 8856 9090
9090 8856 10740
11159 4460 10662
10662 4460 11159
4460 10662 11159
1909 5457 14486
14486 1909 5457
5457 1909 14486
3782 8148 14619
8148 3782 14619
14619 3782 8148
9656 79 11549
11549 79 9656
79 9656 11549
5455 753 14264
753 5455 14264
14264 753 5455
10377 12576 13542
13542 10377 12576
12576 10377 13542
