103072 56219 92046
92046 56219 103072
56219 92046 103072
61242 17 3532
3532 17 61242
17 3532 61242
19794 4994 78381
78381 4994 19794
4994 19794 78381
105960 9098 13512
9098 13512 105960
13512 9098 105960
51354 2232 79064
2232 51354 79064
79064 2232 51354
112850 51005 51563
51563 51005 112850
51005 51563 112850
84949 74956 134869
134869 74956 84949
74956 84949 134869
19392 33945 121909
121909 19392 33945
33945 19392 121909
92246 104475 109263
104475 92246 109263
109263 92246 104475
79099 69 96049
96049 69 79099
69 79099 96049
108201 71576 103293
71576 103293 108201
103293 71576 108201
63839 80346 119510
80346 63839 119510
119510 63839 80346
19721 62140 140754
62140 19721 140754
140754 19721 62140
91775 71862 74790
71862 74790 91775
74790 71862 91775
34608 106432 113065
113065 34608 106432
106432 34608 113065
128525 99161 101540
99161 101540 128525
101540 99161 128525
83435 73631 134124
134124 73631 83435
73631 83435 134124
128453 26642 36804
36804 26642 128453
26642 36804 128453
132728 50557 99987
50557 99987 132728
99987 50557 132728
92927 61313 111714
111714 61313 92927
61313 92927 111714
17536 9257 63196
9257 17536 63196
63196 9257 17536
114425 21624 89721
89721 21624 114425
21624 89721 114425
90435 39197 141210
39197 90435 141210
141210 39197 90435
132478 22530 35640
22530 35640 132478
35640 22530 132478
2313 65805 94333
94333 2313 65805
65805 2313 94333
60510 49365 121107
121107 49365 60510
49365 60510 121107
107461 113818 132636
113818 107461 132636
132636 107461 113818
103053 70280 116719
70280 103053 116719
116719 70280 103053
109021 112116 117977
112116 109021 117977
117977 109021 112116
17540 31148 81095
31148 17540 81095
81095 17540 31148
124466 102960 137827
102960 124466 137827
137827 102960 124466
137249 68204 141068
68204 137249 141068
141068 68204 137249
145342 56687 130180
56687 130180 145342
130180 56687 145342
53692 108383 123241
123241 53692 108383
108383 53692 123241
121981 107405 115458
115458 107405 121981
107405 115458 121981
137803 82512 102384
102384 82512 137803
82512 102384 137803
72865 21468 52197
52197 21468 72865
21468 52197 72865
70094 77693 112952
77693 70094 112952
112952 70094 77693
102877 4706 36704
36704 4706 102877
4706 36704 102877
97525 94184 133953
133953 94184 97525
94184 97525 133953
76972 104243 142955
142955 76972 104243
104243 76972 142955
70441 4126 117213
4126 70441 117213
117213 4126 70441
126846 41419 72516
41419 72516 126846
72516 41419 126846
87179 31590 148290
31590 87179 148290
148290 31590 87179
140173 9452 48542
48542 9452 140173
9452 48542 140173
36321 20369 102668
20369 36321 102668
102668 20369 36321
123467 119308 129878
129878 119308 123467
119308 123467 129878
66629 27187 96959
96959 27187 66629
27187 66629 96959
34032 41195 141450
141450 34032 41195
41195 34032 141450
91507 97387 132522
97387 91507 132522
132522 91507 97387
54813 52131 92373
92373 52131 54813
52131 54813 92373
39246 24340 109400
109400 24340 39246
24340 39246 109400
109456 81885 113527
113527 81885 109456
81885 109456 113527
46003 72664 87996
72664 46003 87996
87996 46003 72664
6557 73345 123469
123469 6557 73345
73345 6557 123469
129496 106715 109866
109866 106715 129496
106715 109866 129496
52022 15784 77516
15784 52022 77516
77516 15784 52022
135182 32114 72355
32114 72355 135182
72355 32114 135182
13351 102128 138008
102128 13351 138008
138008 13351 102128
65812 36043 149664
36043 65812 149664
149664 36043 65812
127612 14690 54898
14690 54898 127612
54898 14690 127612
76485 4403 145516
145516 4403 76485
4403 76485 145516
122912 123352 129422
129422 122912 123352
123352 122912 129422
14845 74516 112139
112139 14845 74516
74516 14845 112139
73970 48794 53720
48794 53720 73970
53720 48794 73970
89310 2234 41122
41122 2234 89310
2234 41122 89310
103045 92730 140829
140829 92730 103045
92730 103045 140829
95910 31609 138574
138574 31609 95910
31609 95910 138574
74951 26976 136630
26976 74951 136630
136630 26976 74951
24746 128339 140171
140171 24746 128339
128339 24746 140171
87804 42781 123128
42781 87804 123128
123128 42781 87804
57438 44958 135781
135781 44958 57438
44958 57438 135781
125807 97162 107129
107129 97162 125807
97162 107129 125807
34983 45411 74332
74332 34983 45411
45411 34983 74332
22319 11436 76151
76151 11436 22319
11436 22319 76151
125461 104510 143785
104510 125461 143785
143785 104510 125461
4075 57232 145240
145240 4075 57232
57232 4075 145240
41 72836 133311
72836 41 133311
133311 41 72836
130346 6277 112473
112473 6277 130346
6277 112473 130346
97419 50414 149713
50414 97419 149713
149713 50414 97419
9989 139412 143778
139412 9989 143778
143778 9989 139412
32554 59828 121396
59828 32554 121396
121396 32554 59828
38284 114681 116174
114681 38284 116174
116174 38284 114681
63493 20496 77704
20496 63493 77704
77704 20496 63493
115432 26806 50875
50875 26806 115432
26806 50875 115432
55727 935 37113
935 37113 55727
37113 935 55727
65258 68257 112491
68257 65258 112491
112491 65258 68257
138445 33585 51481
51481 33585 138445
33585 51481 138445
69033 86684 130843
130843 69033 86684
86684 69033 130843
30188 90582 143472
90582 30188 143472
143472 30188 90582
57851 55190 111863
55190 57851 111863
111863 55190 57851
143939 30629 65701
30629 65701 143939
65701 30629 143939
39906 32929 57238
32929 39906 57238
57238 32929 39906
136421 36580 84739
36580 84739 136421
84739 36580 136421
96366 22335 107827
22335 96366 107827
107827 22335 96366
127361 66052 145810
145810 66052 127361
66052 127361 145810
32407 9100 97927
9100 32407 97927
97927 9100 32407
103501 39570 105156
105156 39570 103501
39570 103501 105156
135996 71839 82459
71839 82459 135996
82459 71839 135996
79334 35992 107464
35992 79334 107464
107464 35992 79334
137113 36345 100868
100868 36345 137113
36345 100868 137113
35219 43946 88461
88461 35219 43946
43946 35219 88461
93843 112812 121102
112812 93843 121102
121102 93843 112812
111171 13193 129555
129555 13193 111171
13193 111171 129555
135000 37213 98161
98161 37213 135000
37213 98161 135000
109289 104907 142851
104907 109289 142851
142851 104907 109289
117747 41565 75750
75750 41565 117747
41565 75750 117747
50975 51783 67284
67284 50975 51783
51783 50975 67284
138907 42772 58541
42772 58541 138907
58541 42772 138907
16969 13978 25669
13978 16969 25669
25669 13978 16969
128070 838 107517
838 107517 128070
107517 838 128070
52923 44345 79790
44345 52923 79790
79790 44345 52923
63131 126573 133761
126573 63131 133761
133761 63131 126573
55751 93802 122738
122738 55751 93802
93802 55751 122738
12587 19526 136848
136848 12587 19526
19526 12587 136848
8534 103349 107173
103349 8534 107173
107173 8534 103349
14818 77762 126592
77762 14818 126592
126592 14818 77762
64937 25974 71870
25974 64937 71870
71870 25974 64937
80824 49241 76219
76219 49241 80824
49241 76219 80824
33025 39616 59620
39616 33025 59620
59620 33025 39616
62991 16395 115549
115549 16395 62991
16395 62991 115549
16397 119258 148897
119258 16397 148897
148897 16397 119258
92435 78366 142380
142380 78366 92435
78366 92435 142380
74611 14538 54504
14538 54504 74611
54504 14538 74611
5288 12011 96927
12011 5288 96927
96927 5288 12011
26587 1461 119483
119483 1461 26587
1461 26587 119483
5268 111578 117863
111578 5268 117863
117863 5268 111578
124246 97061 131478
97061 124246 131478
131478 97061 124246
113988 12139 75889
12139 75889 113988
75889 12139 113988
121274 2076 115083
115083 2076 121274
2076 115083 121274
98860 85499 110812
85499 98860 110812
110812 85499 98860
125974 10820 92411
92411 10820 125974
10820 92411 125974
116615 115321 139263
115321 116615 139263
139263 115321 116615
138814 4382 71138
71138 4382 138814
4382 71138 138814
83000 106555 128009
106555 83000 128009
128009 83000 106555
145123 55311 132906
132906 55311 145123
55311 132906 145123
12308 25360 33101
25360 12308 33101
33101 12308 25360
58546 53787 92003
53787 58546 92003
92003 53787 58546
12476 86116 93408
93408 12476 86116
86116 12476 93408
38007 124379 130395
130395 38007 124379
124379 38007 130395
79774 13080 92305
13080 79774 92305
92305 13080 79774
4283 94365 138752
94365 4283 138752
138752 4283 94365
96141 14640 79755
14640 79755 96141
79755 14640 96141
108050 18888 45496
18888 45496 108050
45496 18888 108050
34073 14859 52429
52429 14859 34073
14859 34073 52429
116843 70940 145784
145784 70940 116843
70940 116843 145784
101465 22110 37626
22110 37626 101465
37626 22110 101465
81700 26926 42762
26926 42762 81700
42762 26926 81700
107647 40505 77623
40505 77623 107647
77623 40505 107647
72284 49345 62395
62395 49345 72284
49345 62395 72284
25967 16422 104108
104108 16422 25967
16422 25967 104108
145195 53655 72867
72867 53655 145195
53655 72867 145195
132173 24325 61712
24325 61712 132173
61712 24325 132173
22111 111207 124984
111207 22111 124984
124984 22111 111207
88615 40451 148516
40451 88615 148516
148516 40451 88615
22739 111803 147046
111803 22739 147046
147046 22739 111803
73595 19509 31186
31186 19509 73595
19509 31186 73595
26569 20213 101536
20213 26569 101536
101536 20213 26569
107720 66832 135401
66832 107720 135401
135401 66832 107720
89177 64052 130462
64052 89177 130462
130462 64052 89177
82061 7049 144475
144475 7049 82061
7049 82061 144475
85772 36784 59913
59913 36784 85772
36784 59913 85772
21946 92324 104231
92324 21946 104231
104231 21946 92324
88832 45741 135018
135018 45741 88832
45741 88832 135018
131337 7715 89859
7715 89859 131337
89859 7715 131337
61826 56844 113290
56844 61826 113290
113290 56844 61826
100597 11455 116086
116086 11455 100597
11455 100597 116086
16129 23517 123971
23517 16129 123971
123971 16129 23517
81130 33584 104918
33584 81130 104918
104918 33584 81130
147228 76157 141276
76157 141276 147228
141276 76157 147228
124486 30012 110344
30012 110344 124486
110344 30012 124486
45681 119558 129473
129473 45681 119558
119558 45681 129473
54924 90089 131494
131494 54924 90089
90089 54924 131494
47054 78758 120213
120213 47054 78758
78758 47054 120213
21289 101761 115974
115974 21289 101761
101761 21289 115974
76429 19877 65095
19877 65095 76429
65095 19877 76429
145439 36576 96599
96599 36576 145439
36576 96599 145439
47804 84987 98178
98178 47804 84987
84987 47804 98178
100881 69912 94554
69912 94554 100881
94554 69912 100881
73782 11699 106592
11699 73782 106592
106592 11699 73782
133873 25811 120554
25811 120554 133873
120554 25811 133873
20640 137256 145749
145749 20640 137256
137256 20640 145749
7876 120440 140793
140793 7876 120440
120440 7876 140793
11496 124306 134094
124306 11496 134094
134094 11496 124306
71125 38589 138684
138684 38589 71125
38589 71125 138684
113382 44222 114723
114723 44222 113382
44222 113382 114723
46590 68154 128390
68154 46590 128390
128390 46590 68154
109756 87505 112024
87505 109756 112024
112024 87505 109756
2393 37489 66679
66679 2393 37489
37489 2393 66679
81709 90317 134872
134872 81709 90317
90317 81709 134872
42481 63138 68243
63138 42481 68243
68243 42481 63138
54299 67516 72698
72698 54299 67516
67516 54299 72698
119450 63943 95819
95819 63943 119450
63943 95819 119450
44505 84726 136175
84726 44505 136175
136175 44505 84726
115784 130451 132814
132814 115784 130451
130451 115784 132814
4510 63119 63582
63119 4510 63582
63582 4510 63119
127214 24110 145700
24110 127214 145700
145700 24110 127214
67673 97794 116290
116290 67673 97794
97794 67673 116290
136129 94866 99933
99933 94866 136129
94866 99933 136129
30029 33569 135575
135575 30029 33569
33569 30029 135575
3827 28416 48436
48436 3827 28416
28416 3827 48436
54769 138028 141342
138028 54769 141342
141342 54769 138028
7826 82900 134071
82900 7826 134071
134071 7826 82900
132955 29111 102005
102005 29111 132955
29111 102005 132955
46899 93847 135556
93847 46899 135556
135556 46899 93847
21500 84460 87807
87807 21500 84460
84460 21500 87807
18671 8499 106112
8499 18671 106112
106112 8499 18671
34387 8007 38687
38687 8007 34387
8007 34387 38687
210 107266 114073
114073 210 107266
107266 210 114073
58714 5996 142827
5996 58714 142827
142827 5996 58714
105065 53381 91354
91354 53381 105065
53381 91354 105065
131158 117423 133904
133904 117423 131158
117423 131158 133904
140769 6053 29248
6053 29248 140769
29248 6053 140769
1186 47672 56753
56753 1186 47672
47672 1186 56753
114352 12232 55886
55886 12232 114352
12232 55886 114352
19044 83918 139334
139334 19044 83918
83918 19044 139334
134851 105404 124535
124535 105404 134851
105404 124535 134851
41852 26559 53954
26559 41852 53954
53954 26559 41852
38844 43603 121604
121604 38844 43603
43603 38844 121604
95943 69029 69032
69032 69029 95943
69029 69032 95943
73192 93819 126938
126938 73192 93819
93819 73192 126938
9846 95117 97627
97627 9846 95117
95117 9846 97627
102589 115196 136355
115196 102589 136355
136355 102589 115196
91795 17956 142515
142515 17956 91795
17956 91795 142515
37713 52779 98192
52779 37713 98192
98192 37713 52779
24181 21213 105815
105815 21213 24181
21213 24181 105815
92619 103991 105794
103991 92619 105794
105794 92619 103991
31086 35299 142635
142635 31086 35299
35299 31086 142635
92876 61330 95590
95590 61330 92876
61330 92876 95590
147828 27061 53152
53152 27061 147828
27061 53152 147828
144692 141187 145133
145133 141187 144692
141187 144692 145133
149562 10542 147410
147410 10542 149562
10542 147410 149562
78595 25114 118179
25114 78595 118179
118179 25114 78595
121974 46628 93497
93497 46628 121974
46628 93497 121974
69225 52349 145599
145599 52349 69225
52349 69225 145599
93036 19881 52249
19881 52249 93036
52249 19881 93036
111008 44670 45552
45552 44670 111008
44670 45552 111008
143943 32701 38567
32701 38567 143943
38567 32701 143943
5545 97650 107877
107877 5545 97650
97650 5545 107877
69516 39719 107972
39719 69516 107972
107972 39719 69516
111745 10286 109835
109835 10286 111745
10286 109835 111745
61727 107190 139765
107190 61727 139765
139765 61727 107190
114514 54371 84125
54371 84125 114514
84125 54371 114514
122128 8559 108614
108614 8559 122128
8559 108614 122128
54945 50595 132341
50595 54945 132341
132341 50595 54945
2579 52065 63589
52065 2579 63589
63589 2579 52065
124490 175 139789
139789 175 124490
175 124490 139789
43224 53193 125159
125159 43224 53193
53193 43224 125159
65680 81785 109097
81785 65680 109097
109097 65680 81785
26465 99651 117826
99651 26465 117826
117826 26465 99651
125326 13312 126192
13312 125326 126192
126192 13312 125326
53391 57788 143801
143801 53391 57788
57788 53391 143801
28478 86262 108830
86262 28478 108830
108830 28478 86262
42565 73518 88811
88811 42565 73518
73518 42565 88811
103971 9280 118711
118711 9280 103971
9280 103971 118711
82035 127636 140945
127636 82035 140945
140945 82035 127636
90011 53982 57613
57613 53982 90011
53982 57613 90011
131697 86378 135552
86378 131697 135552
135552 86378 131697
116439 1167 60222
1167 60222 116439
60222 1167 116439
122289 29614 108461
108461 29614 122289
29614 108461 122289
125211 76925 122982
122982 76925 125211
76925 122982 125211
57108 45154 143502
143502 45154 57108
45154 57108 143502
144858 80813 125988
125988 80813 144858
80813 125988 144858
21479 85365 107422
85365 21479 107422
107422 21479 85365
68824 65324 76025
65324 68824 76025
76025 65324 68824
88145 15761 108856
108856 15761 88145
15761 88145 108856
136174 24313 90688
90688 24313 136174
24313 90688 136174
11058 3762 48528
3762 11058 48528
48528 3762 11058
12542 34398 111617
111617 12542 34398
34398 12542 111617
90715 28097 126887
126887 28097 90715
28097 90715 126887
98708 10470 43541
10470 43541 98708
43541 10470 98708
137439 39982 92355
39982 92355 137439
92355 39982 137439
135914 15301 132107
15301 132107 135914
132107 15301 135914
114867 50291 76680
76680 50291 114867
50291 76680 114867
43868 38934 105436
105436 38934 43868
38934 43868 105436
2318 38514 129294
38514 2318 129294
129294 2318 38514
88560 71535 80230
71535 80230 88560
80230 71535 88560
14055 138294 146600
138294 14055 146600
146600 14055 138294
28830 110471 134031
110471 28830 134031
134031 28830 110471
53679 110807 140523
140523 53679 110807
110807 53679 140523
336 16265 59134
16265 336 59134
59134 336 16265
96008 26703 98602
26703 96008 98602
98602 26703 96008
43583 67186 86264
67186 43583 86264
86264 43583 67186
141538 48632 81717
81717 48632 141538
48632 81717 141538
13657 30022 37926
37926 13657 30022
30022 13657 37926
26550 24929 93004
24929 26550 93004
93004 24929 26550
47142 10907 38401
10907 38401 47142
38401 10907 47142
99864 11057 107695
11057 99864 107695
107695 11057 99864
60091 10788 27869
10788 27869 60091
27869 10788 60091
21672 21968 81779
81779 21672 21968
21968 21672 81779
35512 112091 142647
142647 35512 112091
112091 35512 142647
132032 114909 124722
114909 124722 132032
124722 114909 132032
24074 45563 58053
45563 24074 58053
58053 24074 45563
63183 69722 79198
79198 63183 69722
69722 63183 79198
67100 785 83335
83335 785 67100
785 67100 83335
105171 39981 126759
39981 105171 126759
126759 39981 105171
111256 934 86912
86912 934 111256
934 86912 111256
132768 11911 56329
11911 56329 132768
56329 11911 132768
105217 70196 145181
70196 105217 145181
145181 70196 105217
109492 49539 102200
49539 102200 109492
102200 49539 109492
77343 55713 106161
106161 55713 77343
55713 77343 106161
123230 99141 126253
99141 123230 126253
126253 99141 123230
14118 20750 105494
105494 14118 20750
20750 14118 105494
132533 36187 55252
55252 36187 132533
36187 55252 132533
58893 57168 80512
80512 57168 58893
57168 58893 80512
104646 64749 111754
64749 104646 111754
111754 64749 104646
54124 69301 116560
116560 54124 69301
69301 54124 116560
43947 9084 37282
9084 37282 43947
37282 9084 43947
111105 2290 61803
61803 2290 111105
2290 61803 111105
149178 11097 13204
13204 11097 149178
11097 13204 149178
121541 64683 92025
92025 64683 121541
64683 92025 121541
110877 64126 91015
64126 91015 110877
91015 64126 110877
31700 51186 109566
51186 31700 109566
109566 31700 51186
28569 135 100932
135 28569 100932
100932 135 28569
46442 15262 65889
15262 46442 65889
65889 15262 46442
39472 99957 116606
116606 39472 99957
99957 39472 116606
148484 56891 96306
56891 96306 148484
96306 56891 148484
56927 14710 30787
30787 14710 56927
14710 30787 56927
31525 38307 70932
70932 31525 38307
38307 31525 70932
116048 36115 88596
36115 88596 116048
88596 36115 116048
77212 19488 141346
141346 19488 77212
19488 77212 141346
51549 12229 95017
12229 51549 95017
95017 12229 51549
108590 38383 85177
38383 85177 108590
85177 38383 108590
98112 20639 128079
128079 20639 98112
20639 98112 128079
79739 74261 112632
74261 79739 112632
112632 74261 79739
24714 93770 146099
146099 24714 93770
93770 24714 146099
122514 59811 134750
59811 122514 134750
134750 59811 122514
145297 40140 117281
117281 40140 145297
40140 117281 145297
54219 43512 127710
127710 43512 54219
43512 54219 127710
144161 102443 142814
102443 142814 144161
142814 102443 144161
97030 92560 149050
92560 97030 149050
149050 92560 97030
26407 103936 138579
103936 26407 138579
138579 26407 103936
19683 43055 44952
44952 19683 43055
43055 19683 44952
9795 24927 69957
24927 9795 69957
69957 9795 24927
76297 134852 148101
134852 76297 148101
148101 76297 134852
7470 51930 140055
51930 7470 140055
140055 7470 51930
83417 41624 63974
63974 41624 83417
41624 63974 83417
26772 123 26131
26131 123 26772
123 26131 26772
107696 98320 141598
98320 107696 141598
141598 98320 107696
23835 4880 7274
4880 7274 23835
7274 4880 23835
58480 16517 35497
35497 16517 58480
16517 35497 58480
89794 17830 22018
22018 17830 89794
17830 22018 89794
107346 15780 141921
15780 107346 141921
141921 15780 107346
80275 20388 114549
20388 80275 114549
114549 20388 80275
124269 81274 136322
81274 124269 136322
136322 81274 124269
93410 63675 107167
107167 63675 93410
63675 93410 107167
27540 76424 90178
90178 27540 76424
76424 27540 90178
105249 93132 131139
131139 93132 105249
93132 105249 131139
4719 54836 73500
54836 4719 73500
73500 4719 54836
118112 101723 126465
126465 101723 118112
101723 118112 126465
123940 115513 120272
120272 115513 123940
115513 120272 123940
29362 81871 143692
81871 29362 143692
143692 29362 81871
110721 20713 63911
63911 20713 110721
20713 63911 110721
61790 20899 90099
90099 20899 61790
20899 61790 90099
63268 2121 99927
99927 2121 63268
2121 63268 99927
15571 66080 102424
102424 15571 66080
66080 15571 102424
28274 23554 114861
114861 23554 28274
23554 28274 114861
30192 67663 141865
141865 30192 67663
67663 30192 141865
4010 32186 136530
32186 4010 136530
136530 4010 32186
132577 20873 83542
20873 83542 132577
83542 20873 132577
63757 53336 74595
53336 63757 74595
74595 53336 63757
141387 68033 71657
71657 68033 141387
68033 71657 141387
11777 56230 97357
56230 11777 97357
97357 11777 56230
123920 88675 141780
88675 123920 141780
141780 88675 123920
14139 76199 78340
78340 14139 76199
76199 14139 78340
32312 124343 126070
126070 32312 124343
124343 32312 126070
70221 5201 9453
9453 5201 70221
5201 9453 70221
39503 19445 61945
19445 39503 61945
61945 19445 39503
135746 54008 88239
54008 88239 135746
88239 54008 135746
64740 43870 118467
118467 43870 64740
43870 64740 118467
15727 24619 72594
24619 15727 72594
72594 15727 24619
87219 75814 107449
107449 75814 87219
75814 87219 107449
96066 32439 126643
32439 96066 126643
126643 32439 96066
126672 39611 51611
51611 39611 126672
39611 51611 126672
25166 108310 112378
112378 25166 108310
108310 25166 112378
85280 34199 103748
34199 85280 103748
103748 34199 85280
39273 131110 149489
149489 39273 131110
131110 39273 149489
52357 105456 140257
140257 52357 105456
105456 52357 140257
113476 21897 111696
21897 111696 113476
111696 21897 113476
25127 28334 112290
112290 25127 28334
28334 25127 112290
144456 34840 145221
145221 34840 144456
34840 144456 145221
111080 54659 107055
107055 54659 111080
54659 107055 111080
130516 33573 134057
33573 130516 134057
134057 33573 130516
51948 56479 96734
56479 51948 96734
96734 51948 56479
7170 7109 28405
28405 7109 7170
7109 7170 28405
148926 120158 141043
120158 141043 148926
141043 120158 148926
22831 7444 68563
68563 7444 22831
7444 22831 68563
130474 35811 127624
35811 127624 130474
127624 35811 130474
34184 7645 71775
71775 7645 34184
7645 34184 71775
86540 12261 72983
72983 12261 86540
12261 72983 86540
44068 59885 141143
59885 44068 141143
141143 44068 59885
6289 127438 138273
138273 6289 127438
127438 6289 138273
109137 22596 25882
25882 22596 109137
22596 25882 109137
33411 62067 96212
62067 33411 96212
96212 33411 62067
6635 15485 81771
15485 6635 81771
81771 6635 15485
136227 15006 123605
123605 15006 136227
15006 123605 136227
24165 127996 140673
127996 24165 140673
140673 24165 127996
32718 66516 110029
66516 32718 110029
110029 32718 66516
103697 93280 113042
93280 103697 113042
113042 93280 103697
106914 4609 133328
4609 106914 133328
133328 4609 106914
87801 26207 90999
90999 26207 87801
26207 87801 90999
105895 76137 141118
141118 76137 105895
76137 105895 141118
7539 89944 148721
89944 7539 148721
148721 7539 89944
129459 59593 70097
59593 70097 129459
70097 59593 129459
145179 3505 87016
87016 3505 145179
3505 87016 145179
13184 53286 92087
53286 13184 92087
92087 13184 53286
41086 47533 132833
132833 41086 47533
47533 41086 132833
97370 20125 40127
40127 20125 97370
20125 40127 97370
103644 84045 139344
84045 103644 139344
139344 84045 103644
147063 17744 90167
90167 17744 147063
17744 90167 147063
135725 22673 23985
23985 22673 135725
22673 23985 135725
26400 64858 132308
132308 26400 64858
64858 26400 132308
103497 17337 69047
69047 17337 103497
17337 69047 103497
127247 38600 61244
61244 38600 127247
38600 61244 127247
9564 4549 120301
120301 4549 9564
4549 9564 120301
44219 11936 116561
116561 11936 44219
11936 44219 116561
120282 35827 45056
45056 35827 120282
35827 45056 120282
75575 91907 124280
124280 75575 91907
91907 75575 124280
79347 68707 148020
148020 68707 79347
68707 79347 148020
9915 34876 103588
34876 9915 103588
103588 9915 34876
48796 18208 56958
18208 48796 56958
56958 18208 48796
147172 71291 118338
71291 118338 147172
118338 71291 147172
28672 57581 146981
146981 28672 57581
57581 28672 146981
3926 31575 60898
31575 3926 60898
60898 3926 31575
66361 55973 132896
132896 55973 66361
55973 66361 132896
115078 128695 146955
128695 115078 146955
146955 115078 128695
22123 130392 139425
130392 22123 139425
139425 22123 130392
131840 1213 29012
1213 29012 131840
29012 1213 131840
149338 28790 124819
28790 124819 149338
124819 28790 149338
89852 49141 72467
72467 49141 89852
49141 72467 89852
2192 17458 67388
17458 2192 67388
67388 2192 17458
80665 44326 118397
118397 44326 80665
44326 80665 118397
22485 36599 111880
36599 22485 111880
111880 22485 36599
4297 96811 112953
112953 4297 96811
96811 4297 112953
31822 90490 117785
90490 31822 117785
117785 31822 90490
49754 2797 145167
2797 49754 145167
145167 2797 49754
125108 24337 51636
51636 24337 125108
24337 51636 125108
64708 91271 117617
117617 64708 91271
91271 64708 117617
16424 77688 111956
77688 16424 111956
111956 16424 77688
56499 69243 135257
69243 56499 135257
135257 56499 69243
94547 73079 75969
73079 75969 94547
75969 73079 94547
115060 89163 139722
139722 89163 115060
89163 115060 139722
40333 25405 64129
25405 40333 64129
64129 25405 40333
33086 8542 73546
73546 8542 33086
8542 33086 73546
55207 30863 133130
30863 55207 133130
133130 30863 55207
55469 88759 109127
88759 55469 109127
109127 55469 88759
22610 5312 128950
5312 22610 128950
128950 5312 22610
83147 16306 121168
121168 16306 83147
16306 83147 121168
95095 80814 138768
80814 95095 138768
138768 80814 95095
56319 87207 136547
136547 56319 87207
87207 56319 136547
11597 20370 140736
140736 11597 20370
20370 11597 140736
67228 29514 35259
29514 35259 67228
35259 29514 67228
130627 42322 115160
42322 115160 130627
115160 42322 130627
86824 112331 115292
115292 86824 112331
112331 86824 115292
34938 3154 59222
3154 34938 59222
59222 3154 34938
124082 56720 121197
56720 121197 124082
121197 56720 124082
79003 42921 119747
42921 79003 119747
119747 42921 79003
148411 22219 44405
22219 44405 148411
44405 22219 148411
36087 6174 62583
6174 36087 62583
62583 6174 36087
35248 7039 146309
7039 35248 146309
146309 7039 35248
83690 31855 121507
31855 83690 121507
121507 31855 83690
98968 6564 18288
18288 6564 98968
6564 18288 98968
95979 52044 89478
52044 89478 95979
89478 52044 95979
23531 53190 109859
53190 23531 109859
109859 23531 53190
53013 57860 138699
57860 53013 138699
138699 53013 57860
58614 71803 122219
122219 58614 71803
71803 58614 122219
46631 69347 95758
95758 46631 69347
69347 46631 95758
29537 78887 90597
78887 29537 90597
90597 29537 78887
82895 140513 140978
140978 82895 140513
140513 82895 140978
71308 52486 108313
108313 52486 71308
52486 71308 108313
25015 32849 67066
32849 25015 67066
67066 25015 32849
46160 108262 113548
113548 46160 108262
108262 46160 113548
2850 11795 149097
149097 2850 11795
11795 2850 149097
86091 106168 127559
106168 86091 127559
127559 86091 106168
57012 31683 132905
31683 57012 132905
132905 31683 57012
59448 104174 113373
104174 59448 113373
113373 59448 104174
83029 72247 122348
72247 83029 122348
122348 72247 83029
54803 48105 89503
48105 54803 89503
89503 48105 54803
120367 34365 111730
111730 34365 120367
34365 111730 120367
118857 35381 90189
35381 90189 118857
90189 35381 118857
32902 46468 56133
46468 32902 56133
56133 32902 46468
86658 11933 142493
11933 86658 142493
142493 11933 86658
3009 12873 82701
82701 3009 12873
12873 3009 82701
122887 61352 69136
61352 69136 122887
69136 61352 122887
63014 84728 124391
84728 63014 124391
124391 63014 84728
98147 124249 139892
139892 98147 124249
124249 98147 139892
120397 66141 143439
66141 120397 143439
143439 66141 120397
129667 41282 72400
41282 72400 129667
72400 41282 129667
131852 46556 136371
136371 46556 131852
46556 131852 136371
26758 27173 100824
27173 26758 100824
100824 26758 27173
63715 11189 19243
19243 11189 63715
11189 19243 63715
127048 37258 86907
37258 86907 127048
86907 37258 127048
89498 39933 94712
94712 39933 89498
39933 89498 94712
137322 17155 121776
17155 121776 137322
121776 17155 137322
141437 92021 122096
122096 92021 141437
92021 122096 141437
87779 116747 133823
116747 87779 133823
133823 87779 116747
62122 13814 91450
91450 13814 62122
13814 62122 91450
30524 68607 81308
81308 30524 68607
68607 30524 81308
25618 16239 103475
16239 25618 103475
103475 16239 25618
39392 78132 117967
78132 39392 117967
117967 39392 78132
16952 11080 119676
119676 11080 16952
11080 16952 119676
89033 11845 15285
11845 15285 89033
15285 11845 89033
106585 7572 47223
7572 47223 106585
47223 7572 106585
138970 62448 91613
91613 62448 138970
62448 91613 138970
89422 14186 104889
104889 14186 89422
14186 89422 104889
103887 15453 45121
15453 45121 103887
45121 15453 103887
57672 7347 119593
7347 57672 119593
119593 7347 57672
143946 31462 36880
31462 36880 143946
36880 31462 143946
87935 102214 140264
102214 87935 140264
140264 87935 102214
95110 64058 142549
142549 64058 95110
64058 95110 142549
100215 19138 57031
19138 57031 100215
57031 19138 100215
101989 7029 79122
7029 79122 101989
79122 7029 101989
1013 69939 104419
104419 1013 69939
69939 1013 104419
89288 23662 64716
23662 64716 89288
64716 23662 89288
24494 20978 61551
20978 24494 61551
61551 20978 24494
28831 41533 110704
41533 28831 110704
110704 28831 41533
140283 30570 79529
79529 30570 140283
30570 79529 140283
119823 66513 108788
66513 108788 119823
108788 66513 119823
15069 64910 82259
82259 15069 64910
64910 15069 82259
30341 59176 99836
59176 30341 99836
99836 30341 59176
121039 70728 89333
70728 89333 121039
89333 70728 121039
93460 3965 98094
98094 3965 93460
3965 93460 98094
2880 30612 43345
30612 2880 43345
43345 2880 30612
15017 19544 95867
95867 15017 19544
19544 15017 95867
67938 45580 89475
89475 45580 67938
45580 67938 89475
36953 71647 80018
80018 36953 71647
71647 36953 80018
5404 51277 89887
89887 5404 51277
51277 5404 89887
32825 80200 116110
116110 32825 80200
80200 32825 116110
134614 53577 76740
76740 53577 134614
53577 76740 134614
149078 39557 146505
146505 39557 149078
39557 146505 149078
86388 11078 95649
95649 11078 86388
11078 86388 95649
148371 30148 142808
30148 142808 148371
142808 30148 148371
56975 127420 131595
127420 56975 131595
131595 56975 127420
141111 20306 128254
128254 20306 141111
20306 128254 141111
99272 89450 106958
106958 89450 99272
89450 99272 106958
1178 199 75805
75805 199 1178
199 1178 75805
108863 4132 110494
4132 108863 110494
110494 4132 108863
19786 90051 108699
90051 19786 108699
108699 19786 90051
116160 17824 106232
17824 106232 116160
106232 17824 116160
43744 69311 70347
70347 43744 69311
69311 43744 70347
42693 1792 148564
1792 42693 148564
148564 1792 42693
123382 53456 126480
53456 123382 126480
126480 53456 123382
89505 35789 57681
57681 35789 89505
35789 57681 89505
52385 49362 140808
49362 52385 140808
140808 49362 52385
117756 52599 69149
69149 52599 117756
52599 69149 117756
32474 96254 110057
110057 32474 96254
96254 32474 110057
26345 90465 115547
115547 26345 90465
90465 26345 115547
118354 23978 130853
23978 118354 130853
130853 23978 118354
41680 78113 114125
78113 41680 114125
114125 41680 78113
31325 11748 23664
23664 11748 31325
11748 23664 31325
27928 101621 106406
106406 27928 101621
101621 27928 106406
17440 9072 82430
9072 17440 82430
82430 9072 17440
7970 42663 126286
42663 7970 126286
126286 7970 42663
10388 65153 148822
148822 10388 65153
65153 10388 148822
50543 73295 106048
73295 50543 106048
106048 50543 73295
64903 65032 137133
65032 64903 137133
137133 64903 65032
128367 115613 133548
115613 128367 133548
133548 115613 128367
27516 11169 72351
72351 11169 27516
11169 27516 72351
132644 4688 118022
4688 118022 132644
118022 4688 132644
123756 87346 119685
119685 87346 123756
87346 119685 123756
141089 58134 92380
92380 58134 141089
58134 92380 141089
114579 28525 80735
80735 28525 114579
28525 80735 114579
22719 49262 114989
49262 22719 114989
114989 22719 49262
50224 28819 113417
113417 28819 50224
28819 50224 113417
20704 81637 94974
94974 20704 81637
81637 20704 94974
117113 38783 108017
108017 38783 117113
38783 108017 117113
147304 87638 145673
87638 145673 147304
145673 87638 147304
128501 36100 76948
36100 76948 128501
76948 36100 128501
126548 39774 99510
99510 39774 126548
39774 99510 126548
74289 16539 112288
16539 74289 112288
112288 16539 74289
12643 105532 123727
105532 12643 123727
123727 12643 105532
123323 63590 132557
63590 123323 132557
132557 63590 123323
111245 31250 68423
31250 68423 111245
68423 31250 111245
135044 88422 91310
88422 91310 135044
91310 88422 135044
147120 97119 102164
97119 102164 147120
102164 97119 147120
89617 17505 36396
17505 36396 89617
36396 17505 89617
139172 66620 137174
137174 66620 139172
66620 137174 139172
50488 52120 75288
52120 50488 75288
75288 50488 52120
108382 89689 129443
129443 89689 108382
89689 108382 129443
122079 89658 124356
89658 122079 124356
124356 89658 122079
1833 8275 111327
111327 1833 8275
8275 1833 111327
3862 80716 145494
80716 3862 145494
145494 3862 80716
135748 10756 102091
102091 10756 135748
10756 102091 135748
77803 67678 78935
78935 67678 77803
67678 77803 78935
17713 9763 49657
49657 9763 17713
9763 17713 49657
114498 6687 53798
6687 53798 114498
53798 6687 114498
97315 47546 146484
47546 97315 146484
146484 47546 97315
55665 8650 124348
8650 55665 124348
124348 8650 55665
82817 140221 144912
144912 82817 140221
140221 82817 144912
7529 47891 143213
47891 7529 143213
143213 7529 47891
83443 119435 121937
121937 83443 119435
119435 83443 121937
69807 26420 124176
124176 26420 69807
26420 69807 124176
118435 48378 65741
48378 65741 118435
65741 48378 118435
69800 13675 61935
13675 61935 69800
61935 13675 69800
105734 22600 46464
22600 46464 105734
46464 22600 105734
22749 34698 113653
34698 22749 113653
113653 22749 34698
106183 11823 55642
55642 11823 106183
11823 55642 106183
61121 16625 58129
58129 16625 61121
16625 58129 61121
60947 59986 96761
59986 60947 96761
96761 59986 60947
56470 42720 143893
143893 42720 56470
42720 56470 143893
138936 76344 112888
76344 112888 138936
112888 76344 138936
106511 11755 73918
73918 11755 106511
11755 73918 106511
3552 75464 112446
75464 3552 112446
112446 3552 75464
115199 44585 105077
105077 44585 115199
44585 105077 115199
77488 57265 121875
57265 77488 121875
121875 57265 77488
127713 56504 122882
122882 56504 127713
56504 122882 127713
146976 7132 93892
7132 93892 146976
93892 7132 146976
31149 35688 143440
143440 31149 35688
35688 31149 143440
11529 96607 111058
111058 11529 96607
96607 11529 111058
64621 59417 125255
125255 59417 64621
59417 64621 125255
116481 37111 138014
138014 37111 116481
37111 116481 138014
149204 53035 108080
53035 108080 149204
108080 53035 149204
5541 27953 117912
27953 5541 117912
117912 5541 27953
9554 53127 125145
125145 9554 53127
53127 9554 125145
139773 33741 103670
103670 33741 139773
33741 103670 139773
79092 73464 73537
73537 73464 79092
73464 73537 79092
114610 56040 60420
60420 56040 114610
56040 60420 114610
81113 3718 146407
146407 3718 81113
3718 81113 146407
141257 23661 118785
118785 23661 141257
23661 118785 141257
83395 82270 107363
82270 83395 107363
107363 82270 83395
98051 32031 50268
32031 50268 98051
50268 32031 98051
60729 59183 90456
90456 59183 60729
59183 60729 90456
85521 29250 74914
29250 74914 85521
74914 29250 85521
41410 72121 112044
112044 41410 72121
72121 41410 112044
116800 38843 147186
147186 38843 116800
38843 116800 147186
50014 111512 125133
111512 50014 125133
125133 50014 111512
80388 103410 140339
103410 80388 140339
140339 80388 103410
57576 5556 86158
86158 5556 57576
5556 57576 86158
146852 125853 138303
125853 138303 146852
138303 125853 146852
127334 14355 35473
35473 14355 127334
14355 35473 127334
78492 1466 117987
1466 78492 117987
117987 1466 78492
15565 62296 97347
62296 15565 97347
97347 15565 62296
67145 69907 111829
111829 67145 69907
69907 67145 111829
56840 113923 143142
143142 56840 113923
113923 56840 143142
105350 75020 133967
133967 75020 105350
75020 105350 133967
101497 114856 146675
114856 101497 146675
146675 101497 114856
8926 39327 60447
39327 8926 60447
60447 8926 39327
5308 113401 135908
113401 5308 135908
135908 5308 113401
83494 122054 132623
122054 83494 132623
132623 83494 122054
3649 32562 147649
147649 3649 32562
32562 3649 147649
16947 68382 145701
68382 16947 145701
145701 16947 68382
108081 12995 111144
12995 108081 111144
111144 12995 108081
81019 79709 132707
79709 81019 132707
132707 79709 81019
92633 81516 113419
81516 92633 113419
113419 81516 92633
72048 28961 50384
28961 50384 72048
50384 28961 72048
32069 9730 81685
9730 32069 81685
81685 9730 32069
54744 26456 111780
26456 54744 111780
111780 26456 54744
41993 40178 75435
75435 40178 41993
40178 41993 75435
13431 45547 84261
45547 13431 84261
84261 13431 45547
3160 58453 95337
58453 3160 95337
95337 3160 58453
100497 128409 140429
140429 100497 128409
128409 100497 140429
64552 42841 55230
55230 42841 64552
42841 55230 64552
24854 111684 117295
117295 24854 111684
111684 24854 117295
64819 102610 115092
102610 64819 115092
115092 64819 102610
19008 77784 79523
79523 19008 77784
77784 19008 79523
19131 67611 118912
118912 19131 67611
67611 19131 118912
103536 62894 63298
62894 63298 103536
63298 62894 103536
48581 7749 68244
68244 7749 48581
7749 48581 68244
87161 69103 95780
69103 87161 95780
95780 69103 87161
120100 114820 129519
114820 120100 129519
129519 114820 120100
139051 9055 80706
80706 9055 139051
9055 80706 139051
53797 21952 51884
51884 21952 53797
21952 51884 53797
66215 42142 136071
42142 66215 136071
136071 42142 66215
35257 123793 137592
137592 35257 123793
123793 35257 137592
34076 23357 132615
132615 23357 34076
23357 34076 132615
125013 55397 121550
121550 55397 125013
55397 121550 125013
139630 89233 126080
89233 126080 139630
126080 89233 139630
85697 116042 139019
139019 85697 116042
116042 85697 139019
73778 24698 80943
80943 24698 73778
24698 73778 80943
22542 27730 107418
27730 22542 107418
107418 22542 27730
61002 14399 117417
117417 14399 61002
14399 61002 117417
117022 58743 141060
58743 117022 141060
141060 58743 117022
91136 15350 93325
15350 91136 93325
93325 15350 91136
127107 47210 58261
58261 47210 127107
47210 58261 127107
3035 11857 56863
11857 3035 56863
56863 3035 11857
72203 7532 136690
136690 7532 72203
7532 72203 136690
65086 60055 88234
88234 60055 65086
60055 65086 88234
35080 76964 149368
149368 35080 76964
76964 35080 149368
109761 42393 93298
42393 93298 109761
93298 42393 109761
135501 60296 97327
60296 97327 135501
97327 60296 135501
29095 3740 118948
3740 29095 118948
118948 3740 29095
122074 77812 139400
77812 122074 139400
139400 77812 122074
145436 12600 65854
65854 12600 145436
12600 65854 145436
8381 21955 76691
76691 8381 21955
21955 8381 76691
43916 18519 43014
43014 18519 43916
18519 43014 43916
81323 96061 104163
96061 81323 104163
104163 81323 96061
144491 83994 85806
83994 85806 144491
85806 83994 144491
118341 41678 149618
149618 41678 118341
41678 118341 149618
91100 18417 136536
136536 18417 91100
18417 91100 136536
104196 14593 35656
35656 14593 104196
14593 35656 104196
19861 49473 113698
113698 19861 49473
49473 19861 113698
69568 81245 95344
81245 69568 95344
95344 69568 81245
145440 10308 88370
10308 88370 145440
88370 10308 145440
132712 39431 50743
39431 50743 132712
50743 39431 132712
99922 37772 58133
37772 58133 99922
58133 37772 99922
101760 65208 117381
117381 65208 101760
65208 101760 117381
65744 93063 127868
93063 65744 127868
127868 65744 93063
130732 55556 131947
131947 55556 130732
55556 130732 131947
90463 17722 62750
17722 62750 90463
62750 17722 90463
130013 24127 99867
99867 24127 130013
24127 99867 130013
89672 78610 110599
78610 89672 110599
110599 78610 89672
10725 47326 88891
47326 10725 88891
88891 10725 47326
129893 18607 26440
26440 18607 129893
18607 26440 129893
132767 89146 140704
140704 89146 132767
89146 132767 140704
44621 114990 143093
114990 44621 143093
143093 44621 114990
18843 10646 12550
12550 10646 18843
10646 12550 18843
35541 51635 81849
51635 35541 81849
81849 35541 51635
137457 50147 77255
