816 8692 8896
8692 816 8896
8896 816 8692
2497 1187 14120
14120 1187 2497
1187 2497 14120
11802 6593 7910
7910 6593 11802
6593 7910 11802
10597 6981 10525
10525 6981 10597
6981 10525 10597
12743 2351 13067
13067 2351 12743
2351 12743 13067
8663 4581 11671
4581 8663 11671
11671 4581 8663
13945 12563 12779
12563 12779 13945
12779 12563 13945
10749 7015 13260
7015 10749 13260
13260 7015 10749
13398 2428 10800
2428 10800 13398
10800 2428 13398
11128 8574 13807
8574 11128 13807
13807 8574 11128
5557 4873 10166
10166 4873 5557
4873 5557 10166
1714 3639 11059
11059 1714 3639
3639 1714 11059
6694 9626 11063
11063 6694 9626
9626 6694 11063
5360 7036 10112
10112 5360 7036
7036 5360 10112
11662 4852 10552
4852 10552 11662
10552 4852 11662
3217 3565 8323
8323 3217 3565
3565 3217 8323
12171 11659 14776
14776 11659 12171
11659 12171 14776
11324 488 4380
4380 488 11324
488 4380 11324
4249 1279 11970
1279 4249 11970
11970 1279 4249
3432 11486 13188
11486 3432 13188
13188 3432 11486
8771 5819 8819
5819 8771 8819
8819 5819 8771
9871 6361 12062
12062 6361 9871
6361 9871 12062
192 4537 14326
14326 192 4537
4537 192 14326
12278 4217 12661
4217 12278 12661
12661 4217 12278
11344 362 13349
362 11344 13349
13349 362 11344
7065 8491 12734
8491 7065 12734
12734 7065 8491
11573 1116 8624
8624 1116 11573
1116 8624 11573
690 2761 11831
11831 690 2761
2761 690 11831
11948 6471 11600
6471 11600 11948
11600 6471 11948
4381 3111 7467
7467 3111 4381
3111 4381 7467
835 5498 6383
5498 835 6383
6383 835 5498
688 10323 13784
13784 688 10323
10323 688 13784
913 5719 7382
7382 913 5719
5719 913 7382
12015 885 2841
2841 885 12015
885 2841 12015
9224 5417 5605
5605 5417 9224
5417 5605 9224
4822 10625 11903
11903 4822 10625
10625 4822 11903
14015 4445 14088
4445 14015 14088
14088 4445 14015
3188 10730 14214
14214 3188 10730
10730 3188 14214
849 1312 4486
1312 849 4486
4486 849 1312
2727 3066 11548
3066 2727 11548
11548 2727 3066
7206 940 12859
12859 940 7206
940 7206 12859
11485 4199 13856
4199 11485 13856
13856 4199 11485
12384 6192 10086
10086 6192 12384
6192 10086 12384
10151 7263 14663
7263 10151 14663
14663 7263 10151
12763 5180 14331
14331 5180 12763
5180 12763 14331
8026 3612 9360
9360 3612 8026
3612 8026 9360
6178 1899 4813
4813 1899 6178
1899 4813 6178
1151 2504 8293
2504 1151 8293
8293 1151 2504
8495 5738 8638
5738 8495 8638
8638 5738 8495
2732 176 6589
176 2732 6589
6589 176 2732
2397 11056 11181
11056 2397 11181
11181 2397 11056
11390 9929 12768
12768 9929 11390
9929 11390 12768
13603 5596 11032
5596 11032 13603
11032 5596 13603
1830 6847 12190
12190 1830 6847
6847 1830 12190
4607 6510 13762
6510 4607 13762
13762 4607 6510
8990 905 2790
905 2790 8990
2790 905 8990
2049 11022 13310
13310 2049 11022
11022 2049 13310
14644 540 12485
540 12485 14644
12485 540 14644
1535 9890 13314
13314 1535 9890
9890 1535 13314
4983 4156 5833
4156 4983 5833
5833 4156 4983
8429 4070 8656
4070 8429 8656
8656 4070 8429
14264 1509 4034
4034 1509 14264
1509 4034 14264
993 11501 12088
11501 993 12088
12088 993 11501
12674 3308 8406
3308 8406 12674
8406 3308 12674
7095 682 4397
4397 682 7095
682 4397 7095
9786 11146 12448
11146 9786 12448
12448 9786 11146
3412 3710 13533
3710 3412 13533
13533 3412 3710
1580 4556 4875
4875 1580 4556
4556 1580 4875
9070 5018 5970
5018 5970 9070
5970 5018 9070
879 3446 3616
3446 879 3616
3616 879 3446
7326 126 13209
13209 126 7326
126 7326 13209
13848 654 12353
12353 654 13848
654 12353 13848
14391 10099 10498
10498 10099 14391
10099 10498 14391
10603 3576 14121
3576 10603 14121
14121 3576 10603
2296 4472 9940
9940 2296 4472
4472 2296 9940
7989 5559 9429
5559 7989 9429
9429 5559 7989
2018 3928 11969
11969 2018 3928
3928 2018 11969
8437 7796 14313
14313 7796 8437
7796 8437 14313
6318 99 8924
99 6318 8924
8924 99 6318
13118 8899 9102
8899 9102 13118
9102 8899 13118
4337 5057 12927
12927 4337 5057
5057 4337 12927
894 1819 12851
12851 894 1819
1819 894 12851
12069 1570 1801
1801 1570 12069
1570 1801 12069
14428 7412 10048
10048 7412 14428
7412 10048 14428
5446 4279 5234
5234 4279 5446
4279 5234 5446
3092 631 12257
12257 631 3092
631 3092 12257
5747 7341 14044
14044 5747 7341
7341 5747 14044
6406 3640 13823
13823 3640 6406
3640 6406 13823
12011 287 12602
287 12011 12602
12602 287 12011
5620 6113 11409
11409 5620 6113
6113 5620 11409
12395 10816 12007
12007 10816 12395
10816 12007 12395
3480 10003 13778
13778 3480 10003
10003 3480 13778
6618 3135 3377
3377 3135 6618
3135 3377 6618
4103 8084 13610
13610 4103 8084
8084 4103 13610
11724 5276 6144
6144 5276 11724
5276 6144 11724
11607 1445 13477
13477 1445 11607
1445 11607 13477
10706 2383 9508
2383 9508 10706
9508 2383 10706
2874 3972 7656
3972 2874 7656
7656 2874 3972
7401 297 3940
3940 297 7401
297 3940 7401
8798 4481 13637
13637 4481 8798
4481 8798 13637
13261 137 8686
8686 137 13261
137 8686 13261
11468 2228 4400
2228 4400 11468
4400 2228 11468
2672 5982 9378
5982 2672 9378
9378 2672 5982
163 437 964
964 163 437
437 163 964
14795 8981 11358
8981 11358 14795
11358 8981 14795
6634 3800 9273
9273 3800 6634
3800 6634 9273
5340 4700 12754
4700 5340 12754
12754 4700 5340
1220 7024 9484
7024 1220 9484
9484 1220 7024
8063 2952 8653
8653 2952 8063
2952 8063 8653
12283 4599 8151
8151 4599 12283
4599 8151 12283
2730 9564 14798
9564 2730 14798
14798 2730 9564
8012 5274 6268
6268 5274 8012
5274 6268 8012
834 3096 6394
6394 834 3096
3096 834 6394
10729 10208 12404
10208 10729 12404
12404 10208 10729
12105 2209 13899
13899 2209 12105
2209 12105 13899
6924 779 5309
779 5309 6924
5309 779 6924
9179 2561 8135
2561 8135 9179
8135 2561 9179
8306 5022 13213
13213 5022 8306
5022 8306 13213
4163 9589 14540
9589 4163 14540
14540 4163 9589
10854 2496 10486
10486 2496 10854
2496 10486 10854
12987 5094 13243
5094 12987 13243
13243 5094 12987
2165 8811 14078
14078 2165 8811
8811 2165 14078
10682 1059 5404
1059 5404 10682
5404 1059 10682
14609 3152 4161
4161 3152 14609
3152 4161 14609
5622 10198 14040
14040 5622 10198
10198 5622 14040
12976 6491 12080
6491 12080 12976
12080 6491 12976
12995 656 14204
656 12995 14204
14204 656 12995
13140 2342 7840
2342 7840 13140
7840 2342 13140
8419 1646 6095
1646 6095 8419
6095 1646 8419
1243 6191 10291
10291 1243 6191
6191 1243 10291
2923 3047 13607
13607 2923 3047
3047 2923 13607
13246 13014 14802
13014 13246 14802
14802 13014 13246
5133 7047 11223
11223 5133 7047
7047 5133 11223
6720 2657 10662
2657 6720 10662
10662 2657 6720
3544 2093 8032
2093 3544 8032
8032 2093 3544
11981 1228 3318
3318 1228 11981
1228 3318 11981
9233 2437 4982
2437 4982 9233
4982 2437 9233
1800 14488 14779
14779 1800 14488
14488 1800 14779
4745 3244 14641
3244 4745 14641
14641 3244 4745
8783 3700 5334
3700 5334 8783
5334 3700 8783
11514 2760 12054
12054 2760 11514
2760 11514 12054
1473 8631 11911
8631 1473 11911
11911 1473 8631
13594 4349 14226
4349 13594 14226
14226 4349 13594
12008 1547 11413
1547 11413 12008
11413 1547 12008
8225 4321 5412
5412 4321 8225
4321 5412 8225
12240 9863 10008
10008 9863 12240
9863 10008 12240
1982 10429 11494
10429 1982 11494
11494 1982 10429
2629 2469 8115
8115 2469 2629
2469 2629 8115
3672 2134 8279
8279 2134 3672
2134 3672 8279
1524 8354 14894
14894 1524 8354
8354 1524 14894
10281 3839 7739
7739 3839 10281
3839 7739 10281
13926 1045 3091
1045 3091 13926
3091 1045 13926
3692 7266 13386
7266 3692 13386
13386 3692 7266
2586 6204 9049
6204 2586 9049
9049 2586 6204
3737 3665 6850
3665 3737 6850
6850 3665 3737
13602 4399 14606
14606 4399 13602
4399 13602 14606
8998 4124 8025
4124 8025 8998
8025 4124 8998
2647 5451 10858
10858 2647 5451
5451 2647 10858
9976 1909 12452
1909 9976 12452
12452 1909 9976
13205 6081 11242
11242 6081 13205
6081 11242 13205
2607 9535 11251
9535 2607 11251
11251 2607 9535
238 811 14660
811 238 14660
14660 238 811
104 10558 14628
14628 104 10558
10558 104 14628
11204 2866 3146
2866 3146 11204
3146 2866 11204
8370 5359 7373
7373 5359 8370
5359 7373 8370
5069 6464 9854
6464 5069 9854
9854 5069 6464
828 6284 8265
6284 828 8265
8265 828 6284
9897 5616 8943
5616 8943 9897
8943 5616 9897
2595 6826 6921
6826 2595 6921
6921 2595 6826
852 7113 10548
10548 852 7113
7113 852 10548
14909 5966 8652
5966 8652 14909
8652 5966 14909
7061 244 1967
244 1967 7061
1967 244 7061
14874 7862 12967
12967 7862 14874
7862 12967 14874
6637 5077 12197
12197 5077 6637
5077 6637 12197
8073 17 7148
7148 17 8073
17 7148 8073
7797 9467 10620
9467 7797 10620
10620 7797 9467
1234 10091 10376
10376 1234 10091
10091 1234 10376
9852 1760 9989
9989 1760 9852
1760 9852 9989
9393 2748 13174
2748 9393 13174
13174 2748 9393
10837 4222 7768
4222 7768 10837
7768 4222 10837
14921 6214 8865
8865 6214 14921
6214 8865 14921
7466 4557 10849
10849 4557 7466
4557 7466 10849
12075 49 11707
11707 49 12075
49 11707 12075
3580 4364 14098
4364 3580 14098
14098 3580 4364
14379 5761 6741
5761 6741 14379
6741 5761 14379
8449 4069 9418
4069 8449 9418
9418 4069 8449
4891 4485 4844
4844 4485 4891
4485 4844 4891
3203 298 2642
298 2642 3203
2642 298 3203
1416 264 8699
8699 264 1416
264 1416 8699
14185 10259 12716
12716 10259 14185
10259 12716 14185
1755 5733 9878
9878 1755 5733
5733 1755 9878
4991 3798 12752
3798 4991 12752
12752 3798 4991
11735 10394 13745
10394 11735 13745
13745 10394 11735
356 9603 14385
9603 356 14385
14385 356 9603
11527 5127 9630
9630 5127 11527
5127 9630 11527
11341 1285 7106
7106 1285 11341
1285 7106 11341
8275 528 9202
9202 528 8275
528 8275 9202
13094 7178 9139
7178 9139 13094
9139 7178 13094
122 9245 13878
13878 122 9245
9245 122 13878
5594 755 12727
12727 755 5594
755 5594 12727
1527 2508 10255
2508 1527 10255
10255 1527 2508
1992 4433 4802
4802 1992 4433
4433 1992 4802
5372 3028 11162
11162 3028 5372
3028 5372 11162
14002 2453 11286
2453 11286 14002
11286 2453 14002
792 10830 13115
10830 792 13115
13115 792 10830
3716 2915 9394
2915 3716 9394
9394 2915 3716
9875 5273 14102
5273 9875 14102
14102 5273 9875
954 6449 11731
6449 954 11731
11731 954 6449
6763 5083 7638
5083 6763 7638
7638 5083 6763
981 7052 13160
13160 981 7052
7052 981 13160
7297 10874 14158
10874 7297 14158
14158 7297 10874
757 1588 8922
1588 757 8922
8922 757 1588
3593 5175 11199
5175 3593 11199
11199 3593 5175
10168 6190 8813
6190 8813 10168
8813 6190 10168
13935 7817 8759
8759 7817 13935
7817 8759 13935
1112 3361 13060
3361 1112 13060
13060 1112 3361
3297 11492 11523
11492 3297 11523
11523 3297 11492
4496 6186 9652
9652 4496 6186
6186 4496 9652
2756 1000 5121
1000 2756 5121
5121 1000 2756
11454 10027 13685
13685 10027 11454
10027 11454 13685
2423 7175 9257
9257 2423 7175
7175 2423 9257
2941 1253 10117
10117 1253 2941
1253 2941 10117
11491 3645 8034
8034 3645 11491
3645 8034 11491
6131 2930 4045
4045 2930 6131
2930 4045 6131
3842 1467 7983
1467 3842 7983
7983 1467 3842
1622 11733 14677
14677 1622 11733
11733 1622 14677
5461 4240 4394
4394 4240 5461
4240 4394 5461
5895 2855 9667
9667 2855 5895
2855 5895 9667
3749 11776 13415
11776 3749 13415
13415 3749 11776
4077 4954 12336
4954 4077 12336
12336 4077 4954
882 1751 7327
7327 882 1751
1751 882 7327
619 758 11074
11074 619 758
758 619 11074
12050 9648 13626
13626 9648 12050
9648 12050 13626
2337 8854 13234
8854 2337 13234
13234 2337 8854
6807 7705 8861
7705 6807 8861
8861 6807 7705
3923 8161 10707
8161 3923 10707
10707 3923 8161
1564 10895 10909
10895 1564 10909
10909 1564 10895
10799 11188 14321
11188 10799 14321
14321 10799 11188
14938 2440 11345
11345 2440 14938
2440 11345 14938
12994 12722 14252
14252 12722 12994
12722 12994 14252
407 1505 14483
1505 407 14483
14483 407 1505
11457 161 2194
2194 161 11457
161 2194 11457
3189 1126 5422
1126 3189 5422
5422 1126 3189
6259 19 7508
19 6259 7508
7508 19 6259
10943 5776 7995
5776 7995 10943
7995 5776 10943
1398 13571 14527
14527 1398 13571
13571 1398 14527
12057 1013 3287
3287 1013 12057
1013 3287 12057
12274 2691 10278
10278 2691 12274
2691 10278 12274
7861 610 6664
610 6664 7861
6664 610 7861
10991 8942 9887
9887 8942 10991
8942 9887 10991
13151 468 10582
468 10582 13151
10582 468 13151
6931 903 12165
12165 903 6931
903 6931 12165
3325 6671 12114
12114 3325 6671
6671 3325 12114
9338 2861 7818
7818 2861 9338
2861 7818 9338
9329 2253 5343
5343 2253 9329
2253 5343 9329
3787 7930 13516
7930 3787 13516
13516 3787 7930
4560 5989 10090
10090 4560 5989
5989 4560 10090
5977 3470 9050
9050 3470 5977
3470 5977 9050
3415 7754 14378
14378 3415 7754
7754 3415 14378
8953 549 12207
549 8953 12207
12207 549 8953
3721 7777 8141
8141 3721 7777
7777 3721 8141
13244 1088 2485
1088 2485 13244
2485 1088 13244
11447 4340 9190
9190 4340 11447
4340 9190 11447
13788 2452 3610
2452 3610 13788
3610 2452 13788
1929 1122 2744
1122 1929 2744
2744 1122 1929
13320 9899 11736
9899 11736 13320
11736 9899 13320
3883 293 13609
293 3883 13609
13609 293 3883
9214 8822 10461
8822 9214 10461
10461 8822 9214
12555 10721 11764
11764 10721 12555
10721 11764 12555
10265 81 843
81 843 10265
843 81 10265
1803 1147 4269
4269 1147 1803
1147 1803 4269
2288 936 13752
936 2288 13752
13752 936 2288
4268 11316 14683
14683 4268 11316
11316 4268 14683
388 9814 10310
10310 388 9814
9814 388 10310
8703 1960 8162
1960 8162 8703
8162 1960 8703
11481 1491 1595
1595 1491 11481
1491 1595 11481
3915 6299 12479
12479 3915 6299
6299 3915 12479
5742 9485 13289
9485 5742 13289
13289 5742 9485
6517 4028 7871
7871 4028 6517
4028 6517 7871
13887 13961 14123
13961 13887 14123
14123 13887 13961
6041 1785 2495
1785 2495 6041
2495 1785 6041
4776 1483 11044
11044 1483 4776
1483 4776 11044
13245 1142 2374
1142 2374 13245
2374 1142 13245
258 11673 13189
13189 258 11673
11673 258 13189
8132 3084 11702
11702 3084 8132
3084 8132 11702
7410 968 1765
1765 968 7410
968 1765 7410
1731 5915 7553
7553 1731 5915
5915 1731 7553
3305 8477 12544
8477 3305 12544
12544 3305 8477
3957 8676 11103
11103 3957 8676
8676 3957 11103
13621 527 3901
527 3901 13621
3901 527 13621
1241 9420 10992
10992 1241 9420
9420 1241 10992
4456 4851 13667
13667 4456 4851
4851 4456 13667
1979 6614 14420
14420 1979 6614
6614 1979 14420
9255 7335 12855
7335 9255 12855
12855 7335 9255
6038 3653 7572
7572 3653 6038
3653 6038 7572
1440 2626 8918
8918 1440 2626
2626 1440 8918
5617 3485 13487
13487 3485 5617
3485 5617 13487
7472 4842 10734
4842 7472 10734
10734 4842 7472
12104 2571 8023
8023 2571 12104
2571 8023 12104
4688 8310 13651
8310 4688 13651
13651 4688 8310
3997 1835 13540
1835 3997 13540
13540 1835 3997
5577 5496 11437
11437 5496 5577
5496 5577 11437
13764 1373 11900
11900 1373 13764
1373 11900 13764
10522 3759 12756
3759 10522 12756
12756 3759 10522
978 4497 12368
4497 978 12368
12368 978 4497
8957 2361 8252
2361 8252 8957
8252 2361 8957
5454 5667 11966
11966 5454 5667
5667 5454 11966
4501 4454 13919
13919 4454 4501
4454 4501 13919
1092 10194 13352
13352 1092 10194
10194 1092 13352
4567 8308 12074
12074 4567 8308
8308 4567 12074
8325 2264 3130
2264 3130 8325
3130 2264 8325
4514 5546 9684
9684 4514 5546
5546 4514 9684
6732 7460 13676
13676 6732 7460
7460 6732 13676
7615 4020 5151
5151 4020 7615
4020 5151 7615
11225 11099 12209
11099 11225 12209
12209 11099 11225
3823 419 2404
2404 419 3823
419 2404 3823
14783 7029 12849
7029 12849 14783
12849 7029 14783
7088 7422 9935
9935 7088 7422
7422 7088 9935
8337 6843 8608
6843 8337 8608
8608 6843 8337
12079 7510 14616
7510 12079 14616
14616 7510 12079
8889 8345 14060
14060 8345 8889
8345 8889 14060
1256 9985 14516
14516 1256 9985
9985 1256 14516
10739 4622 13553
4622 10739 13553
13553 4622 10739
147 6775 7321
6775 147 7321
7321 147 6775
8669 3024 6336
3024 6336 8669
6336 3024 8669
8923 3119 9609
3119 8923 9609
9609 3119 8923
3310 5501 6891
6891 3310 5501
5501 3310 6891
12125 3529 11706
11706 3529 12125
3529 11706 12125
4068 7591 13330
13330 4068 7591
7591 4068 13330
5099 906 5349
5349 906 5099
906 5099 5349
9205 465 2308
2308 465 9205
465 2308 9205
12963 13301 14473
14473 12963 13301
13301 12963 14473
12294 9311 14728
9311 12294 14728
14728 9311 12294
6795 1494 2717
1494 2717 6795
2717 1494 6795
11593 12565 12606
12606 11593 12565
12565 11593 12606
13544 4179 6817
4179 6817 13544
6817 4179 13544
4021 12372 12965
12372 4021 12965
12965 4021 12372
9177 7105 12968
7105 9177 12968
12968 7105 9177
5465 4052 7582
4052 5465 7582
7582 4052 5465
4568 3964 5732
3964 4568 5732
5732 3964 4568
13793 9414 9998
9998 9414 13793
9414 9998 13793
13005 6202 13857
13857 6202 13005
6202 13005 13857
8603 9751 13738
9751 8603 13738
13738 8603 9751
12244 8160 11770
11770 8160 12244
8160 11770 12244
982 11636 13445
13445 982 11636
11636 982 13445
12871 6031 7657
7657 6031 12871
6031 7657 12871
12729 5297 7190
7190 5297 12729
5297 7190 12729
5110 2443 13669
13669 2443 5110
2443 5110 13669
13418 2333 4100
2333 4100 13418
4100 2333 13418
12826 5313 6064
6064 5313 12826
5313 6064 12826
13385 5058 6768
6768 5058 13385
5058 6768 13385
12631 3509 4539
3509 4539 12631
4539 3509 12631
14023 1674 11304
1674 11304 14023
11304 1674 14023
7400 4378 9550
9550 4378 7400
4378 7400 9550
6670 4398 6393
6393 4398 6670
4398 6393 6670
13153 12884 13371
12884 13153 13371
13371 12884 13153
4633 2252 13220
2252 4633 13220
13220 2252 4633
14749 5841 7801
7801 5841 14749
5841 7801 14749
1090 8547 12911
8547 1090 12911
12911 1090 8547
13502 2556 6312
2556 6312 13502
6312 2556 13502
4821 2798 9358
9358 2798 4821
2798 4821 9358
9840 6524 7780
7780 6524 9840
6524 7780 9840
10629 2074 9776
2074 9776 10629
9776 2074 10629
4662 1468 2703
2703 1468 4662
1468 2703 4662
1318 2834 5862
5862 1318 2834
2834 1318 5862
14716 781 10805
781 10805 14716
10805 781 14716
2583 2244 13939
13939 2244 2583
2244 2583 13939
12120 8508 14954
8508 12120 14954
14954 8508 12120
3476 6261 10821
6261 3476 10821
10821 3476 6261
4900 2503 5167
5167 2503 4900
2503 4900 5167
10053 2753 10755
10755 2753 10053
2753 10053 10755
479 5430 11666
5430 479 11666
11666 479 5430
12140 8640 11944
8640 11944 12140
11944 8640 12140
11156 5216 9950
5216 9950 11156
9950 5216 11156
7972 600 6469
600 6469 7972
6469 600 7972
14092 9825 10725
9825 10725 14092
10725 9825 14092
14109 7966 14720
7966 14109 14720
14720 7966 14109
6173 5584 9659
9659 5584 6173
5584 6173 9659
2576 2183 10057
10057 2183 2576
2183 2576 10057
12305 6519 13443
13443 6519 12305
6519 12305 13443
11155 10711 11679
11679 10711 11155
10711 11155 11679
11465 11301 14848
11301 11465 14848
14848 11301 11465
8753 4786 10191
10191 4786 8753
4786 8753 10191
3353 7734 10519
7734 3353 10519
10519 3353 7734
4282 1643 2211
1643 2211 4282
2211 1643 4282
3988 10113 11178
11178 3988 10113
10113 3988 11178
2386 2554 3894
2554 2386 3894
3894 2386 2554
14875 3977 5235
3977 5235 14875
5235 3977 14875
1916 291 5093
291 1916 5093
5093 291 1916
4040 4796 9209
9209 4040 4796
4796 4040 9209
4360 5067 8365
5067 4360 8365
8365 4360 5067
14619 3739 5134
5134 3739 14619
3739 5134 14619
10015 218 11349
11349 218 10015
218 10015 11349
3774 10880 14915
10880 3774 14915
14915 3774 10880
1946 1364 3706
1364 1946 3706
3706 1364 1946
2606 1824 10513
1824 2606 10513
10513 1824 2606
5591 6823 12002
6823 5591 12002
12002 5591 6823
4724 7581 12988
12988 4724 7581
7581 4724 12988
2547 3532 5863
5863 2547 3532
3532 2547 5863
12509 9244 12760
12760 9244 12509
9244 12509 12760
301 5631 12352
12352 301 5631
5631 301 12352
6567 8104 9039
8104 6567 9039
9039 6567 8104
2664 10692 13393
10692 2664 13393
13393 2664 10692
10778 6844 10865
6844 10778 10865
10865 6844 10778
2482 1605 7492
1605 2482 7492
7492 1605 2482
12276 10863 13709
10863 12276 13709
13709 10863 12276
181 13566 14308
14308 181 13566
13566 181 14308
6034 3651 7133
7133 3651 6034
3651 6034 7133
14081 1614 4081
4081 1614 14081
1614 4081 14081
10332 3805 13909
3805 10332 13909
13909 3805 10332
5707 9503 13307
13307 5707 9503
9503 5707 13307
4989 4898 12825
12825 4898 4989
4898 4989 12825
8014 1280 11815
1280 8014 11815
11815 1280 8014
13464 4540 4646
4646 4540 13464
4540 4646 13464
14146 12943 13889
13889 12943 14146
12943 13889 14146
11334 8046 14403
14403 8046 11334
8046 11334 14403
1259 3663 4331
3663 1259 4331
4331 1259 3663
11143 3557 9836
3557 9836 11143
9836 3557 11143
4265 6928 11252
6928 4265 11252
11252 4265 6928
9739 45 4334
4334 45 9739
45 4334 9739
9113 1057 12605
12605 1057 9113
1057 9113 12605
4383 1626 7594
1626 4383 7594
7594 1626 4383
14961 1306 14446
1306 14446 14961
14446 1306 14961
3306 2025 10247
2025 3306 10247
10247 2025 3306
8036 9627 10562
10562 8036 9627
9627 8036 10562
10918 3046 4092
4092 3046 10918
3046 4092 10918
4538 11 14995
11 4538 14995
14995 11 4538
3502 4833 12940
12940 3502 4833
4833 3502 12940
2213 6500 14361
6500 2213 14361
14361 2213 6500
4926 3124 4007
3124 4007 4926
4007 3124 4926
9961 5981 10649
5981 9961 10649
10649 5981 9961
1469 10137 12000
12000 1469 10137
10137 1469 12000
5932 1782 7035
7035 1782 5932
1782 5932 7035
969 5538 13519
13519 969 5538
5538 969 13519
7450 10579 13955
13955 7450 10579
10579 7450 13955
2873 6325 13758
6325 2873 13758
13758 2873 6325
4814 11599 12517
11599 4814 12517
12517 4814 11599
9598 3811 4292
4292 3811 9598
3811 4292 9598
3040 2970 11176
11176 2970 3040
2970 3040 11176
713 5949 10439
10439 713 5949
5949 713 10439
1124 5847 14522
5847 1124 14522
14522 1124 5847
8137 11267 12494
12494 8137 11267
11267 8137 12494
5540 363 13555
363 5540 13555
13555 363 5540
12593 1807 4451
1807 4451 12593
4451 1807 12593
11669 93 4096
4096 93 11669
93 4096 11669
1575 10946 14725
10946 1575 14725
14725 1575 10946
1263 171 2371
171 1263 2371
2371 171 1263
11342 392 9936
9936 392 11342
392 9936 11342
9696 3985 9041
3985 9041 9696
9041 3985 9696
6481 4754 6905
6905 4754 6481
4754 6481 6905
13312 11239 13947
11239 13312 13947
13947 11239 13312
13367 1086 9406
9406 1086 13367
1086 9406 13367
8738 7565 11299
7565 8738 11299
11299 7565 8738
12444 9599 9605
9605 9599 12444
9599 9605 12444
13698 842 14873
14873 842 13698
842 13698 14873
5017 6217 14285
14285 5017 6217
6217 5017 14285
9678 6529 10872
10872 6529 9678
6529 9678 10872
912 935 6798
935 912 6798
6798 912 935
10009 636 14298
636 10009 14298
14298 636 10009
4799 9123 12673
9123 4799 12673
12673 4799 9123
4401 2089 5467
2089 4401 5467
5467 2089 4401
3087 5998 12239
12239 3087 5998
5998 3087 12239
12219 4652 5743
4652 5743 12219
5743 4652 12219
10017 3331 14668
14668 3331 10017
3331 10017 14668
11496 1457 10936
1457 10936 11496
10936 1457 11496
32 7957 8988
7957 32 8988
8988 32 7957
12551 2613 5351
2613 5351 12551
5351 2613 12551
9862 7461 13086
13086 7461 9862
7461 9862 13086
10812 9693 14666
9693 10812 14666
14666 9693 10812
937 9824 10219
10219 937 9824
9824 937 10219
8281 6344 13535
6344 8281 13535
13535 6344 8281
4579 5355 11207
11207 4579 5355
5355 4579 11207
10527 2385 12389
2385 10527 12389
12389 2385 10527
14163 3702 6381
3702 6381 14163
6381 3702 14163
12787 1426 6537
1426 6537 12787
6537 1426 12787
3762 6662 10083
10083 3762 6662
6662 3762 10083
4065 8681 8894
8894 4065 8681
8681 4065 8894
10035 13600 14317
14317 10035 13600
13600 10035 14317
13057 2042 12807
12807 2042 13057
2042 12807 13057
7661 318 14503
14503 318 7661
318 7661 14503
11182 2995 9988
9988 2995 11182
2995 9988 11182
13504 2631 5295
2631 5295 13504
5295 2631 13504
3170 3255 10585
3255 3170 10585
10585 3170 3255
4372 3363 8169
3363 4372 8169
8169 3363 4372
1578 911 4957
4957 911 1578
911 1578 4957
1972 4295 8476
4295 1972 8476
8476 1972 4295
14089 646 14498
14498 646 14089
646 14089 14498
10621 10138 10660
10660 10138 10621
10138 10621 10660
11987 9661 12135
12135 9661 11987
9661 11987 12135
8182 7150 10463
7150 8182 10463
10463 7150 8182
10885 1053 7408
7408 1053 10885
1053 7408 10885
5300 7959 11259
11259 5300 7959
7959 5300 11259
11647 836 7216
836 7216 11647
7216 836 11647
3545 2956 7127
2956 3545 7127
7127 2956 3545
6067 4205 8812
4205 6067 8812
8812 4205 6067
8679 6044 11791
6044 8679 11791
11791 6044 8679
6514 3176 6585
3176 6514 6585
6585 3176 6514
7521 307 1989
1989 307 7521
307 1989 7521
5980 6594 7199
7199 5980 6594
6594 5980 7199
3804 6094 14951
14951 3804 6094
6094 3804 14951
9163 3290 10657
3290 9163 10657
10657 3290 9163
12658 8525 12848
8525 12658 12848
12848 8525 12658
14270 1694 8500
1694 8500 14270
8500 1694 14270
13272 3322 12004
3322 12004 13272
12004 3322 13272
14536 9745 10916
10916 9745 14536
9745 10916 14536
6745 4209 7783
7783 4209 6745
4209 6745 7783
3843 1335 2245
2245 1335 3843
1335 2245 3843
7998 13186 14649
14649 7998 13186
13186 7998 14649
4661 2217 10095
2217 4661 10095
10095 2217 4661
5962 5567 7531
5567 5962 7531
7531 5567 5962
11411 11275 12016
11275 11411 12016
12016 11275 11411
5814 14487 14936
14487 5814 14936
14936 5814 14487
7183 2557 9760
9760 2557 7183
2557 7183 9760
9905 6147 8090
6147 8090 9905
8090 6147 9905
9850 6910 11938
11938 6910 9850
6910 9850 11938
11033 2150 6597
6597 2150 11033
2150 6597 11033
14907 1773 1932
1932 1773 14907
1773 1932 14907
2625 6235 14229
6235 2625 14229
14229 2625 6235
3579 678 14712
678 3579 14712
14712 678 3579
7067 10507 13408
10507 7067 13408
13408 7067 10507
14101 7031 9347
9347 7031 14101
7031 9347 14101
13219 6960 7365
6960 7365 13219
7365 6960 13219
2935 7241 11576
11576 2935 7241
7241 2935 11576
8352 3267 6946
6946 3267 8352
3267 6946 8352
8374 3808 11894
11894 3808 8374
3808 8374 11894
1657 740 9472
9472 740 1657
740 1657 9472
1378 10341 12567
10341 1378 12567
12567 1378 10341
11851 1695 4150
1695 4150 11851
4150 1695 11851
5101 10075 13406
10075 5101 13406
13406 5101 10075
745 1944 2871
1944 745 2871
2871 745 1944
6525 3330 14560
14560 3330 6525
3330 6525 14560
11455 2566 13198
2566 11455 13198
13198 2566 11455
6455 7446 11229
11229 6455 7446
7446 6455 11229
10139 624 8704
8704 624 10139
624 8704 10139
10702 987 14756
14756 987 10702
987 10702 14756
14375 1890 3026
3026 1890 14375
1890 3026 14375
3213 2707 9816
9816 2707 3213
2707 3213 9816
337 7201 11249
11249 337 7201
7201 337 11249
14982 6298 8850
8850 6298 14982
6298 8850 14982
11996 4985 9903
4985 9903 11996
9903 4985 11996
13573 3817 14770
3817 13573 14770
14770 3817 13573
1150 1642 13424
1642 1150 13424
13424 1150 1642
14301 1565 3014
3014 1565 14301
1565 3014 14301
2315 8129 14475
8129 2315 14475
14475 2315 8129
5001 3632 13843
13843 3632 5001
3632 5001 13843
11106 59 12216
59 11106 12216
12216 59 11106
11078 7974 9088
7974 9088 11078
9088 7974 11078
14825 2159 10183
10183 2159 14825
2159 10183 14825
141 2763 14769
14769 141 2763
2763 141 14769
7897 7908 10694
10694 7897 7908
7908 7897 10694
6838 8435 10267
8435 6838 10267
10267 6838 8435
8052 4037 14717
14717 4037 8052
4037 8052 14717
12453 2273 2913
2913 2273 12453
2273 2913 12453
13702 4353 12922
12922 4353 13702
4353 12922 13702
14824 2388 7747
7747 2388 14824
2388 7747 14824
11587 13852 14667
14667 11587 13852
13852 11587 14667
12990 4160 6130
4160 6130 12990
6130 4160 12990
3288 6199 12367
6199 3288 12367
12367 3288 6199
6233 6821 10320
10320 6233 6821
6821 6233 10320
10069 11332 13212
11332 10069 13212
13212 10069 11332
12832 4461 12348
12348 4461 12832
4461 12348 12832
12032 1394 1781
1394 1781 12032
1781 1394 12032
14302 10330 11518
10330 11518 14302
11518 10330 14302
13009 4509 10813
10813 4509 13009
4509 10813 13009
12407 5663 11714
5663 11714 12407
11714 5663 12407
4195 10848 13765
10848 4195 13765
13765 4195 10848
12577 11145 14883
11145 12577 14883
14883 11145 12577
10466 2128 14173
2128 10466 14173
14173 2128 10466
770 2115 10510
2115 770 10510
10510 770 2115
1934 2376 7208
2376 1934 7208
7208 1934 2376
422 851 4632
4632 422 851
851 422 4632
2029 3802 9866
3802 2029 9866
9866 2029 3802
14888 5311 6111
5311 6111 14888
6111 5311 14888
4810 6351 6479
6351 4810 6479
6479 4810 6351
13874 11697 11823
11697 11823 13874
11823 11697 13874
6456 864 9586
864 6456 9586
9586 864 6456
1107 2589 6979
6979 1107 2589
2589 1107 6979
14745 13514 13949
13949 13514 14745
13514 13949 14745
447 6758 7072
7072 447 6758
6758 447 7072
6374 4758 7299
7299 4758 6374
4758 6374 7299
13509 2265 4594
2265 4594 13509
4594 2265 13509
14022 7745 13106
13106 7745 14022
7745 13106 14022
9320 2289 10807
2289 9320 10807
10807 2289 9320
12049 13771 14665
13771 12049 14665
14665 12049 13771
2685 1353 9267
1353 2685 9267
9267 1353 2685
9146 4105 8790
4105 8790 9146
8790 4105 9146
13369 564 14782
564 13369 14782
14782 564 13369
11633 5287 9714
5287 9714 11633
9714 5287 11633
6203 8718 10347
10347 6203 8718
8718 6203 10347
9317 5536 8734
5536 8734 9317
8734 5536 9317
602 714 11477
714 602 11477
11477 602 714
14541 1309 10227
1309 10227 14541
10227 1309 14541
11975 504 2890
2890 504 11975
504 2890 11975
9533 10758 10987
10987 9533 10758
10758 9533 10987
1317 6522 14127
14127 1317 6522
6522 1317 14127
5597 7332 10432
10432 5597 7332
7332 5597 10432
930 1327 9902
1327 930 9902
9902 930 1327
14695 6058 11354
11354 6058 14695
6058 11354 14695
11500 7413 9350
9350 7413 11500
7413 9350 11500
14559 5491 13471
13471 5491 14559
5491 13471 14559
2418 791 11836
791 2418 11836
11836 791 2418
10634 11968 13558
11968 10634 13558
13558 10634 11968
4243 7211 10890
10890 4243 7211
7211 4243 10890
9036 9229 14564
9229 9036 14564
14564 9036 9229
1638 462 14567
14567 462 1638
462 1638 14567
5873 9432 14601
14601 5873 9432
9432 5873 14601
1134 9242 10929
9242 1134 10929
10929 1134 9242
838 1569 10333
10333 838 1569
1569 838 10333
1831 1579 11068
1579 1831 11068
11068 1579 1831
5062 5494 8662
8662 5062 5494
5494 5062 8662
13180 5551 14450
14450 5551 13180
5551 13180 14450
9608 7019 10243
7019 9608 10243
10243 7019 9608
4157 6556 12031
12031 4157 6556
6556 4157 12031
6421 1970 10365
10365 1970 6421
1970 6421 10365
9934 6969 12648
6969 9934 12648
12648 6969 9934
4907 3128 6881
6881 3128 4907
3128 4907 6881
6591 12087 12173
12087 6591 12173
12173 6591 12087
10888 8543 9592
8543 9592 10888
9592 8543 10888
11652 3527 7082
7082 3527 11652
3527 7082 11652
8204 8159 13591
13591 8159 8204
8159 8204 13591
14576 13010 13143
13010 13143 14576
13143 13010 14576
3538 6997 13497
6997 3538 13497
13497 3538 6997
4515 295 8326
295 4515 8326
8326 295 4515
7163 1091 6099
1091 6099 7163
6099 1091 7163
10282 9766 12361
9766 10282 12361
12361 9766 10282
6193 9171 12418
12418 6193 9171
9171 6193 12418
10448 7859 8172
7859 8172 10448
8172 7859 10448
11822 9794 10561
10561 9794 11822
9794 10561 11822
13324 1689 12583
12583 1689 13324
1689 12583 13324
2177 11166 13601
11166 2177 13601
13601 2177 11166
5197 286 6341
6341 286 5197
286 5197 6341
11394 10584 14266
10584 11394 14266
14266 10584 11394
9247 1783 7141
1783 7141 9247
7141 1783 9247
4325 133 1826
1826 133 4325
133 1826 4325
4769 5621 11719
5621 4769 11719
11719 4769 5621
11997 10142 12938
10142 11997 12938
12938 10142 11997
10583 5730 10493
10493 5730 10583
5730 10493 10583
11284 1281 8294
8294 1281 11284
1281 8294 11284
11788 7051 12723
12723 7051 11788
7051 11788 12723
4947 2675 4204
2675 4204 4947
4204 2675 4947
14796 2948 12982
2948 12982 14796
12982 2948 14796
10769 566 7252
566 7252 10769
7252 566 10769
8821 2773 4808
4808 2773 8821
2773 4808 8821
1437 13941 14598
13941 1437 14598
14598 1437 13941
744 1406 3256
1406 744 3256
3256 744 1406
14922 3797 6947
3797 6947 14922
6947 3797 14922
10517 5878 12346
5878 10517 12346
12346 5878 10517
2149 7129 12121
7129 2149 12121
12121 2149 7129
5795 6896 11397
6896 5795 11397
11397 5795 6896
604 7671 14599
14599 604 7671
7671 604 14599
3450 2299 3846
2299 3450 3846
3846 2299 3450
5158 559 2862
559 2862 5158
2862 559 5158
1883 2339 14407
2339 1883 14407
14407 1883 2339
7635 6562 6731
6731 6562 7635
6562 6731 7635
3954 2692 9960
2692 3954 9960
9960 2692 3954
9857 344 13777
344 9857 13777
13777 344 9857
10120 7271 10129
10129 7271 10120
7271 10120 10129
5682 3086 10254
3086 5682 10254
10254 3086 5682
2681 1787 12241
1787 2681 12241
12241 1787 2681
5731 8853 11125
11125 5731 8853
8853 5731 11125
9779 668 5493
5493 668 9779
668 5493 9779
10479 8913 13986
13986 8913 10479
8913 10479 13986
2184 12766 13525
12766 2184 13525
13525 2184 12766
12781 282 13988
13988 282 12781
282 12781 13988
10206 12021 13379
12021 10206 13379
13379 10206 12021
9054 7811 14611
7811 9054 14611
14611 7811 9054
1458 6738 10765
10765 1458 6738
6738 1458 10765
13409 586 9341
9341 586 13409
586 9341 13409
12183 1405 8393
8393 1405 12183
1405 8393 12183
11826 3334 11604
11604 3334 11826
3334 11604 11826
13003 2624 12229
2624 12229 13003
12229 2624 13003
14329 13915 14696
13915 14329 14696
14696 13915 14329
10875 4519 13880
13880 4519 10875
4519 10875 13880
13448 2579 5408
2579 5408 13448
5408 2579 13448
787 2381 3878
3878 787 2381
2381 787 3878
14486 5876 14322
5876 14322 14486
14322 5876 14486
11513 2843 14419
2843 11513 14419
14419 2843 11513
10401 1479 6231
1479 6231 10401
6231 1479 10401
12783 9505 11071
11071 9505 12783
9505 11071 12783
10982 7923 8331
8331 7923 10982
7923 8331 10982
2405 1753 2926
1753 2405 2926
2926 1753 2405
10708 9512 9750
9512 9750 10708
9750 9512 10708
213 543 8632
8632 213 543
543 213 8632
547 2407 4930
4930 547 2407
2407 547 4930
6526 1340 1422
1340 1422 6526
1422 1340 6526
14730 5925 7827
5925 7827 14730
7827 5925 14730
10735 2552 5995
5995 2552 10735
2552 5995 10735
12493 10251 11971
11971 10251 12493
10251 11971 12493
10171 1842 7231
1842 7231 10171
7231 1842 10171
3588 11902 13017
13017 3588 11902
11902 3588 13017
5521 8740 11875
11875 5521 8740
8740 5521 11875
14452 6576 12998
6576 12998 14452
12998 6576 14452
1435 3372 4530
3372 1435 4530
4530 1435 3372
10360 803 2869
2869 803 10360
803 2869 10360
11685 9628 11054
9628 11054 11685
11054 9628 11685
11370 1543 13645
13645 1543 11370
1543 11370 13645
9138 8069 8232
8069 8232 9138
8232 8069 9138
9019 2679 13149
13149 2679 9019
2679 9019 13149
4678 14061 14352
14352 4678 14061
14061 4678 14352
4452 3681 9539
3681 4452 9539
9539 3681 4452
3571 5290 6347
6347 3571 5290
5290 3571 6347
10472 2373 11684
11684 2373 10472
2373 10472 11684
5429 8770 12473
12473 5429 8770
8770 5429 12473
13157 443 4183
443 4183 13157
4183 443 13157
5203 2182 3343
3343 2182 5203
2182 3343 5203
5052 1233 2312
1233 2312 5052
2312 1233 5052
11123 11403 12930
11403 11123 12930
12930 11123 11403
10040 9865 13193
9865 10040 13193
13193 9865 10040
9645 647 12499
647 9645 12499
12499 647 9645
11314 1495 10217
1495 10217 11314
10217 1495 11314
7987 6171 11648
11648 6171 7987
6171 7987 11648
435 3080 4893
4893 435 3080
3080 435 4893
10669 7896 13811
7896 10669 13811
13811 7896 10669
7085 6423 13798
6423 7085 13798
13798 6423 7085
11695 8736 13921
8736 11695 13921
13921 8736 11695
1837 10115 14966
10115 1837 14966
14966 1837 10115
7640 7209 8228
7209 7640 8228
8228 7209 7640
14958 809 5578
809 5578 14958
5578 809 14958
14542 9170 13557
13557 9170 14542
9170 13557 14542
998 3013 8385
8385 998 3013
3013 998 8385
11107 1315 14893
1315 11107 14893
14893 1315 11107
4699 1521 12820
12820 1521 4699
1521 4699 12820
13119 7726 12039
7726 12039 13119
12039 7726 13119
4889 3278 7440
7440 3278 4889
3278 4889 7440
8187 1980 2354
2354 1980 8187
1980 2354 8187
10902 6898 12656
6898 10902 12656
12656 6898 10902
1692 2474 3573
3573 1692 2474
2474 1692 3573
14840 9204 13434
13434 9204 14840
9204 13434 14840
6899 1602 5224
1602 5224 6899
5224 1602 6899
14524 11935 12146
11935 12146 14524
12146 11935 14524
12581 4922 9524
4922 9524 12581
9524 4922 12581
3294 5205 8177
8177 3294 5205
5205 3294 8177
3015 6819 12657
6819 3015 12657
12657 3015 6819
6251 3329 3752
3752 3329 6251
3329 3752 6251
1447 13527 14956
13527 1447 14956
14956 1447 13527
8158 2064 7677
2064 7677 8158
7677 2064 8158
10900 3458 8364
8364 3458 10900
3458 8364 10900
2515 6112 9671
6112 2515 9671
9671 2515 6112
11232 1300 5161
1300 5161 11232
5161 1300 11232
2326 729 4863
729 2326 4863
4863 729 2326
7040 3052 4717
4717 3052 7040
3052 4717 7040
9834 5299 7889
5299 7889 9834
7889 5299 9834
8146 1 9625
9625 1 8146
1 8146 9625
11361 5778 7997
5778 7997 11361
7997 5778 11361
9682 3754 13366
3754 9682 13366
13366 3754 9682
14058 3419 14923
3419 14058 14923
14923 3419 14058
13787 6532 12464
6532 12464 13787
12464 6532 13787
2047 7397 10345
7397 2047 10345
10345 2047 7397
13447 486 12003
486 12003 13447
12003 486 13447
721 3552 7564
7564 721 3552
3552 721 7564
3104 1484 7543
7543 1484 3104
1484 3104 7543
6402 7687 9035
9035 6402 7687
7687 6402 9035
4520 2754 13770
13770 2754 4520
2754 4520 13770
5823 4148 6719
4148 5823 6719
6719 4148 5823
8040 6055 9747
6055 8040 9747
9747 6055 8040
5654 2659 11886
2659 5654 11886
11886 2659 5654
12416 4017 4998
4998 4017 12416
4017 4998 12416
3969 5907 9566
9566 3969 5907
5907 3969 9566
210 9904 11404
11404 210 9904
9904 210 11404
6430 120 1206
120 1206 6430
1206 120 6430
6830 1508 7779
7779 1508 6830
1508 6830 7779
12033 10610 10687
10687 10610 12033
10610 10687 12033
10605 7234 14130
14130 7234 10605
7234 10605 14130
1601 5604 11692
5604 1601 11692
11692 1601 5604
10674 3578 6793
3578 6793 10674
6793 3578 10674
4427 1974 3374
1974 3374 4427
3374 1974 4427
476 2409 5193
5193 476 2409
2409 476 5193
2208 5590 7911
5590 2208 7911
7911 2208 5590
13981 4377 10500
4377 10500 13981
10500 4377 13981
4880 3430 11037
11037 3430 4880
3430 4880 11037
14946 4050 12638
12638 4050 14946
4050 12638 14946
6466 9838 11313
11313 6466 9838
9838 6466 11313
6303 10607 13163
10607 6303 13163
13163 6303 10607
9601 1227 8907
1227 8907 9601
8907 1227 9601
3304 2999 6834
2999 3304 6834
6834 2999 3304
14930 2783 6088
2783 6088 14930
6088 2783 14930
10081 2017 11744
2017 10081 11744
11744 2017 10081
11854 591 6876
591 6876 11854
6876 591 11854
796 6077 12590
12590 796 6077
6077 796 12590
9916 2932 13431
13431 2932 9916
2932 9916 13431
8536 5016 5204
5016 5204 8536
5204 5016 8536
9547 8094 13888
8094 9547 13888
13888 8094 9547
3974 7185 12785
7185 3974 12785
12785 3974 7185
8424 5096 11797
5096 8424 11797
11797 5096 8424
13934 9833 14800
9833 13934 14800
14800 9833 13934
2660 8817 10405
10405 2660 8817
8817 2660 10405
3162 3887 9504
3887 3162 9504
9504 3162 3887
5394 11192 12641
12641 5394 11192
11192 5394 12641
8760 2662 9907
9907 2662 8760
2662 8760 9907
14373 9752 11712
9752 11712 14373
11712 9752 14373
13171 11991 12944
11991 12944 13171
12944 11991 13171
9173 4110 10019
10019 4110 9173
4110 9173 10019
8726 1790 10462
1790 8726 10462
10462 1790 8726
304 5306 5946
5306 304 5946
5946 304 5306
5571 397 7339
397 5571 7339
7339 397 5571
6518 10478 11923
10478 6518 11923
11923 6518 10478
4258 2335 7366
7366 2335 4258
2335 4258 7366
8300 6534 13200
6534 8300 13200
13200 6534 8300
7963 420 436
420 436 7963
436 420 7963
10109 5035 10403
10403 5035 10109
5035 10109 10403
7273 908 12373
12373 908 7273
908 7273 12373
103 5824 8128
5824 103 8128
8128 103 5824
7791 3953 6583
6583 3953 7791
3953 6583 7791
10052 4620 7360
4620 7360 10052
7360 4620 10052
9438 4668 8313
8313 4668 9438
4668 8313 9438
8884 2236 12797
12797 2236 8884
2236 8884 12797
7525 1352 5893
1352 5893 7525
5893 1352 7525
3435 10026 12521
10026 3435 12521
12521 3435 10026
10530 10158 12639
10158 10530 12639
12639 10158 10530
7456 14392 14863
14392 7456 14863
14863 7456 14392
7416 880 4910
880 4910 7416
4910 880 7416
9809 13121 14497
13121 9809 14497
14497 9809 13121
410 7355 7540
7540 410 7355
7355 410 7540
13293 6505 9374
6505 9374 13293
9374 6505 13293
3400 339 10568
339 3400 10568
10568 339 3400
818 6902 13960
6902 818 13960
13960 818 6902
12558 4404 14597
4404 12558 14597
14597 4404 12558
1700 4155 10482
4155 1700 10482
10482 1700 4155
5438 2021 9017
2021 5438 9017
9017 2021 5438
5499 1975 8220
1975 5499 8220
8220 1975 5499
8121 3596 9061
9061 3596 8121
3596 8121 9061
12148 2880 12885
2880 12148 12885
12885 2880 12148
13500 4516 11109
11109 4516 13500
4516 11109 13500
7764 5337 5609
5337 5609 7764
5609 5337 7764
13377 544 9702
9702 544 13377
544 9702 13377
6674 3340 14075
3340 6674 14075
14075 3340 6674
5239 2104 3880
3880 2104 5239
2104 3880 5239
12095 705 1809
1809 705 12095
705 1809 12095
3796 4044 4583
4044 3796 4583
4583 3796 4044
8803 2701 4193
4193 2701 8803
2701 4193 8803
10044 116 12194
116 10044 12194
12194 116 10044
4095 2090 3396
2090 3396 4095
3396 2090 4095
9880 470 10038
10038 470 9880
470 9880 10038
8881 6999 12504
6999 8881 12504
12504 6999 8881
1226 7194 8642
8642 1226 7194
7194 1226 8642
3549 1829 10458
1829 3549 10458
10458 1829 3549
3886 5188 10464
5188 3886 10464
10464 3886 5188
14212 13311 13668
13311 13668 14212
13668 13311 14212
3825 648 13078
648 3825 13078
13078 648 3825
5109 3633 9726
9726 3633 5109
3633 5109 9726
5768 1173 7949
7949 1173 5768
1173 5768 7949
38 4818 10268
10268 38 4818
4818 38 10268
