3842 2812 10366
2812 3842 10366
10366 2812 3842
2742 427 6442
427 2742 6442
6442 427 2742
11669 2698 8742
8742 2698 11669
2698 8742 11669
4982 1425 11317
1425 4982 11317
11317 1425 4982
5310 11114 12342
11114 5310 12342
12342 5310 11114
2505 4768 8992
8992 2505 4768
4768 2505 8992
8905 575 6110
6110 575 8905
575 6110 8905
7974 4801 13174
13174 4801 7974
4801 7974 13174
13359 9143 14913
9143 13359 14913
14913 9143 13359
4889 4606 14973
4606 4889 14973
14973 4606 4889
3879 1452 10298
10298 1452 3879
1452 3879 10298
2272 6447 12248
12248 2272 6447
6447 2272 12248
10761 980 2049
2049 980 10761
980 2049 10761
12176 1412 2995
2995 1412 12176
1412 2995 12176
12481 11132 13048
13048 11132 12481
11132 12481 13048
7494 8729 13497
8729 7494 13497
13497 7494 8729
10332 6006 13763
6006 10332 13763
13763 6006 10332
3817 10862 12637
10862 3817 12637
12637 3817 10862
8038 6759 14366
6759 8038 14366
14366 6759 8038
14267 5691 12097
5691 12097 14267
12097 5691 14267
7034 9385 12065
9385 7034 12065
12065 7034 9385
7753 6785 11341
6785 7753 11341
11341 6785 7753
823 9860 12499
9860 823 12499
12499 823 9860
12050 4485 14184
14184 4485 12050
4485 12050 14184
9789 1762 7710
1762 7710 9789
7710 1762 9789
5215 3871 8562
8562 3871 5215
3871 5215 8562
8618 5531 6980
5531 6980 8618
6980 5531 8618
4785 3529 14214
3529 4785 14214
14214 3529 4785
13510 1641 5543
5543 1641 13510
1641 5543 13510
6947 2202 7930
7930 2202 6947
2202 6947 7930
13475 11295 14047
14047 11295 13475
11295 13475 14047
7139 5991 9302
9302 5991 7139
5991 7139 9302
1862 6339 13208
6339 1862 13208
13208 1862 6339
13827 2060 6381
6381 2060 13827
2060 6381 13827
10857 1114 2735
2735 1114 10857
1114 2735 10857
3537 5268 14023
14023 3537 5268
5268 3537 14023
13702 6732 13251
6732 13251 13702
13251 6732 13702
11663 5507 10161
10161 5507 11663
5507 10161 11663
11254 2443 13623
13623 2443 11254
2443 11254 13623
5050 11529 14010
14010 5050 11529
11529 5050 14010
128 13828 14334
13828 128 14334
14334 128 13828
8898 244 14861
14861 244 8898
244 8898 14861
585 3372 11264
11264 585 3372
3372 585 11264
6658 188 1517
188 1517 6658
1517 188 6658
3133 9554 14459
14459 3133 9554
9554 3133 14459
9188 749 10217
10217 749 9188
749 9188 10217
14838 1341 10475
1341 10475 14838
10475 1341 14838
856 1474 2695
1474 856 2695
2695 856 1474
1396 888 11307
888 1396 11307
11307 888 1396
13162 1081 9512
9512 1081 13162
1081 9512 13162
6140 1985 14235
1985 6140 14235
14235 1985 6140
14615 1414 2006
1414 2006 14615
2006 1414 14615
5345 8692 9055
8692 5345 9055
9055 5345 8692
11039 4535 14200
4535 11039 14200
14200 4535 11039
14386 2600 12362
12362 2600 14386
2600 12362 14386
13839 761 6649
761 6649 13839
6649 761 13839
7747 5944 7797
7797 5944 7747
5944 7747 7797
2119 10957 13297
10957 2119 13297
13297 2119 10957
6134 7810 9226
9226 6134 7810
7810 6134 9226
3637 10456 13888
10456 3637 13888
13888 3637 10456
5939 3471 12483
12483 3471 5939
3471 5939 12483
2593 12092 13385
12092 2593 13385
13385 2593 12092
3785 263 11547
263 3785 11547
11547 263 3785
6108 3496 10347
10347 3496 6108
3496 6108 10347
9646 2137 9473
2137 9473 9646
9473 2137 9646
13291 5250 12631
5250 12631 13291
12631 5250 13291
8616 10889 11398
11398 8616 10889
10889 8616 11398
1980 3653 4194
3653 1980 4194
4194 1980 3653
2549 5749 11519
5749 2549 11519
11519 2549 5749
9821 4336 8281
8281 4336 9821
4336 8281 9821
12069 4857 6541
4857 6541 12069
6541 4857 12069
4214 5514 10514
10514 4214 5514
5514 4214 10514
5917 4378 11430
4378 5917 11430
11430 4378 5917
8810 7231 13924
7231 8810 13924
13924 7231 8810
3201 3257 14818
3257 3201 14818
14818 3201 3257
14062 2590 3262
3262 2590 14062
2590 3262 14062
14610 1006 5623
1006 5623 14610
5623 1006 14610
4473 6909 10432
10432 4473 6909
6909 4473 10432
13593 1014 8655
8655 1014 13593
1014 8655 13593
13459 2367 6642
2367 6642 13459
6642 2367 13459
11538 6942 11986
6942 11538 11986
11986 6942 11538
3983 2456 14771
2456 3983 14771
14771 2456 3983
9922 5313 14936
5313 9922 14936
14936 5313 9922
7717 8184 8781
8781 7717 8184
8184 7717 8781
600 1573 7015
1573 600 7015
7015 600 1573
168 2946 12721
12721 168 2946
2946 168 12721
14930 2878 11109
11109 2878 14930
2878 11109 14930
14185 9113 14900
9113 14185 14900
14900 9113 14185
9 1289 7586
1289 9 7586
7586 9 1289
11673 5070 13231
13231 5070 11673
5070 11673 13231
1488 3402 9492
9492 1488 3402
3402 1488 9492
7731 2658 2710
2710 2658 7731
2658 2710 7731
6240 1462 8317
1462 6240 8317
8317 1462 6240
11428 8341 12840
12840 8341 11428
8341 11428 12840
9623 7068 12891
12891 7068 9623
7068 9623 12891
2833 670 14466
14466 670 2833
670 2833 14466
8785 518 2929
2929 518 8785
518 2929 8785
7957 708 4560
4560 708 7957
708 4560 7957
7394 3952 7737
3952 7394 7737
7737 3952 7394
2361 1218 13897
1218 2361 13897
13897 1218 2361
12700 6321 14954
6321 12700 14954
14954 6321 12700
6502 9166 12372
9166 6502 12372
12372 6502 9166
2773 299 10922
299 2773 10922
10922 299 2773
11255 9994 10774
10774 9994 11255
9994 10774 11255
6185 3356 8359
8359 3356 6185
3356 6185 8359
9327 6577 11403
11403 6577 9327
6577 9327 11403
5775 5017 8185
5017 5775 8185
8185 5017 5775
10764 4162 4281
4281 4162 10764
4162 4281 10764
601 4491 9120
9120 601 4491
4491 601 9120
8251 8650 11802
11802 8251 8650
8650 8251 11802
13809 3861 5494
3861 5494 13809
5494 3861 13809
9552 10031 10412
10031 9552 10412
10412 9552 10031
11187 3848 12198
3848 11187 12198
12198 3848 11187
9293 297 7755
7755 297 9293
297 7755 9293
12075 5399 7629
5399 7629 12075
7629 5399 12075
13730 4972 7234
7234 4972 13730
4972 7234 13730
9021 6398 8396
8396 6398 9021
6398 8396 9021
12425 3390 9733
9733 3390 12425
3390 9733 12425
12275 7852 12884
12884 7852 12275
7852 12275 12884
10958 5147 14014
5147 10958 14014
14014 5147 10958
14882 1565 14881
14881 1565 14882
1565 14881 14882
8335 5030 7749
7749 5030 8335
5030 7749 8335
2480 7155 9423
9423 2480 7155
7155 2480 9423
9661 2627 9896
9896 2627 9661
2627 9661 9896
13461 2772 3526
3526 2772 13461
2772 3526 13461
7764 13456 14460
14460 7764 13456
13456 7764 14460
8636 537 7501
537 7501 8636
7501 537 8636
1208 2626 14703
14703 1208 2626
2626 1208 14703
2548 5970 13423
5970 2548 13423
13423 2548 5970
13525 539 13091
539 13091 13525
13091 539 13525
7230 4483 13594
13594 4483 7230
4483 7230 13594
7287 6643 12612
12612 6643 7287
6643 7287 12612
10409 4364 12263
12263 4364 10409
4364 10409 12263
8383 58 11446
58 8383 11446
11446 58 8383
1582 2866 4823
4823 1582 2866
2866 1582 4823
2467 1346 10069
10069 1346 2467
1346 2467 10069
2419 1656 14603
14603 1656 2419
1656 2419 14603
13591 6067 7253
7253 6067 13591
6067 7253 13591
9465 2966 11755
11755 2966 9465
2966 9465 11755
8084 8573 14035
8573 8084 14035
14035 8084 8573
10383 1010 5919
1010 5919 10383
5919 1010 10383
9285 8136 13424
8136 9285 13424
13424 8136 9285
6270 4085 4675
4085 4675 6270
4675 4085 6270
662 8471 10788
10788 662 8471
8471 662 10788
206 5839 9298
5839 206 9298
9298 206 5839
9827 3976 11278
11278 3976 9827
3976 9827 11278
9168 1912 1914
1912 1914 9168
1914 1912 9168
8121 3676 5403
3676 5403 8121
5403 3676 8121
14612 3510 7073
3510 7073 14612
7073 3510 14612
6239 5372 12609
12609 5372 6239
5372 6239 12609
6651 11026 14696
14696 6651 11026
11026 6651 14696
2916 2048 3195
2048 2916 3195
3195 2048 2916
202 2784 7561
7561 202 2784
2784 202 7561
10446 9304 14744
14744 9304 10446
9304 10446 14744
10778 9602 11251
9602 10778 11251
11251 9602 10778
7675 5569 6727
6727 5569 7675
5569 6727 7675
11533 4993 10843
10843 4993 11533
4993 10843 11533
13220 10937 12605
12605 10937 13220
10937 12605 13220
9637 13947 14121
14121 9637 13947
13947 9637 14121
14072 1466 12619
1466 12619 14072
12619 1466 14072
6755 2497 10909
10909 2497 6755
2497 6755 10909
11259 10715 14816
10715 11259 14816
14816 10715 11259
9833 1587 7177
1587 7177 9833
7177 1587 9833
13309 515 10600
515 10600 13309
10600 515 13309
2196 7406 13666
13666 2196 7406
7406 2196 13666
2670 2 11651
11651 2 2670
2 2670 11651
889 7421 13991
13991 889 7421
7421 889 13991
1800 5880 11818
11818 1800 5880
5880 1800 11818
14114 8343 14590
8343 14114 14590
14590 8343 14114
6362 1039 6428
6428 1039 6362
1039 6362 6428
31 3875 13452
13452 31 3875
3875 31 13452
11019 1810 5112
1810 5112 11019
5112 1810 11019
9243 5692 6725
5692 6725 9243
6725 5692 9243
9945 10215 12308
10215 9945 12308
12308 9945 10215
6408 4127 5594
5594 4127 6408
4127 5594 6408
1521 7538 10496
7538 1521 10496
10496 1521 7538
13504 7098 9750
9750 7098 13504
7098 9750 13504
756 3218 11047
3218 756 11047
11047 756 3218
3216 10317 12037
12037 3216 10317
10317 3216 12037
9266 2838 14693
14693 2838 9266
2838 9266 14693
8923 5443 6529
5443 6529 8923
6529 5443 8923
1366 5426 11253
11253 1366 5426
5426 1366 11253
6711 5841 12604
5841 6711 12604
12604 5841 6711
4738 7024 10147
10147 4738 7024
7024 4738 10147
5622 4205 12000
4205 5622 12000
12000 4205 5622
10972 9529 13330
9529 10972 13330
13330 9529 10972
8361 1759 10113
1759 8361 10113
10113 1759 8361
14998 9090 11400
11400 9090 14998
9090 11400 14998
5988 10897 13454
13454 5988 10897
10897 5988 13454
1948 3528 6241
6241 1948 3528
3528 1948 6241
10176 6051 9011
9011 6051 10176
6051 9011 10176
4014 7547 11939
11939 4014 7547
7547 4014 11939
162 1947 2707
1947 162 2707
2707 162 1947
13427 2999 14324
2999 13427 14324
14324 2999 13427
10137 9191 13185
13185 9191 10137
9191 10137 13185
3975 2454 11025
2454 3975 11025
11025 2454 3975
14547 3844 14916
14916 3844 14547
3844 14547 14916
14446 772 1064
1064 772 14446
772 1064 14446
4058 11494 11894
11894 4058 11494
11494 4058 11894
4814 5883 9159
9159 4814 5883
5883 4814 9159
14982 5293 14919
5293 14919 14982
14919 5293 14982
6192 1149 4126
1149 4126 6192
4126 1149 6192
13209 2493 2820
2820 2493 13209
2493 2820 13209
9939 4053 9579
4053 9579 9939
9579 4053 9939
9732 1133 6504
6504 1133 9732
1133 6504 9732
13903 8169 12857
8169 12857 13903
12857 8169 13903
6325 9419 13974
9419 6325 13974
13974 6325 9419
12424 7337 14895
14895 7337 12424
7337 12424 14895
8360 4041 7517
4041 7517 8360
7517 4041 8360
4451 2286 14484
14484 2286 4451
2286 4451 14484
7290 2677 5950
2677 5950 7290
5950 2677 7290
7318 3523 6090
6090 3523 7318
3523 6090 7318
10904 860 8483
8483 860 10904
860 8483 10904
14752 1330 11073
11073 1330 14752
1330 11073 14752
8135 901 11002
11002 901 8135
901 8135 11002
4067 4908 12963
12963 4067 4908
4908 4067 12963
9840 3605 5582
3605 5582 9840
5582 3605 9840
196 7282 10300
7282 196 10300
10300 196 7282
8144 5226 11747
11747 5226 8144
5226 8144 11747
1387 265 8314
265 1387 8314
8314 265 1387
7855 8049 12404
8049 7855 12404
12404 7855 8049
5879 8384 9125
8384 5879 9125
9125 5879 8384
11004 1032 3336
1032 3336 11004
3336 1032 11004
7945 4704 10172
10172 4704 7945
4704 7945 10172
6904 1622 10941
1622 6904 10941
10941 1622 6904
14352 6681 9024
6681 9024 14352
9024 6681 14352
8894 2000 8678
8678 2000 8894
2000 8678 8894
541 1185 5431
1185 541 5431
5431 541 1185
12835 3634 14020
3634 12835 14020
14020 3634 12835
11414 3340 8192
3340 8192 11414
8192 3340 11414
8665 5186 11424
5186 8665 11424
11424 5186 8665
2057 2702 3140
3140 2057 2702
2702 2057 3140
13982 6801 13364
6801 13364 13982
13364 6801 13982
113 3255 8187
8187 113 3255
3255 113 8187
14455 2017 14946
2017 14455 14946
14946 2017 14455
3099 834 3265
3265 834 3099
834 3099 3265
1369 4353 9702
4353 1369 9702
9702 1369 4353
14045 8481 10714
10714 8481 14045
8481 10714 14045
11123 5183 10052
5183 10052 11123
10052 5183 11123
10232 3103 4257
4257 3103 10232
3103 4257 10232
10367 6215 13863
6215 10367 13863
13863 6215 10367
9283 11668 13874
11668 9283 13874
13874 9283 11668
8456 606 4848
606 4848 8456
4848 606 8456
3784 11008 11055
11055 3784 11008
11008 3784 11055
6765 12157 12303
12157 6765 12303
12303 6765 12157
12042 3343 11966
11966 3343 12042
3343 11966 12042
8387 14175 14312
14312 8387 14175
14175 8387 14312
5137 2253 11752
11752 2253 5137
2253 5137 11752
11465 5639 12733
12733 5639 11465
5639 11465 12733
14156 1320 5193
1320 5193 14156
5193 1320 14156
9290 2951 6159
6159 2951 9290
2951 6159 9290
4792 10896 11789
11789 4792 10896
10896 4792 11789
9886 4036 11499
4036 9886 11499
11499 4036 9886
4427 72 8585
8585 72 4427
72 4427 8585
8367 4326 12929
12929 4326 8367
4326 8367 12929
9942 2009 8907
2009 8907 9942
8907 2009 9942
3515 2091 12679
2091 3515 12679
12679 2091 3515
4718 2025 6548
2025 4718 6548
6548 2025 4718
9598 5367 9295
9295 5367 9598
5367 9295 9598
2115 434 10008
434 2115 10008
10008 434 2115
8409 2849 9957
2849 8409 9957
9957 2849 8409
10198 8822 13261
8822 10198 13261
13261 8822 10198
10903 7259 8020
8020 7259 10903
7259 8020 10903
5094 9724 11324
11324 5094 9724
9724 5094 11324
3900 7684 9463
7684 3900 9463
9463 3900 7684
12447 2344 13842
13842 2344 12447
2344 12447 13842
9476 10486 11869
10486 9476 11869
11869 9476 10486
7844 138 1708
138 1708 7844
1708 138 7844
1795 5019 8871
8871 1795 5019
5019 1795 8871
2251 2213 8944
2213 2251 8944
8944 2213 2251
959 9133 13195
9133 959 13195
13195 959 9133
3024 8423 14078
8423 3024 14078
14078 3024 8423
2190 7735 11624
7735 2190 11624
11624 2190 7735
7402 5640 7308
5640 7308 7402
7308 5640 7402
3642 5185 12076
5185 3642 12076
12076 3642 5185
14049 5975 7679
7679 5975 14049
5975 7679 14049
4836 921 10325
10325 921 4836
921 4836 10325
4045 788 12208
12208 788 4045
788 4045 12208
5366 4929 8850
4929 5366 8850
8850 4929 5366
9773 5021 9498
9498 5021 9773
5021 9498 9773
11672 543 12518
12518 543 11672
543 11672 12518
13847 3945 6437
3945 6437 13847
6437 3945 13847
9401 4421 7498
4421 7498 9401
7498 4421 9401
8884 7628 14961
7628 8884 14961
14961 7628 8884
13677 1066 5184
5184 1066 13677
1066 5184 13677
5152 2458 14569
2458 5152 14569
14569 2458 5152
6815 11001 11224
11224 6815 11001
11001 6815 11224
6645 10744 13526
13526 6645 10744
10744 6645 13526
13715 3709 7636
3709 7636 13715
7636 3709 13715
7706 10209 13304
10209 7706 13304
13304 7706 10209
12175 2295 6145
2295 6145 12175
6145 2295 12175
1409 7100 13633
13633 1409 7100
7100 1409 13633
3813 1638 3559
1638 3559 3813
3559 1638 3813
86 6497 12223
6497 86 12223
12223 86 6497
13887 5545 11283
11283 5545 13887
5545 11283 13887
3304 5390 10158
5390 3304 10158
10158 3304 5390
5807 6009 14773
6009 5807 14773
14773 5807 6009
1636 5753 12021
12021 1636 5753
5753 1636 12021
9548 2033 5257
5257 2033 9548
2033 5257 9548
3405 3965 11495
3965 3405 11495
11495 3405 3965
1271 4659 11572
11572 1271 4659
4659 1271 11572
5083 4387 9803
4387 5083 9803
9803 4387 5083
2760 2740 13960
2740 2760 13960
13960 2740 2760
8913 10489 10932
10932 8913 10489
10489 8913 10932
7977 2696 10071
10071 2696 7977
2696 7977 10071
13352 8570 14652
14652 8570 13352
8570 13352 14652
2075 12999 13241
13241 2075 12999
12999 2075 13241
12374 1957 11024
1957 11024 12374
11024 1957 12374
4787 358 7279
358 4787 7279
7279 358 4787
3555 90 3541
3541 90 3555
90 3541 3555
9852 7124 7428
7428 7124 9852
7124 7428 9852
7674 835 7233
835 7233 7674
7233 835 7674
9310 1124 12159
12159 1124 9310
1124 9310 12159
11396 338 2783
2783 338 11396
338 2783 11396
3212 2031 2110
2110 2031 3212
2031 2110 3212
8961 6846 10728
6846 8961 10728
10728 6846 8961
14628 3253 3880
3880 3253 14628
3253 3880 14628
1170 2905 5078
5078 1170 2905
2905 1170 5078
2640 10478 14906
14906 2640 10478
10478 2640 14906
9859 12207 13628
13628 9859 12207
12207 9859 13628
14541 157 3707
157 3707 14541
3707 157 14541
7763 822 14181
14181 822 7763
822 7763 14181
13619 125 1135
1135 125 13619
125 1135 13619
3717 231 7081
7081 231 3717
231 3717 7081
11787 3401 14754
3401 11787 14754
14754 3401 11787
1950 6962 9471
9471 1950 6962
6962 1950 9471
1960 11013 12968
12968 1960 11013
11013 1960 12968
11058 2576 11975
2576 11058 11975
11975 2576 11058
11585 6435 8555
6435 8555 11585
8555 6435 11585
5291 1835 7360
1835 5291 7360
7360 1835 5291
4763 1197 6320
1197 4763 6320
6320 1197 4763
9314 5628 8147
5628 8147 9314
8147 5628 9314
11775 3120 8775
8775 3120 11775
3120 8775 11775
4176 5808 14221
5808 4176 14221
14221 4176 5808
7638 6890 8757
6890 7638 8757
8757 6890 7638
2307 3305 11127
11127 2307 3305
3305 2307 11127
1336 7842 14840
7842 1336 14840
14840 1336 7842
14356 5518 7358
5518 7358 14356
7358 5518 14356
6673 5993 14376
14376 5993 6673
5993 6673 14376
4389 4941 7396
7396 4389 4941
4941 4389 7396
3228 8268 13265
13265 3228 8268
8268 3228 13265
1273 7799 8018
7799 1273 8018
8018 1273 7799
2257 6660 12778
6660 2257 12778
12778 2257 6660
12681 4537 10890
4537 10890 12681
10890 4537 12681
3463 7369 7928
7369 3463 7928
7928 3463 7369
5158 11159 12892
12892 5158 11159
11159 5158 12892
4255 12059 12184
12184 4255 12059
12059 4255 12184
4167 6328 11472
6328 4167 11472
11472 4167 6328
12682 1772 13854
1772 12682 13854
13854 1772 12682
3117 1832 13215
13215 1832 3117
1832 3117 13215
4710 6120 12537
12537 4710 6120
6120 4710 12537
10323 11322 13656
13656 10323 11322
11322 10323 13656
2652 1225 14124
14124 1225 2652
1225 2652 14124
11569 221 13221
13221 221 11569
221 11569 13221
11079 3866 6560
3866 6560 11079
6560 3866 11079
1507 5575 13989
5575 1507 13989
13989 1507 5575
85 1107 3697
3697 85 1107
1107 85 3697
13288 1538 8428
8428 1538 13288
1538 8428 13288
12810 9991 12759
12759 9991 12810
9991 12759 12810
12947 11769 13965
13965 11769 12947
11769 12947 13965
6516 3728 4135
4135 3728 6516
3728 4135 6516
13743 3854 5386
5386 3854 13743
3854 5386 13743
6680 7609 11610
7609 6680 11610
11610 6680 7609
479 7781 13140
13140 479 7781
7781 479 13140
13609 6588 8538
8538 6588 13609
6588 8538 13609
12305 4243 8356
8356 4243 12305
4243 8356 12305
2507 2631 10091
10091 2507 2631
2631 2507 10091
11314 2410 9815
9815 2410 11314
2410 9815 11314
278 1041 14695
1041 278 14695
14695 278 1041
8789 5450 11592
11592 5450 8789
5450 8789 11592
12089 1568 9203
9203 1568 12089
1568 9203 12089
6963 1037 10186
1037 6963 10186
10186 1037 6963
5427 490 13202
13202 490 5427
490 5427 13202
7459 9116 13530
9116 7459 13530
13530 7459 9116
13103 5924 6730
5924 6730 13103
6730 5924 13103
7599 1566 2973
2973 1566 7599
1566 2973 7599
10004 7026 8280
8280 7026 10004
7026 8280 10004
10465 6822 9629
9629 6822 10465
6822 9629 10465
3513 6263 7939
7939 3513 6263
6263 3513 7939
7187 5772 6204
5772 6204 7187
6204 5772 7187
14529 4227 10011
4227 10011 14529
10011 4227 14529
11432 4940 5702
5702 4940 11432
4940 5702 11432
3695 8848 9708
9708 3695 8848
8848 3695 9708
6661 7055 11208
11208 6661 7055
7055 6661 11208
2038 2903 14759
14759 2038 2903
2903 2038 14759
10169 3991 13324
3991 10169 13324
13324 3991 10169
9853 4510 5876
5876 4510 9853
4510 5876 9853
12434 8669 11853
11853 8669 12434
8669 11853 12434
5198 8016 9556
9556 5198 8016
8016 5198 9556
362 3701 13395
3701 362 13395
13395 362 3701
9136 4122 13172
13172 4122 9136
4122 9136 13172
12705 1850 14194
1850 12705 14194
14194 1850 12705
880 11177 14422
14422 880 11177
11177 880 14422
6656 10060 10573
10060 6656 10573
10573 6656 10060
13651 9926 14658
9926 13651 14658
14658 9926 13651
7059 11983 14868
11983 7059 14868
14868 7059 11983
2217 874 12103
12103 874 2217
874 2217 12103
11150 4492 12839
12839 4492 11150
4492 11150 12839
14116 1893 12847
12847 1893 14116
1893 12847 14116
158 3706 5847
5847 158 3706
3706 158 5847
2557 13830 14575
13830 2557 14575
14575 2557 13830
3768 563 5723
5723 563 3768
563 3768 5723
14908 12983 14170
14170 12983 14908
12983 14170 14908
10495 7816 11919
7816 10495 11919
11919 7816 10495
11681 3812 14155
14155 3812 11681
3812 11681 14155
10675 11045 12492
11045 10675 12492
12492 10675 11045
8275 3545 10813
3545 8275 10813
10813 3545 8275
7830 8410 12382
12382 7830 8410
8410 7830 12382
11243 11006 11096
11096 11006 11243
11006 11096 11243
9313 1624 11416
11416 1624 9313
1624 9313 11416
14111 656 10596
656 10596 14111
10596 656 14111
4297 3054 8484
8484 3054 4297
3054 4297 8484
13613 2424 9022
2424 9022 13613
9022 2424 13613
9807 652 7664
7664 652 9807
652 7664 9807
13318 12914 13685
12914 13318 13685
13685 12914 13318
14429 6856 11407
11407 6856 14429
6856 11407 14429
7373 789 3888
3888 789 7373
789 3888 7373
5893 6237 11503
6237 5893 11503
11503 5893 6237
2665 3025 12618
3025 2665 12618
12618 2665 3025
9467 6685 10641
6685 9467 10641
10641 6685 9467
8087 891 13584
13584 891 8087
891 8087 13584
4735 10783 14143
10783 4735 14143
14143 4735 10783
941 2174 14554
2174 941 14554
14554 941 2174
9063 11365 11830
11830 9063 11365
11365 9063 11830
12937 7226 12321
12321 7226 12937
7226 12321 12937
12541 14202 14797
14202 12541 14797
14797 12541 14202
3743 5698 7033
7033 3743 5698
5698 3743 7033
7467 6880 12131
12131 6880 7467
6880 7467 12131
3369 4484 12572
4484 3369 12572
12572 3369 4484
3671 9694 10785
10785 3671 9694
9694 3671 10785
10694 3740 8948
8948 3740 10694
3740 8948 10694
14480 1988 7471
1988 7471 14480
7471 1988 14480
10460 1941 14291
1941 10460 14291
14291 1941 10460
3360 2238 10507
10507 2238 3360
2238 3360 10507
14066 1896 11588
1896 11588 14066
11588 1896 14066
12734 1756 13341
1756 12734 13341
13341 1756 12734
12902 7152 8362
7152 8362 12902
8362 7152 12902
6054 8273 13712
8273 6054 13712
13712 6054 8273
6433 7047 9234
7047 6433 9234
9234 6433 7047
13135 3822 4974
3822 4974 13135
4974 3822 13135
3004 6473 13793
6473 3004 13793
13793 3004 6473
1332 560 11759
560 1332 11759
11759 560 1332
14842 3381 4065
4065 3381 14842
3381 4065 14842
5468 7005 11895
7005 5468 11895
11895 5468 7005
4050 2775 9065
2775 4050 9065
9065 2775 4050
9612 6783 9809
6783 9612 9809
9809 6783 9612
13662 33 12108
33 12108 13662
12108 33 13662
13480 721 11097
721 11097 13480
11097 721 13480
4657 3317 4315
3317 4315 4657
4315 3317 4657
12399 1460 7728
7728 1460 12399
1460 7728 12399
12872 10661 13390
10661 12872 13390
13390 10661 12872
14009 6545 14240
6545 14009 14240
14240 6545 14009
4912 2327 3814
3814 2327 4912
2327 3814 4912
6626 3441 9771
9771 3441 6626
3441 6626 9771
3517 11729 13399
11729 3517 13399
13399 3517 11729
14471 6517 9915
9915 6517 14471
6517 9915 14471
945 4670 13247
13247 945 4670
4670 945 13247
6352 10290 14150
14150 6352 10290
10290 6352 14150
3482 2351 6287
2351 3482 6287
6287 2351 3482
11500 7473 13956
7473 11500 13956
13956 7473 11500
13562 8417 13369
13369 8417 13562
8417 13369 13562
10881 7662 12232
12232 7662 10881
7662 10881 12232
2738 10086 11095
10086 2738 11095
11095 2738 10086
904 12273 14149
12273 904 14149
14149 904 12273
3656 3355 10440
3355 3656 10440
10440 3355 3656
14640 2928 3379
2928 3379 14640
3379 2928 14640
2032 11308 12517
11308 2032 12517
12517 2032 11308
1575 7851 13193
7851 1575 13193
13193 1575 7851
11831 3122 10413
3122 10413 11831
10413 3122 11831
4479 9700 11637
9700 4479 11637
11637 4479 9700
13658 5928 7451
7451 5928 13658
5928 7451 13658
1812 10239 12565
12565 1812 10239
10239 1812 12565
9430 1274 5409
1274 5409 9430
5409 1274 9430
13169 10986 11135
10986 11135 13169
11135 10986 13169
1453 4806 8460
8460 1453 4806
4806 1453 8460
3818 8672 10119
10119 3818 8672
8672 3818 10119
11675 8079 11118
11118 8079 11675
8079 11118 11675
5464 1213 12567
12567 1213 5464
1213 5464 12567
3404 261 9278
261 3404 9278
9278 261 3404
2953 7534 13167
7534 2953 13167
13167 2953 7534
11676 2513 10208
10208 2513 11676
2513 10208 11676
4571 2892 3069
2892 3069 4571
3069 2892 4571
9044 10398 13703
13703 9044 10398
10398 9044 13703
11244 796 8525
8525 796 11244
796 8525 11244
9277 2645 4344
4344 2645 9277
2645 4344 9277
896 5615 11347
11347 896 5615
5615 896 11347
12315 2661 14169
14169 2661 12315
2661 12315 14169
302 6814 14338
6814 302 14338
14338 302 6814
5286 698 11716
11716 698 5286
698 5286 11716
7030 141 4436
4436 141 7030
141 4436 7030
12067 988 11192
988 11192 12067
11192 988 12067
4090 1501 2415
1501 2415 4090
2415 1501 4090
4673 4765 11212
11212 4673 4765
4765 4673 11212
10518 1316 11164
11164 1316 10518
1316 10518 11164
11174 9982 10454
9982 10454 11174
10454 9982 11174
12490 5419 7338
7338 5419 12490
5419 7338 12490
1139 7327 9391
7327 1139 9391
9391 1139 7327
268 10112 11540
10112 268 11540
11540 268 10112
2299 3039 10424
10424 2299 3039
3039 2299 10424
7189 9925 11842
11842 7189 9925
9925 7189 11842
2919 2024 7150
2024 2919 7150
7150 2024 2919
10099 8111 11696
8111 10099 11696
11696 8111 10099
9031 4802 7340
4802 7340 9031
7340 4802 9031
10162 8548 12200
12200 8548 10162
8548 10162 12200
3291 12377 14452
12377 3291 14452
14452 3291 12377
559 506 4159
4159 506 559
506 559 4159
1970 2404 3772
3772 1970 2404
2404 1970 3772
5254 6653 12739
6653 5254 12739
12739 5254 6653
6695 6272 13521
6272 6695 13521
13521 6272 6695
11249 4576 13350
4576 11249 13350
13350 4576 11249
5006 4332 6542
4332 5006 6542
6542 4332 5006
159 8581 12364
12364 159 8581
8581 159 12364
8782 1519 7273
7273 1519 8782
1519 7273 8782
13045 2261 13513
13513 2261 13045
2261 13045 13513
10485 8091 9432
9432 8091 10485
8091 9432 10485
6537 6175 11743
11743 6175 6537
6175 6537 11743
8143 3684 6808
6808 3684 8143
3684 6808 8143
7752 8887 10144
8887 7752 10144
10144 7752 8887
2975 934 2129
934 2129 2975
2129 934 2975
12117 4960 10421
4960 10421 12117
10421 4960 12117
11090 913 4999
4999 913 11090
913 4999 11090
7362 2271 9501
9501 2271 7362
2271 7362 9501
1899 12470 14896
14896 1899 12470
12470 1899 14896
5445 1998 10242
10242 1998 5445
1998 5445 10242
13223 1140 13125
1140 13125 13223
13125 1140 13223
2311 5878 7462
7462 2311 5878
5878 2311 7462
3777 8690 9469
9469 3777 8690
8690 3777 9469
12291 9326 13859
9326 12291 13859
13859 9326 12291
6568 7796 12658
12658 6568 7796
7796 6568 12658
13012 142 13527
142 13012 13527
13527 142 13012
10362 5200 11040
11040 5200 10362
5200 10362 11040
134 8090 12022
8090 134 12022
12022 134 8090
9202 67 2142
67 2142 9202
2142 67 9202
11466 365 7537
365 7537 11466
7537 365 11466
14064 894 9697
9697 894 14064
894 9697 14064
13585 5401 12590
5401 12590 13585
12590 5401 13585
11122 6001 6733
6733 6001 11122
6001 6733 11122
4375 3672 7739
7739 3672 4375
3672 4375 7739
724 11929 12869
12869 724 11929
11929 724 12869
2014 464 6452
6452 464 2014
464 2014 6452
7163 3445 4860
4860 3445 7163
3445 4860 7163
10885 909 3987
3987 909 10885
909 3987 10885
11852 6812 10368
6812 10368 11852
10368 6812 11852
8914 4323 9485
4323 8914 9485
9485 4323 8914
14580 5454 8900
5454 8900 14580
8900 5454 14580
546 293 13074
293 546 13074
13074 293 546
10705 5635 8709
8709 5635 10705
5635 8709 10705
12768 887 2228
2228 887 12768
887 2228 12768
12280 12747 13344
13344 12280 12747
12747 12280 13344
10604 1840 8675
1840 8675 10604
8675 1840 10604
3860 3729 10149
10149 3729 3860
3729 3860 10149
1613 1776 6961
6961 1613 1776
1776 1613 6961
14515 2741 14106
14106 2741 14515
2741 14106 14515
11600 5227 9244
5227 9244 11600
9244 5227 11600
12838 12957 13397
13397 12838 12957
12957 12838 13397
8395 2882 14832
2882 8395 14832
14832 2882 8395
6113 2922 8320
2922 6113 8320
8320 2922 6113
7078 753 7154
7154 753 7078
753 7078 7154
2173 10493 14963
10493 2173 14963
14963 2173 10493
14949 4494 9397
9397 4494 14949
4494 9397 14949
9899 3033 12333
12333 3033 9899
3033 9899 12333
13566 529 1536
529 1536 13566
1536 529 13566
11195 4464 7303
4464 7303 11195
7303 4464 11195
11951 609 2858
609 2858 11951
2858 609 11951
14310 13453 13596
13596 13453 14310
13453 13596 14310
11353 7814 14388
7814 11353 14388
14388 7814 11353
329 10901 14986
14986 329 10901
10901 329 14986
14282 4824 11169
11169 4824 14282
4824 11169 14282
2444 5442 9332
9332 2444 5442
5442 2444 9332
6316 9162 12415
12415 6316 9162
9162 6316 12415
7297 10121 10498
10498 7297 10121
10121 7297 10498
6974 11583 13963
13963 6974 11583
11583 6974 13963
3464 10333 13704
10333 3464 13704
13704 3464 10333
5710 869 3853
869 3853 5710
3853 869 5710
2226 517 3241
3241 517 2226
517 2226 3241
671 6448 6902
6448 671 6902
6902 671 6448
13913 3685 9169
9169 3685 13913
3685 9169 13913
989 5864 7792
5864 989 7792
7792 989 5864
10457 2668 4273
2668 4273 10457
4273 2668 10457
14506 872 10711
10711 872 14506
872 10711 14506
11510 696 9811
696 9811 11510
9811 696 11510
6290 13366 13409
13366 6290 13409
13409 6290 13366
8274 10470 10689
10689 8274 10470
10470 8274 10689
254 2579 8816
8816 254 2579
2579 254 8816
8790 5182 8627
8627 5182 8790
5182 8627 8790
14969 4598 10729
10729 4598 14969
4598 10729 14969
12675 2276 14748
2276 12675 14748
14748 2276 12675
12665 873 1894
873 1894 12665
1894 873 12665
6201 3836 4062
4062 3836 6201
3836 4062 6201
5616 2384 8520
2384 5616 8520
8520 2384 5616
1 474 7011
7011 1 474
474 1 7011
5799 8476 13290
13290 5799 8476
8476 5799 13290
6165 11376 13917
13917 6165 11376
11376 6165 13917
12757 6374 12970
6374 12757 12970
12970 6374 12757
7596 6135 11621
6135 7596 11621
11621 6135 7596
1875 8941 10372
10372 1875 8941
8941 1875 10372
10384 3971 9030
3971 9030 10384
9030 3971 10384
2230 13197 13904
13904 2230 13197
13197 2230 13904
8883 4883 6699
6699 4883 8883
4883 6699 8883
11112 10402 11250
11250 10402 11112
10402 11112 11250
14004 983 6742
983 6742 14004
6742 983 14004
14516 8535 8602
8535 8602 14516
8602 8535 14516
3370 1322 6470
1322 3370 6470
6470 1322 3370
9009 6131 11882
6131 9009 11882
11882 6131 9009
11864 1681 4334
4334 1681 11864
1681 4334 11864
11760 5489 6466
6466 5489 11760
5489 6466 11760
10463 5392 6632
5392 6632 10463
6632 5392 10463
6025 3290 9805
9805 3290 6025
3290 6025 9805
8637 675 8993
675 8637 8993
8993 675 8637
4191 3677 13914
13914 3677 4191
3677 4191 13914
11448 9626 9979
9979 9626 11448
9626 9979 11448
7411 5990 8477
8477 5990 7411
5990 7411 8477
974 2423 4428
2423 974 4428
4428 974 2423
5155 6777 9966
9966 5155 6777
6777 5155 9966
14120 5448 6429
5448 6429 14120
6429 5448 14120
14848 4107 5768
5768 4107 14848
4107 5768 14848
133 380 7046
7046 133 380
380 133 7046
9289 9627 12143
12143 9289 9627
9627 9289 12143
5713 10629 11689
11689 5713 10629
10629 5713 11689
583 12288 13940
13940 583 12288
12288 583 13940
199 3857 10177
10177 199 3857
3857 199 10177
14029 1044 10088
10088 1044 14029
1044 10088 14029
11587 9791 14535
14535 9791 11587
9791 11587 14535
1931 1742 13778
1742 1931 13778
13778 1742 1931
11605 7887 10525
7887 10525 11605
10525 7887 11605
4424 6457 14117
6457 4424 14117
14117 4424 6457
716 3130 12779
3130 716 12779
12779 716 3130
6688 5954 11422
11422 5954 6688
5954 6688 11422
3320 4676 12473
12473 3320 4676
4676 3320 12473
6983 6304 6524
6304 6524 6983
6524 6304 6983
9384 5704 9151
9151 5704 9384
5704 9151 9384
8611 1371 14092
1371 8611 14092
14092 1371 8611
3984 5922 8723
5922 3984 8723
8723 3984 5922
7779 2473 13139
13139 2473 7779
2473 7779 13139
13771 3530 6623
6623 3530 13771
3530 6623 13771
14592 2455 14711
2455 14592 14711
14711 2455 14592
10472 7766 9822
7766 9822 10472
9822 7766 10472
4899 4056 8882
8882 4056 4899
4056 4899 8882
7995 3432 3993
3993 3432 7995
3432 3993 7995
6958 848 8064
8064 848 6958
848 6958 8064
2862 2841 11843
2841 2862 11843
11843 2841 2862
11005 2034 7722
2034 7722 11005
7722 2034 11005
4680 2147 5956
5956 2147 4680
2147 4680 5956
4509 1098 1516
1098 1516 4509
1516 1098 4509
4646 3603 10274
3603 4646 10274
10274 3603 4646
14485 5513 10109
5513 10109 14485
10109 5513 14485
8964 1355 4339
1355 4339 8964
4339 1355 8964
9921 1930 7242
1930 7242 9921
7242 1930 9921
8734 7912 8189
7912 8189 8734
8189 7912 8734
3425 4143 7213
4143 3425 7213
7213 3425 4143
3323 10450 12660
10450 3323 12660
12660 3323 10450
8550 11908 14632
14632 8550 11908
11908 8550 14632
6520 1973 10024
1973 6520 10024
10024 1973 6520
10050 8617 13380
8617 10050 13380
13380 8617 10050
11522 1205 13734
13734 1205 11522
1205 11522 13734
6464 5229 14470
5229 6464 14470
14470 5229 6464
11217 6022 11143
11143 6022 11217
6022 11143 11217
1331 5388 6835
6835 1331 5388
5388 1331 6835
12785 449 4878
449 4878 12785
4878 449 12785
10222 3342 10806
3342 10222 10806
10806 3342 10222
8861 4790 7800
4790 7800 8861
7800 4790 8861
14769 4450 10184
4450 10184 14769
10184 4450 14769
11185 7535 9106
7535 9106 11185
9106 7535 11185
7237 12883 13389
13389 7237 12883
12883 7237 13389
9875 3325 4893
4893 3325 9875
3325 4893 9875
23 3155 10282
3155 23 10282
10282 23 3155
6355 532 12593
532 6355 12593
12593 532 6355
11936 2510 7481
7481 2510 11936
2510 7481 11936
5314 2795 10400
10400 2795 5314
2795 5314 10400
6905 12817 13614
12817 6905 13614
13614 6905 12817
13900 3666 12127
3666 12127 13900
12127 3666 13900
11238 2954 14717
2954 11238 14717
14717 2954 11238
13383 10268 11054
10268 11054 13383
11054 10268 13383
1704 4825 12038
4825 1704 12038
12038 1704 4825
3295 9595 12083
9595 3295 12083
12083 3295 9595
13796 10262 13305
13305 10262 13796
10262 13305 13796
14923 1883 4390
1883 4390 14923
4390 1883 14923
7483 7064 13745
13745 7064 7483
7064 7483 13745
10359 930 1196
1196 930 10359
930 1196 10359
12941 1142 5865
1142 5865 12941
5865 1142 12941
3495 9301 11409
9301 3495 11409
11409 3495 9301
3442 1443 7238
7238 1443 3442
1443 3442 7238
9228 5707 11087
11087 5707 9228
5707 9228 11087
6806 6772 10529
10529 6772 6806
6772 6806 10529
4937 1502 7434
7434 1502 4937
1502 4937 7434
11139 8537 13943
8537 11139 13943
13943 8537 11139
3102 13211 14464
14464 3102 13211
13211 3102 14464
8463 7082 8152
8152 7082 8463
7082 8152 8463
12736 2530 4185
4185 2530 12736
2530 4185 12736
6286 9584 11742
9584 6286 11742
11742 6286 9584
617 114 6756
6756 114 617
114 617 6756
2491 2629 5045
5045 2491 2629
2629 2491 5045
8299 4564 12142
12142 4564 8299
4564 8299 12142
12173 4251 10385
10385 4251 12173
4251 10385 12173
3419 1574 8223
1574 3419 8223
8223 1574 3419
11200 599 12595
12595 599 11200
599 11200 12595
12672 11677 12603
11677 12603 12672
12603 11677 12672
1239 2712 13142
2712 1239 13142
13142 1239 2712
11262 3428 11445
3428 11262 11445
11445 3428 11262
2165 4544 14488
14488 2165 4544
4544 2165 14488
3990 5068 10519
10519 3990 5068
5068 3990 10519
7341 2604 6324
2604 6324 7341
6324 2604 7341
706 927 14871
927 706 14871
14871 706 927
13205 7593 10287
10287 7593 13205
7593 10287 13205
5724 2358 12993
12993 2358 5724
2358 5724 12993
12106 5481 11181
11181 5481 12106
5481 11181 12106
3920 8351 11595
11595 3920 8351
8351 3920 11595
5065 5405 5436
5436 5065 5405
5405 5065 5436
14835 9832 11331
9832 11331 14835
11331 9832 14835
8336 7309 13110
7309 8336 13110
13110 7309 8336
319 2285 14776
14776 319 2285
2285 319 14776
397 3751 6268
6268 397 3751
3751 397 6268
14414 3586 7161
7161 3586 14414
3586 7161 14414
2386 3520 6095
6095 2386 3520
3520 2386 6095
4871 7299 14042
14042 4871 7299
7299 4871 14042
8246 11612 12563
11612 8246 12563
12563 8246 11612
9681 5811 7933
5811 7933 9681
7933 5811 9681
2132 8737 14600
14600 2132 8737
8737 2132 14600
11035 4574 13954
4574 11035 13954
13954 4574 11035
13865 2551 8203
8203 2551 13865
2551 8203 13865
6701 3503 5512
3503 5512 6701
5512 3503 6701
11772 8302 13148
13148 8302 11772
8302 11772 13148
7633 5025 11567
5025 7633 11567
11567 5025 7633
4250 965 5611
5611 965 4250
965 4250 5611
3023 7666 13408
13408 3023 7666
7666 3023 13408
9246 7372 12920
12920 7372 9246
7372 9246 12920
1109 9519 12324
12324 1109 9519
9519 1109 12324
8284 6591 9924
6591 8284 9924
9924 6591 8284
9884 1728 8444
8444 1728 9884
1728 8444 9884
2915 9056 11459
11459 2915 9056
9056 2915 11459
2660 1563 1975
1975 1563 2660
1563 1975 2660
14561 3159 14325
3159 14325 14561
14325 3159 14561
9503 4027 6655
6655 4027 9503
4027 6655 9503
4498 2806 7953
7953 2806 4498
2806 4498 7953
12608 8377 10083
10083 8377 12608
8377 10083 12608
911 5625 14253
5625 911 14253
14253 911 5625
14833 5536 8266
8266 5536 14833
5536 8266 14833
12566 11269 13250
11269 12566 13250
13250 11269 12566
14623 807 13419
13419 807 14623
807 13419 14623
3423 2674 2826
2826 2674 3423
2674 2826 3423
8815 11197 12133
11197 8815 12133
12133 8815 11197
14815 3554 13147
13147 3554 14815
3554 13147 14815
3073 3220 6005
6005 3073 3220
3220 3073 6005
642 4849 8401
4849 642 8401
8401 642 4849
13713 1437 2073
2073 1437 13713
1437 2073 13713
10361 8987 13236
8987 10361 13236
13236 8987 10361
12284 6153 10279
10279 6153 12284
6153 10279 12284
12851 11920 13130
13130 11920 12851
11920 12851 13130
7879 589 6782
6782 589 7879
589 6782 7879
3421 491 859
491 859 3421
859 491 3421
14228 9561 13037
9561 13037 14228
13037 9561 14228
10002 971 4751
971 4751 10002
4751 971 10002
9137 6828 13776
13776 6828 9137
6828 9137 13776
6225 10195 11770
11770 6225 10195
10195 6225 11770
6360 7550 9907
9907 6360 7550
7550 6360 9907
2618 9962 10350
10350 2618 9962
9962 2618 10350
12224 5581 12245
12245 5581 12224
5581 12224 12245
7607 1727 9897
9897 1727 7607
1727 7607 9897
981 3901 7700
7700 981 3901
3901 981 7700
12429 6103 14802
14802 6103 12429
6103 12429 14802
9105 3448 14439
3448 9105 14439
14439 3448 9105
4876 5911 14812
14812 4876 5911
5911 4876 14812
7298 2203 11701
2203 7298 11701
11701 2203 7298
10667 5333 13198
5333 10667 13198
13198 5333 10667
4541 10833 12743
10833 4541 12743
12743 4541 10833
10553 12981 13551
13551 10553 12981
12981 10553 13551
11390 4540 5961
4540 5961 11390
5961 4540 11390
12513 11074 13908
13908 11074 12513
11074 12513 13908
9806 12204 14655
12204 9806 14655
14655 9806 12204
10563 10107 10125
10107 10125 10563
10125 10107 10563
7986 7850 13929
13929 7850 7986
7850 7986 13929
2143 7577 12066
7577 2143 12066
12066 2143 7577
7117 2534 7218
2534 7117 7218
7218 2534 7117
6217 2293 6456
6456 2293 6217
2293 6217 6456
9173 6854 6970
6970 6854 9173
6854 6970 9173
542 5727 8191
5727 542 8191
8191 542 5727
13711 2570 5781
2570 5781 13711
5781 2570 13711
6971 7052 14476
14476 6971 7052
7052 6971 14476
14082 919 1187
919 1187 14082
1187 919 14082
11235 2517 4429
4429 2517 11235
2517 4429 11235
39 1995 11293
1995 39 11293
11293 39 1995
1131 9291 11784
9291 1131 11784
11784 1131 9291
11142 12274 12686
12686 11142 12274
12274 11142 12686
5453 1838 12917
1838 5453 12917
12917 1838 5453
12598 6821 12257
12257 6821 12598
6821 12257 12598
1793 13094 14666
13094 1793 14666
14666 1793 13094
2411 4401 7332
7332 2411 4401
4401 2411 7332
7608 1051 12383
1051 7608 12383
12383 1051 7608
11861 4504 6046
4504 6046 11861
6046 4504 11861
1511 3163 5763
5763 1511 3163
3163 1511 5763
12625 9362 13279
13279 9362 12625
9362 12625 13279
8214 7207 12080
12080 7207 8214
7207 8214 12080
11893 11411 13608
11411 11893 13608
13608 11411 11893
6734 1092 3805
3805 1092 6734
1092 3805 6734
7037 1031 2545
1031 2545 7037
2545 1031 7037
4592 885 1540
1540 885 4592
885 1540 4592
5859 2122 4276
2122 4276 5859
4276 2122 5859
1753 3129 4779
3129 1753 4779
4779 1753 3129
4711 12582 14364
14364 4711 12582
12582 4711 14364
1016 2597 6197
2597 1016 6197
6197 1016 2597
10436 2156 5538
2156 5538 10436
5538 2156 10436
12862 8966 10117
10117 8966 12862
8966 10117 12862
5646 5398 7148
5398 5646 7148
7148 5398 5646
4142 10346 13606
10346 4142 13606
13606 4142 10346
11644 4124 14502
4124 11644 14502
14502 4124 11644
11858 10414 13516
10414 11858 13516
13516 10414 11858
4708 10893 10964
10964 4708 10893
10893 4708 10964
3700 1671 13603
13603 1671 3700
1671 3700 13603
9977 9333 12645
12645 9333 9977
9333 9977 12645
14742 1158 5821
1158 5821 14742
5821 1158 14742
11310 4948 6365
4948 6365 11310
6365 4948 11310
6307 5456 10046
10046 5456 6307
5456 6307 10046
1889 11425 12238
11425 1889 12238
12238 1889 11425
465 4434 8054
8054 465 4434
4434 465 8054
12989 11687 13387
11687 12989 13387
13387 11687 12989
5861 3563 7963
7963 3563 5861
3563 5861 7963
1093 3966 9041
3966 1093 9041
9041 1093 3966
8363 251 2097
251 2097 8363
2097 251 8363
3149 8061 9928
9928 3149 8061
8061 3149 9928
7657 2083 14988
14988 2083 7657
2083 7657 14988
5175 5455 14491
5455 5175 14491
14491 5175 5455
8969 10017 11698
10017 8969 11698
11698 8969 10017
11076 7348 10961
10961 7348 11076
7348 10961 11076
11737 7071 13047
7071 11737 13047
13047 7071 11737
10354 14468 14733
14733 10354 14468
14468 10354 14733
11053 14443 14785
14785 11053 14443
14443 11053 14785
7018 993 4942
4942 993 7018
993 4942 7018
11151 282 6570
282 6570 11151
6570 282 11151
8990 219 11941
11941 219 8990
219 8990 11941
11926 3331 3574
3331 3574 11926
3574 3331 11926
674 149 4040
4040 149 674
149 674 4040
6860 1161 9004
1161 6860 9004
9004 1161 6860
7392 7197 12484
12484 7197 7392
7197 7392 12484
1162 9186 13773
13773 1162 9186
9186 1162 13773
5559 3762 5421
5421 3762 5559
3762 5421 5559
8131 2876 9112
9112 2876 8131
2876 8131 9112
10597 301 5212
301 5212 10597
5212 301 10597
9497 5688 6671
5688 6671 9497
6671 5688 9497
12967 4059 6419
4059 6419 12967
6419 4059 12967
5606 882 6823
882 5606 6823
6823 882 5606
798 1713 9566
1713 798 9566
9566 798 1713
