22998 24225 122337
24225 22998 122337
122337 22998 24225
141165 2568 85145
85145 2568 141165
2568 85145 141165
88361 83099 138229
138229 83099 88361
83099 88361 138229
112512 33835 98190
33835 98190 112512
98190 33835 112512
2974 56226 105973
56226 2974 105973
105973 2974 56226
124755 10331 58060
10331 58060 124755
58060 10331 124755
43081 15458 50028
15458 43081 50028
50028 15458 43081
50790 28746 109866
28746 50790 109866
109866 28746 50790
113857 50149 108145
50149 108145 113857
108145 50149 113857
4221 55029 139015
139015 4221 55029
55029 4221 139015
95391 47320 57704
47320 57704 95391
57704 47320 95391
112271 5835 82118
5835 82118 112271
82118 5835 112271
57491 4991 92280
4991 57491 92280
92280 4991 57491
12287 47471 71475
71475 12287 47471
47471 12287 71475
136335 32934 128060
128060 32934 136335
32934 128060 136335
101226 49760 80875
49760 80875 101226
80875 49760 101226
79592 45315 122078
122078 45315 79592
45315 79592 122078
77588 58704 141084
58704 77588 141084
141084 58704 77588
38546 123051 127035
127035 38546 123051
123051 38546 127035
25675 4892 60519
4892 25675 60519
60519 4892 25675
105508 21008 100708
100708 21008 105508
21008 100708 105508
55102 70669 123255
123255 55102 70669
70669 55102 123255
25613 88344 137113
88344 25613 137113
137113 25613 88344
138854 126522 145244
126522 138854 145244
145244 126522 138854
198 82364 134304
134304 198 82364
82364 198 134304
62231 6047 26008
26008 6047 62231
6047 26008 62231
24617 74885 98475
74885 24617 98475
98475 24617 74885
40070 48700 131380
131380 40070 48700
48700 40070 131380
54827 48803 106121
106121 48803 54827
48803 54827 106121
84258 33190 50371
33190 50371 84258
50371 33190 84258
77951 77826 145733
77826 77951 145733
145733 77826 77951
87381 77174 148798
77174 87381 148798
148798 77174 87381
98972 13543 59442
13543 59442 98972
59442 13543 98972
77007 6182 134624
6182 77007 134624
134624 6182 77007
106220 38100 42250
42250 38100 106220
38100 42250 106220
90767 13695 96075
96075 13695 90767
13695 90767 96075
114427 103859 124529
124529 103859 114427
103859 114427 124529
89322 99039 146173
99039 89322 146173
146173 89322 99039
1381 60061 77202
60061 1381 77202
77202 1381 60061
101819 125420 134400
125420 101819 134400
134400 101819 125420
65612 71216 139657
71216 65612 139657
139657 65612 71216
133500 19129 132280
19129 132280 133500
132280 19129 133500
8455 40973 139687
139687 8455 40973
40973 8455 139687
83420 6749 113532
113532 6749 83420
6749 83420 113532
22454 6407 36000
36000 6407 22454
6407 22454 36000
11481 11837 82718
11837 11481 82718
82718 11481 11837
127096 11981 63986
11981 63986 127096
63986 11981 127096
117423 35545 60413
60413 35545 117423
35545 60413 117423
19595 4320 24758
24758 4320 19595
4320 19595 24758
115074 19004 105480
19004 105480 115074
105480 19004 115074
107280 76069 149554
149554 76069 107280
76069 107280 149554
59633 35056 71791
35056 59633 71791
71791 35056 59633
133262 22115 91003
22115 91003 133262
91003 22115 133262
188 106551 119311
106551 188 119311
119311 188 106551
86020 104248 131193
104248 86020 131193
131193 86020 104248
148542 101183 108746
108746 101183 148542
101183 108746 148542
41667 44595 140122
140122 41667 44595
44595 41667 140122
125670 106642 134265
106642 125670 134265
134265 106642 125670
34797 24236 39297
39297 24236 34797
24236 34797 39297
8497 14888 138436
138436 8497 14888
14888 8497 138436
5020 42685 147752
147752 5020 42685
42685 5020 147752
124894 66081 121657
66081 121657 124894
121657 66081 124894
55604 8472 95782
8472 55604 95782
95782 8472 55604
60907 91407 141916
141916 60907 91407
91407 60907 141916
8397 46321 132676
132676 8397 46321
46321 8397 132676
115199 71769 104668
104668 71769 115199
71769 104668 115199
79893 95354 114414
95354 79893 114414
114414 79893 95354
73972 62423 90107
90107 62423 73972
62423 73972 90107
44998 104432 143597
143597 44998 104432
104432 44998 143597
19116 27976 78833
78833 19116 27976
27976 19116 78833
149813 14645 116812
14645 116812 149813
116812 14645 149813
5915 115712 118613
115712 5915 118613
118613 5915 115712
99023 39030 98000
98000 39030 99023
39030 98000 99023
107886 16630 147941
16630 107886 147941
147941 16630 107886
12698 83889 143831
143831 12698 83889
83889 12698 143831
114988 30920 55302
55302 30920 114988
30920 55302 114988
83432 51300 144397
51300 83432 144397
144397 51300 83432
114694 22126 49713
49713 22126 114694
22126 49713 114694
492 89867 113073
89867 492 113073
113073 492 89867
58037 100609 107709
107709 58037 100609
100609 58037 107709
141923 36739 118433
36739 118433 141923
118433 36739 141923
85672 46484 138699
138699 46484 85672
46484 85672 138699
32811 120679 141685
141685 32811 120679
120679 32811 141685
93680 94540 108926
94540 93680 108926
108926 93680 94540
87661 22675 143454
22675 87661 143454
143454 22675 87661
114990 22296 72671
22296 72671 114990
72671 22296 114990
72042 32628 116602
116602 32628 72042
32628 72042 116602
54991 19918 133339
133339 19918 54991
19918 54991 133339
4339 79692 83351
79692 4339 83351
83351 4339 79692
120815 80617 141812
80617 120815 141812
141812 80617 120815
140972 21545 143247
143247 21545 140972
21545 140972 143247
42478 4808 85133
85133 4808 42478
4808 42478 85133
136595 104132 122990
104132 122990 136595
122990 104132 136595
14699 13501 60010
60010 13501 14699
13501 14699 60010
104034 53089 105647
105647 53089 104034
53089 104034 105647
20866 110489 113848
110489 20866 113848
113848 20866 110489
78844 15568 19053
15568 19053 78844
19053 15568 78844
34220 69791 132007
69791 34220 132007
132007 34220 69791
7385 30128 123360
123360 7385 30128
30128 7385 123360
108793 49885 137488
137488 49885 108793
49885 108793 137488
77475 58444 115113
58444 77475 115113
115113 58444 77475
67170 119762 149265
149265 67170 119762
119762 67170 149265
30374 34943 44575
34943 30374 44575
44575 30374 34943
14369 124687 129208
124687 14369 129208
129208 14369 124687
87589 1374 32473
1374 32473 87589
32473 1374 87589
2529 35672 137296
35672 2529 137296
137296 2529 35672
95498 20048 101975
101975 20048 95498
20048 95498 101975
137481 26738 149483
149483 26738 137481
26738 137481 149483
96578 112368 149331
112368 96578 149331
149331 96578 112368
104263 21471 71179
21471 71179 104263
71179 21471 104263
77567 27972 64287
27972 64287 77567
64287 27972 77567
77350 57493 126535
57493 77350 126535
126535 57493 77350
82648 46249 99059
46249 82648 99059
99059 46249 82648
111377 47725 87195
87195 47725 111377
47725 87195 111377
22580 42980 97030
97030 22580 42980
42980 22580 97030
40767 93856 131513
93856 40767 131513
131513 40767 93856
74892 55232 88215
88215 55232 74892
55232 74892 88215
6663 58760 64038
58760 6663 64038
64038 6663 58760
14893 83849 130765
130765 14893 83849
83849 14893 130765
125544 70558 147158
147158 70558 125544
70558 125544 147158
138897 50775 61031
61031 50775 138897
50775 61031 138897
131708 52770 149340
149340 52770 131708
52770 131708 149340
9514 14656 126012
126012 9514 14656
14656 9514 126012
9303 60492 84526
84526 9303 60492
60492 9303 84526
57321 77543 124107
124107 57321 77543
77543 57321 124107
12752 90122 137831
137831 12752 90122
90122 12752 137831
12569 41371 53137
53137 12569 41371
41371 12569 53137
16794 82399 96465
82399 16794 96465
96465 16794 82399
58652 32796 95374
32796 58652 95374
95374 32796 58652
101242 17775 102478
102478 17775 101242
17775 101242 102478
26687 58777 91604
91604 26687 58777
58777 26687 91604
131106 51904 107934
107934 51904 131106
51904 107934 131106
34352 96953 102042
102042 34352 96953
96953 34352 102042
24332 1817 139379
139379 1817 24332
1817 24332 139379
59658 127558 144274
127558 59658 144274
144274 59658 127558
15718 94043 122586
122586 15718 94043
94043 15718 122586
44131 47383 77616
47383 44131 77616
77616 44131 47383
12354 5933 30219
5933 12354 30219
30219 5933 12354
92479 83484 145290
145290 83484 92479
83484 92479 145290
107820 29392 61486
61486 29392 107820
29392 61486 107820
130991 28751 142939
28751 130991 142939
142939 28751 130991
56631 50284 96068
50284 56631 96068
96068 50284 56631
102844 11978 95635
11978 95635 102844
95635 11978 102844
103092 6630 109660
109660 6630 103092
6630 103092 109660
119968 54596 121229
121229 54596 119968
54596 119968 121229
91601 37360 106821
37360 91601 106821
106821 37360 91601
93226 25538 33802
33802 25538 93226
25538 33802 93226
129728 1591 15363
15363 1591 129728
1591 15363 129728
76694 11933 96133
96133 11933 76694
11933 76694 96133
137585 25264 98396
25264 98396 137585
98396 25264 137585
119962 45625 140730
140730 45625 119962
45625 119962 140730
37628 125037 147544
147544 37628 125037
125037 37628 147544
46330 15667 22841
22841 15667 46330
15667 22841 46330
56434 79961 116900
116900 56434 79961
79961 56434 116900
75656 73555 116807
116807 73555 75656
73555 75656 116807
117324 53170 117429
117429 53170 117324
53170 117324 117429
9689 65699 96593
65699 9689 96593
96593 9689 65699
105284 37664 70559
37664 70559 105284
70559 37664 105284
57506 5183 108971
5183 57506 108971
108971 5183 57506
140289 22385 144090
144090 22385 140289
22385 140289 144090
115475 37225 60715
60715 37225 115475
37225 60715 115475
52145 34860 111490
34860 52145 111490
111490 34860 52145
135333 37636 143191
143191 37636 135333
37636 135333 143191
76122 94462 145162
145162 76122 94462
94462 76122 145162
118024 57607 103009
103009 57607 118024
57607 103009 118024
26650 23005 24520
23005 24520 26650
24520 23005 26650
634 10862 47135
47135 634 10862
10862 634 47135
44543 105623 141012
105623 44543 141012
141012 44543 105623
120458 68604 137932
137932 68604 120458
68604 120458 137932
106408 33643 100762
33643 100762 106408
100762 33643 106408
86618 83089 85854
85854 83089 86618
83089 85854 86618
146698 35637 79963
79963 35637 146698
35637 79963 146698
90799 130237 147116
147116 90799 130237
130237 90799 147116
107053 81384 95683
95683 81384 107053
81384 95683 107053
15385 11122 142544
11122 15385 142544
142544 11122 15385
83117 67540 68521
67540 68521 83117
68521 67540 83117
39483 36786 37793
36786 37793 39483
37793 36786 39483
57076 22190 42657
42657 22190 57076
22190 42657 57076
7147 81704 146023
146023 7147 81704
81704 7147 146023
137843 12380 49612
12380 49612 137843
49612 12380 137843
96220 22646 40516
40516 22646 96220
22646 40516 96220
137210 68222 137294
137294 68222 137210
68222 137210 137294
108542 34572 62578
62578 34572 108542
34572 62578 108542
100137 106044 123658
106044 100137 123658
123658 100137 106044
129733 120685 147545
120685 129733 147545
147545 120685 129733
11158 48986 111918
48986 11158 111918
111918 11158 48986
30692 49382 58352
49382 30692 58352
58352 30692 49382
130457 18644 57481
57481 18644 130457
18644 57481 130457
137213 55881 62860
55881 62860 137213
62860 55881 137213
74097 12822 83342
12822 74097 83342
83342 12822 74097
95042 85997 96754
85997 95042 96754
96754 85997 95042
24509 16861 127338
127338 16861 24509
16861 24509 127338
80018 49845 124379
49845 80018 124379
124379 49845 80018
15040 5212 141192
5212 15040 141192
141192 5212 15040
83818 88876 106738
88876 83818 106738
106738 83818 88876
27765 24475 70310
24475 27765 70310
70310 24475 27765
140813 121340 141835
121340 140813 141835
141835 121340 140813
51925 79622 94883
79622 51925 94883
94883 51925 79622
93603 93808 111169
111169 93603 93808
93808 93603 111169
120227 9492 108960
108960 9492 120227
9492 108960 120227
92629 5245 35782
5245 35782 92629
35782 5245 92629
72276 69904 145910
69904 72276 145910
145910 69904 72276
80534 12773 29839
29839 12773 80534
12773 29839 80534
44290 103395 113300
113300 44290 103395
103395 44290 113300
137560 37838 63923
63923 37838 137560
37838 63923 137560
28656 18181 135887
18181 28656 135887
135887 18181 28656
130354 9581 145110
9581 130354 145110
145110 9581 130354
111103 90719 127426
127426 90719 111103
90719 111103 127426
96284 99041 134868
99041 96284 134868
134868 96284 99041
9358 35686 72874
35686 9358 72874
72874 9358 35686
14221 104168 116208
104168 14221 116208
116208 14221 104168
67283 58065 108411
108411 58065 67283
58065 67283 108411
128623 45646 61566
45646 61566 128623
61566 45646 128623
29837 6154 111041
6154 29837 111041
111041 6154 29837
93703 61987 91978
61987 91978 93703
91978 61987 93703
138664 15063 53579
53579 15063 138664
15063 53579 138664
119975 46663 84808
84808 46663 119975
46663 84808 119975
70713 21419 80351
21419 70713 80351
80351 21419 70713
8818 103668 126939
103668 8818 126939
126939 8818 103668
59449 24274 113060
24274 59449 113060
113060 24274 59449
86716 73908 82422
82422 73908 86716
73908 82422 86716
133481 14873 55831
55831 14873 133481
14873 55831 133481
59390 12753 67665
12753 59390 67665
67665 12753 59390
120296 117872 131745
117872 120296 131745
131745 117872 120296
138358 77205 123599
77205 123599 138358
123599 77205 138358
61435 119081 148227
148227 61435 119081
119081 61435 148227
37498 47420 93885
93885 37498 47420
47420 37498 93885
10590 59398 97065
97065 10590 59398
59398 10590 97065
136674 26301 119656
26301 119656 136674
119656 26301 136674
73964 31200 33464
33464 31200 73964
31200 33464 73964
83816 18978 86968
86968 18978 83816
18978 83816 86968
124891 45077 65088
65088 45077 124891
45077 65088 124891
95857 122927 137602
137602 95857 122927
122927 95857 137602
29416 78799 79810
78799 29416 79810
79810 29416 78799
41131 20472 69930
69930 20472 41131
20472 41131 69930
105994 90802 112740
90802 105994 112740
112740 90802 105994
74536 5206 48686
48686 5206 74536
5206 48686 74536
114513 55800 96201
96201 55800 114513
55800 96201 114513
8849 2203 126067
126067 2203 8849
2203 8849 126067
129031 471 12479
12479 471 129031
471 12479 129031
115985 64957 134497
134497 64957 115985
64957 115985 134497
124829 116836 134062
116836 124829 134062
134062 116836 124829
140789 72557 100748
72557 100748 140789
100748 72557 140789
39801 60850 92816
92816 39801 60850
60850 39801 92816
65082 35218 59315
35218 59315 65082
59315 35218 65082
113530 3152 111176
3152 111176 113530
111176 3152 113530
42012 7247 117050
117050 7247 42012
7247 42012 117050
94496 116620 130007
116620 94496 130007
130007 94496 116620
107785 32078 92217
92217 32078 107785
32078 92217 107785
34940 19349 121828
19349 34940 121828
121828 19349 34940
99836 80202 92161
80202 92161 99836
92161 80202 99836
39685 16620 76944
16620 39685 76944
76944 16620 39685
20933 14798 80395
80395 14798 20933
14798 20933 80395
4291 58543 121210
121210 4291 58543
58543 4291 121210
119176 73030 132745
132745 73030 119176
73030 119176 132745
116628 2841 49571
49571 2841 116628
2841 49571 116628
6473 108005 108768
108005 6473 108768
108768 6473 108005
67898 20547 130484
130484 20547 67898
20547 67898 130484
104724 62664 64342
64342 62664 104724
62664 64342 104724
14043 86864 112359
112359 14043 86864
86864 14043 112359
3678 89313 114578
89313 3678 114578
114578 3678 89313
86647 53048 115540
115540 53048 86647
53048 86647 115540
117123 64982 141455
141455 64982 117123
64982 117123 141455
130887 82291 97422
82291 97422 130887
97422 82291 130887
124468 57657 99848
99848 57657 124468
57657 99848 124468
103863 35963 106449
35963 103863 106449
106449 35963 103863
53078 96323 106624
96323 53078 106624
106624 53078 96323
136240 67515 127068
127068 67515 136240
67515 127068 136240
86530 91422 101397
101397 86530 91422
91422 86530 101397
57876 55442 95835
95835 55442 57876
55442 57876 95835
111783 35156 74636
74636 35156 111783
35156 74636 111783
125557 74086 127245
127245 74086 125557
74086 125557 127245
53702 30974 95922
95922 30974 53702
30974 53702 95922
131300 88265 113078
88265 113078 131300
113078 88265 131300
18210 8324 71565
71565 8324 18210
8324 18210 71565
125178 32713 68188
68188 32713 125178
32713 68188 125178
7490 29966 38950
29966 7490 38950
38950 7490 29966
37571 42401 135970
42401 37571 135970
135970 37571 42401
58514 16016 58180
58180 16016 58514
16016 58180 58514
125109 24199 97087
24199 97087 125109
97087 24199 125109
20591 48113 94227
48113 20591 94227
94227 20591 48113
92617 15911 121467
121467 15911 92617
15911 92617 121467
60525 30904 39277
30904 39277 60525
39277 30904 60525
135449 24940 115956
24940 115956 135449
115956 24940 135449
107699 63173 92330
63173 92330 107699
92330 63173 107699
130196 61284 95855
95855 61284 130196
61284 95855 130196
72857 9541 91152
91152 9541 72857
9541 72857 91152
102495 103077 107915
103077 102495 107915
107915 102495 103077
39193 6942 80898
6942 39193 80898
80898 6942 39193
91975 101219 107777
107777 91975 101219
101219 91975 107777
25377 7841 33268
7841 25377 33268
33268 7841 25377
61595 5682 114017
5682 61595 114017
114017 5682 61595
115424 36195 110179
36195 110179 115424
110179 36195 115424
75759 14654 42148
14654 42148 75759
42148 14654 75759
25321 131164 139456
131164 25321 139456
139456 25321 131164
84869 36516 133759
36516 84869 133759
133759 36516 84869
107733 3555 37066
3555 37066 107733
37066 3555 107733
59690 93991 96925
93991 59690 96925
96925 59690 93991
123379 13367 102834
102834 13367 123379
13367 102834 123379
48714 7530 70063
7530 48714 70063
70063 7530 48714
7719 22553 27644
22553 7719 27644
27644 7719 22553
57390 52801 146044
52801 57390 146044
146044 52801 57390
12121 51416 136426
136426 12121 51416
51416 12121 136426
144995 64387 75064
64387 75064 144995
75064 64387 144995
55581 50830 52290
52290 50830 55581
50830 52290 55581
59229 79139 96022
79139 59229 96022
96022 59229 79139
21034 62514 87651
87651 21034 62514
62514 21034 87651
23743 14148 118116
118116 14148 23743
14148 23743 118116
101448 116211 138033
116211 101448 138033
138033 101448 116211
53820 45544 67227
45544 53820 67227
67227 45544 53820
3402 30120 114995
30120 3402 114995
114995 3402 30120
137618 11578 129038
11578 129038 137618
129038 11578 137618
121832 48312 79495
48312 79495 121832
79495 48312 121832
79602 101622 111776
101622 79602 111776
111776 79602 101622
122384 4880 57260
57260 4880 122384
4880 57260 122384
138896 5629 45729
5629 45729 138896
45729 5629 138896
116111 89164 103282
89164 103282 116111
103282 89164 116111
126900 58064 83385
58064 83385 126900
83385 58064 126900
76434 48833 114235
48833 76434 114235
114235 48833 76434
62217 71889 100813
71889 62217 100813
100813 62217 71889
66345 60244 126921
60244 66345 126921
126921 60244 66345
72530 2588 115458
2588 72530 115458
115458 2588 72530
110566 49522 51442
51442 49522 110566
49522 51442 110566
86119 11791 47239
11791 47239 86119
47239 11791 86119
129636 136031 137805
137805 129636 136031
136031 129636 137805
6937 77871 143236
77871 6937 143236
143236 6937 77871
41049 113228 114524
113228 41049 114524
114524 41049 113228
146478 36963 100545
36963 100545 146478
100545 36963 146478
19594 114215 140409
114215 19594 140409
140409 19594 114215
13763 55164 89418
55164 13763 89418
89418 13763 55164
105978 36982 93013
36982 93013 105978
93013 36982 105978
130152 20264 77992
77992 20264 130152
20264 77992 130152
20823 29664 51287
51287 20823 29664
29664 20823 51287
148495 62895 74158
62895 74158 148495
74158 62895 148495
67069 14707 45718
45718 14707 67069
14707 45718 67069
68833 5534 147621
147621 5534 68833
5534 68833 147621
131911 32972 73108
32972 73108 131911
73108 32972 131911
106548 93345 102004
93345 102004 106548
102004 93345 106548
94393 34475 124196
34475 94393 124196
124196 34475 94393
91311 39450 74638
74638 39450 91311
39450 74638 91311
36096 14686 88962
88962 14686 36096
14686 36096 88962
127357 125945 149818
125945 127357 149818
149818 125945 127357
3281 45151 78417
78417 3281 45151
45151 3281 78417
70108 42416 80254
80254 42416 70108
42416 70108 80254
23827 4675 50210
50210 4675 23827
4675 23827 50210
111296 113377 133612
113377 111296 133612
133612 111296 113377
145223 52085 71060
71060 52085 145223
52085 71060 145223
107201 88016 128295
128295 88016 107201
88016 107201 128295
47559 12301 46786
12301 46786 47559
46786 12301 47559
20779 59318 139139
139139 20779 59318
59318 20779 139139
109684 42736 67133
67133 42736 109684
42736 67133 109684
77636 105393 136544
105393 77636 136544
136544 77636 105393
7974 17774 44632
17774 7974 44632
44632 7974 17774
57044 73105 130447
73105 57044 130447
130447 57044 73105
120639 120082 144040
120082 120639 144040
144040 120082 120639
129686 90921 107108
107108 90921 129686
90921 107108 129686
60381 106047 142632
106047 60381 142632
142632 60381 106047
14830 39558 120830
39558 14830 120830
120830 14830 39558
72208 21340 48950
21340 48950 72208
48950 21340 72208
5111 13842 136680
136680 5111 13842
13842 5111 136680
90930 66051 75442
66051 75442 90930
75442 66051 90930
21260 91362 139652
91362 21260 139652
139652 21260 91362
117855 9537 119500
9537 117855 119500
119500 9537 117855
3085 88363 146224
88363 3085 146224
146224 3085 88363
23132 87244 132674
87244 23132 132674
132674 23132 87244
5765 73189 120427
120427 5765 73189
73189 5765 120427
64027 30582 51533
51533 30582 64027
30582 51533 64027
60239 9607 32322
32322 9607 60239
9607 32322 60239
124355 69296 108802
69296 108802 124355
108802 69296 124355
102427 97898 101987
101987 97898 102427
97898 101987 102427
145683 103148 148513
103148 145683 148513
148513 103148 145683
101522 554 32233
554 32233 101522
32233 554 101522
32095 26636 114496
114496 26636 32095
26636 32095 114496
40344 38089 120981
120981 38089 40344
38089 40344 120981
118838 20844 94252
94252 20844 118838
20844 94252 118838
5461 25537 62696
62696 5461 25537
25537 5461 62696
103401 60355 64870
64870 60355 103401
60355 64870 103401
11608 2912 64967
2912 11608 64967
64967 2912 11608
95573 29203 139371
139371 29203 95573
29203 95573 139371
110810 100229 102258
102258 100229 110810
100229 102258 110810
91179 97357 124239
97357 91179 124239
124239 91179 97357
69116 39835 103554
103554 39835 69116
39835 69116 103554
54011 53213 61512
61512 53213 54011
53213 54011 61512
68155 24665 138493
138493 24665 68155
24665 68155 138493
24885 48832 78776
48832 24885 78776
78776 24885 48832
132597 23739 130787
23739 130787 132597
130787 23739 132597
11111 24021 131437
24021 11111 131437
131437 11111 24021
72685 9640 31335
9640 31335 72685
31335 9640 72685
81896 30858 72731
30858 72731 81896
72731 30858 81896
12209 95515 126990
126990 12209 95515
95515 12209 126990
31361 46953 113931
46953 31361 113931
113931 31361 46953
90616 75597 120100
75597 90616 120100
120100 75597 90616
27517 4426 117602
4426 27517 117602
117602 4426 27517
62525 20313 33182
33182 20313 62525
20313 33182 62525
143445 348 78382
78382 348 143445
348 78382 143445
17217 21644 37187
21644 17217 37187
37187 17217 21644
113925 111853 121046
111853 113925 121046
121046 111853 113925
114836 14617 141838
141838 14617 114836
14617 114836 141838
27874 30715 34992
30715 27874 34992
34992 27874 30715
106838 50587 115075
115075 50587 106838
50587 106838 115075
95713 43057 114372
43057 95713 114372
114372 43057 95713
31488 19561 69914
19561 31488 69914
69914 19561 31488
140949 7095 122216
122216 7095 140949
7095 122216 140949
86290 3319 32242
3319 32242 86290
32242 3319 86290
84840 698 139314
139314 698 84840
698 84840 139314
31207 75674 136124
136124 31207 75674
75674 31207 136124
132114 41052 96599
96599 41052 132114
41052 96599 132114
141073 13719 116381
13719 116381 141073
116381 13719 141073
146134 36505 74707
36505 74707 146134
74707 36505 146134
9485 57792 138656
138656 9485 57792
57792 9485 138656
108146 42106 104352
104352 42106 108146
42106 104352 108146
84872 10283 47147
10283 47147 84872
47147 10283 84872
33516 33761 107708
107708 33516 33761
33761 33516 107708
34497 622 61580
61580 622 34497
622 34497 61580
149973 9809 37916
9809 37916 149973
37916 9809 149973
99893 53469 139429
53469 99893 139429
139429 53469 99893
63412 33390 75330
75330 33390 63412
33390 63412 75330
50025 43147 53675
53675 43147 50025
43147 50025 53675
53605 102869 134346
102869 53605 134346
134346 53605 102869
33487 17006 85452
17006 33487 85452
85452 17006 33487
79529 54439 141772
54439 79529 141772
141772 54439 79529
39108 77640 80155
80155 39108 77640
77640 39108 80155
4668 76681 143694
76681 4668 143694
143694 4668 76681
943 31705 141152
31705 943 141152
141152 943 31705
46744 19874 122587
19874 46744 122587
122587 19874 46744
87640 119242 130022
119242 87640 130022
130022 87640 119242
127125 67957 75212
67957 75212 127125
75212 67957 127125
89155 111090 138597
111090 89155 138597
138597 89155 111090
137791 46020 95513
95513 46020 137791
46020 95513 137791
140612 107682 141639
107682 140612 141639
141639 107682 140612
27646 8175 134842
8175 27646 134842
134842 8175 27646
59501 19301 44971
19301 44971 59501
44971 19301 59501
38529 4592 75461
4592 38529 75461
75461 4592 38529
88120 10416 123154
123154 10416 88120
10416 88120 123154
7063 3946 72873
72873 3946 7063
3946 7063 72873
49339 105408 130479
105408 49339 130479
130479 49339 105408
54374 1177 72966
72966 1177 54374
1177 54374 72966
66458 29206 124874
124874 29206 66458
29206 66458 124874
24481 98039 132364
132364 24481 98039
98039 24481 132364
72516 43143 80867
80867 43143 72516
43143 72516 80867
118078 17568 100329
100329 17568 118078
17568 100329 118078
82341 72079 146306
72079 82341 146306
146306 72079 82341
31675 1116 40857
1116 31675 40857
40857 1116 31675
128 38498 75458
75458 128 38498
38498 128 75458
138583 102524 106691
102524 106691 138583
106691 102524 138583
122595 19590 121763
121763 19590 122595
19590 121763 122595
115727 35861 107362
35861 107362 115727
107362 35861 115727
99094 1628 149196
149196 1628 99094
1628 99094 149196
95548 66391 98738
66391 95548 98738
98738 66391 95548
137752 79206 123606
123606 79206 137752
79206 123606 137752
47418 105249 123938
105249 47418 123938
123938 47418 105249
125327 76817 98991
76817 98991 125327
98991 76817 125327
80554 55399 75700
55399 75700 80554
75700 55399 80554
77933 46601 130973
46601 77933 130973
130973 46601 77933
25213 20859 116945
116945 20859 25213
20859 25213 116945
66275 32642 132577
132577 32642 66275
32642 66275 132577
17216 44 56094
44 17216 56094
56094 44 17216
29428 59802 102713
102713 29428 59802
59802 29428 102713
118693 86516 148809
148809 86516 118693
86516 118693 148809
55327 115043 142770
142770 55327 115043
115043 55327 142770
16740 77874 103769
103769 16740 77874
77874 16740 103769
12733 45616 59958
45616 12733 59958
59958 12733 45616
99445 32598 98375
98375 32598 99445
32598 98375 99445
66807 26036 103827
26036 66807 103827
103827 26036 66807
15964 97154 118803
118803 15964 97154
97154 15964 118803
123917 58484 124642
124642 58484 123917
58484 123917 124642
75260 85001 121701
85001 75260 121701
121701 75260 85001
115091 91103 120745
120745 91103 115091
91103 115091 120745
69201 3794 12916
12916 3794 69201
3794 12916 69201
80858 59459 112391
112391 59459 80858
59459 80858 112391
148058 113009 133007
113009 133007 148058
133007 113009 148058
91955 2697 62853
2697 62853 91955
62853 2697 91955
80290 39313 94560
94560 39313 80290
39313 80290 94560
27061 63898 144557
144557 27061 63898
63898 27061 144557
107120 2630 69807
2630 69807 107120
69807 2630 107120
32981 3333 135564
135564 3333 32981
3333 32981 135564
124991 82762 106501
82762 106501 124991
106501 82762 124991
53487 130286 138731
130286 53487 138731
138731 53487 130286
90581 34076 37634
37634 34076 90581
34076 37634 90581
127781 17352 51042
51042 17352 127781
17352 51042 127781
598 11800 136976
11800 598 136976
136976 598 11800
80915 13266 82333
82333 13266 80915
13266 80915 82333
64644 39923 50980
50980 39923 64644
39923 50980 64644
120294 110452 117670
117670 110452 120294
110452 117670 120294
130989 48880 67236
67236 48880 130989
48880 67236 130989
105713 57614 70995
70995 57614 105713
57614 70995 105713
31493 2996 88026
88026 2996 31493
2996 31493 88026
41764 88000 128465
128465 41764 88000
88000 41764 128465
86771 34816 52768
52768 34816 86771
34816 52768 86771
81654 105712 149722
149722 81654 105712
105712 81654 149722
26424 72559 91377
72559 26424 91377
91377 26424 72559
59601 64543 87301
87301 59601 64543
64543 59601 87301
114082 12827 36605
36605 12827 114082
12827 36605 114082
26906 44520 142457
142457 26906 44520
44520 26906 142457
4072 49054 80665
80665 4072 49054
49054 4072 80665
31085 59347 69835
69835 31085 59347
59347 31085 69835
62075 53529 65674
65674 53529 62075
53529 62075 65674
94405 3754 34803
3754 34803 94405
34803 3754 94405
148468 31884 40926
40926 31884 148468
31884 40926 148468
74836 25058 67619
67619 25058 74836
25058 67619 74836
77873 26972 50230
26972 50230 77873
50230 26972 77873
57822 41146 76271
76271 41146 57822
41146 57822 76271
22494 69012 76805
76805 22494 69012
69012 22494 76805
63110 65959 72614
72614 63110 65959
65959 63110 72614
67273 148947 149300
149300 67273 148947
148947 67273 149300
39162 55868 99357
55868 39162 99357
99357 39162 55868
43465 7204 16542
16542 7204 43465
7204 16542 43465
132557 15288 109164
109164 15288 132557
15288 109164 132557
7621 67914 102648
102648 7621 67914
67914 7621 102648
126123 16421 106977
106977 16421 126123
16421 106977 126123
20423 28803 29810
29810 20423 28803
28803 20423 29810
133975 17051 54126
17051 54126 133975
54126 17051 133975
132463 21832 114223
114223 21832 132463
21832 114223 132463
122243 100193 121986
121986 100193 122243
100193 121986 122243
31774 3767 82514
3767 31774 82514
82514 3767 31774
5710 37598 44384
44384 5710 37598
37598 5710 44384
67090 97549 138975
97549 67090 138975
138975 67090 97549
147467 131405 148689
148689 131405 147467
131405 147467 148689
65111 4284 114780
114780 4284 65111
4284 65111 114780
101461 25851 128361
128361 25851 101461
25851 101461 128361
64925 28191 82407
28191 64925 82407
82407 28191 64925
117824 31097 129071
31097 117824 129071
129071 31097 117824
112326 23579 78835
78835 23579 112326
23579 78835 112326
37490 53313 57286
57286 37490 53313
53313 37490 57286
95688 29519 58966
58966 29519 95688
29519 58966 95688
83266 85686 120541
85686 83266 120541
120541 83266 85686
10850 7790 18604
18604 7790 10850
7790 10850 18604
73878 11433 38819
38819 11433 73878
11433 38819 73878
53784 59308 100526
59308 53784 100526
100526 53784 59308
98708 29284 94975
94975 29284 98708
29284 94975 98708
59081 118368 142609
118368 59081 142609
142609 59081 118368
2117 83812 145937
145937 2117 83812
83812 2117 145937
10269 32124 35908
35908 10269 32124
32124 10269 35908
109515 14870 109581
109581 14870 109515
14870 109515 109581
43344 96529 143656
143656 43344 96529
96529 43344 143656
67793 32954 64886
64886 32954 67793
32954 64886 67793
34972 29782 112845
29782 34972 112845
112845 29782 34972
78221 88161 125632
125632 78221 88161
88161 78221 125632
45639 12440 73726
73726 12440 45639
12440 45639 73726
91372 91075 124354
124354 91075 91372
91075 91372 124354
17090 85437 130560
85437 17090 130560
130560 17090 85437
120637 33841 100074
100074 33841 120637
33841 100074 120637
97206 34802 130704
130704 34802 97206
34802 97206 130704
119307 4974 127977
4974 119307 127977
127977 4974 119307
7789 77448 135924
77448 7789 135924
135924 7789 77448
77297 19076 49776
49776 19076 77297
19076 49776 77297
131089 31457 132529
132529 31457 131089
31457 131089 132529
133158 42069 147034
147034 42069 133158
42069 133158 147034
81945 29820 87923
29820 81945 87923
87923 29820 81945
6439 2275 28347
28347 2275 6439
2275 6439 28347
77673 46875 137829
46875 77673 137829
137829 46875 77673
121870 64766 141364
64766 121870 141364
141364 64766 121870
96223 93397 126180
93397 96223 126180
126180 93397 96223
19465 100470 109035
100470 19465 109035
109035 19465 100470
74926 2975 32308
32308 2975 74926
2975 32308 74926
112893 43621 65488
43621 65488 112893
65488 43621 112893
94548 53097 73217
53097 73217 94548
73217 53097 94548
134164 68013 74359
74359 68013 134164
68013 74359 134164
100177 22911 138122
22911 100177 138122
138122 22911 100177
121019 63618 78730
63618 78730 121019
78730 63618 121019
43859 58074 81273
81273 43859 58074
58074 43859 81273
55808 103985 107070
103985 55808 107070
107070 55808 103985
63506 11894 99144
99144 11894 63506
11894 63506 99144
48951 34011 122642
122642 34011 48951
34011 48951 122642
13316 62687 106837
106837 13316 62687
62687 13316 106837
12945 11540 65057
11540 12945 65057
65057 11540 12945
101903 94589 141870
141870 94589 101903
94589 101903 141870
49052 5553 7067
5553 7067 49052
7067 5553 49052
100937 88681 97436
97436 88681 100937
88681 97436 100937
70014 135363 138642
138642 70014 135363
135363 70014 138642
43181 65443 92339
65443 43181 92339
92339 43181 65443
110634 34767 75782
75782 34767 110634
34767 75782 110634
134296 30681 43132
43132 30681 134296
30681 43132 134296
21538 2852 85590
85590 2852 21538
2852 21538 85590
146474 25399 55530
25399 55530 146474
55530 25399 146474
90724 47837 108758
108758 47837 90724
47837 90724 108758
64671 119458 128027
119458 64671 128027
128027 64671 119458
18633 66655 114030
66655 18633 114030
114030 18633 66655
128765 128654 135868
135868 128654 128765
128654 128765 135868
46183 26688 83361
26688 46183 83361
83361 26688 46183
45873 17324 138982
138982 17324 45873
17324 45873 138982
101159 60654 108303
60654 101159 108303
108303 60654 101159
21764 102076 145045
102076 21764 145045
145045 21764 102076
55284 70994 116689
116689 55284 70994
70994 55284 116689
62465 14145 81331
14145 62465 81331
81331 14145 62465
112686 14527 94636
14527 94636 112686
94636 14527 112686
11902 105983 147454
147454 11902 105983
105983 11902 147454
29908 80435 95866
95866 29908 80435
80435 29908 95866
52371 41405 79387
41405 52371 79387
79387 41405 52371
138001 47597 149290
47597 138001 149290
149290 47597 138001
25528 94402 115805
94402 25528 115805
115805 25528 94402
98008 88708 124593
88708 98008 124593
124593 88708 98008
52428 4599 30306
4599 30306 52428
30306 4599 52428
130976 26935 92886
26935 92886 130976
92886 26935 130976
69485 29643 60677
29643 60677 69485
60677 29643 69485
90574 59858 147589
59858 90574 147589
147589 59858 90574
4642 68512 70504
70504 4642 68512
68512 4642 70504
75569 71718 141936
71718 75569 141936
141936 71718 75569
143200 6897 95685
6897 95685 143200
95685 6897 143200
29120 61298 111017
61298 29120 111017
111017 29120 61298
111779 77456 126373
126373 77456 111779
77456 111779 126373
36933 65135 107372
65135 36933 107372
107372 36933 65135
67254 1053 126014
126014 1053 67254
1053 67254 126014
115559 90158 116004
116004 90158 115559
90158 115559 116004
43593 55750 116506
116506 43593 55750
55750 43593 116506
146022 12852 17942
17942 12852 146022
12852 17942 146022
87031 26873 124895
26873 87031 124895
124895 26873 87031
62703 66543 118283
118283 62703 66543
66543 62703 118283
148475 627 62545
627 62545 148475
62545 627 148475
81630 63837 87484
63837 81630 87484
87484 63837 81630
135750 18901 59451
18901 59451 135750
59451 18901 135750
69620 71418 89320
71418 69620 89320
89320 69620 71418
63324 76688 132888
132888 63324 76688
76688 63324 132888
69743 34263 53761
34263 53761 69743
53761 34263 69743
94965 90959 100956
90959 94965 100956
100956 90959 94965
21521 111984 141382
141382 21521 111984
111984 21521 141382
48870 72426 106289
106289 48870 72426
72426 48870 106289
40853 24424 66569
66569 24424 40853
24424 40853 66569
81036 82675 114487
82675 81036 114487
114487 81036 82675
103141 7085 89433
89433 7085 103141
7085 89433 103141
107632 63345 130810
130810 63345 107632
63345 107632 130810
44678 70817 126253
126253 44678 70817
70817 44678 126253
107610 89747 95937
95937 89747 107610
89747 95937 107610
58859 24782 90174
24782 58859 90174
90174 24782 58859
101625 10243 114920
114920 10243 101625
10243 101625 114920
75975 90783 130988
130988 75975 90783
90783 75975 130988
15139 65712 131833
65712 15139 131833
131833 15139 65712
101201 45486 76979
76979 45486 101201
45486 76979 101201
92583 8010 126082
8010 92583 126082
126082 8010 92583
62360 51769 72074
51769 62360 72074
72074 51769 62360
71840 9686 58939
58939 9686 71840
9686 58939 71840
25786 63802 126608
126608 25786 63802
63802 25786 126608
34737 19179 23871
23871 19179 34737
19179 23871 34737
47986 6413 37271
37271 6413 47986
6413 37271 47986
128251 29438 74519
74519 29438 128251
29438 74519 128251
30205 4906 101535
101535 4906 30205
4906 30205 101535
48328 37495 71625
37495 48328 71625
71625 37495 48328
69801 64408 87615
64408 69801 87615
87615 64408 69801
37884 50377 83500
50377 37884 83500
83500 37884 50377
122339 68247 130191
130191 68247 122339
68247 122339 130191
134263 5862 111216
111216 5862 134263
5862 111216 134263
74010 72679 105330
105330 72679 74010
72679 74010 105330
101600 984 6096
6096 984 101600
984 6096 101600
82272 1638 80544
1638 80544 82272
80544 1638 82272
87718 80084 95004
95004 80084 87718
80084 87718 95004
114617 93999 102192
102192 93999 114617
93999 102192 114617
57562 13011 136289
136289 13011 57562
13011 57562 136289
13340 107874 118503
118503 13340 107874
107874 13340 118503
143912 90472 105303
105303 90472 143912
90472 105303 143912
148831 36485 58264
36485 58264 148831
58264 36485 148831
47764 48044 91887
48044 47764 91887
91887 47764 48044
133860 33756 129408
33756 129408 133860
129408 33756 133860
45618 34459 95240
95240 34459 45618
34459 45618 95240
123230 13967 110099
110099 13967 123230
13967 110099 123230
4742 127770 135714
127770 4742 135714
135714 4742 127770
38586 57546 129975
129975 38586 57546
57546 38586 129975
102675 46050 136542
46050 102675 136542
136542 46050 102675
149560 103228 123661
103228 123661 149560
123661 103228 149560
13346 38881 121778
121778 13346 38881
38881 13346 121778
85339 56383 138383
56383 85339 138383
138383 56383 85339
57892 64362 80026
80026 57892 64362
64362 57892 80026
15783 19701 79481
79481 15783 19701
19701 15783 79481
9844 40919 57943
57943 9844 40919
40919 9844 57943
18904 39523 132542
39523 18904 132542
132542 18904 39523
4017 62570 106270
62570 4017 106270
106270 4017 62570
30384 56714 109238
109238 30384 56714
56714 30384 109238
2676 84378 104581
104581 2676 84378
84378 2676 104581
82073 29103 75078
75078 29103 82073
29103 75078 82073
107018 74670 129351
74670 107018 129351
129351 74670 107018
18361 80353 114946
114946 18361 80353
80353 18361 114946
127021 73177 133510
133510 73177 127021
73177 127021 133510
55213 39114 149446
149446 39114 55213
39114 55213 149446
63927 139901 146316
146316 63927 139901
139901 63927 146316
2636 30130 110565
30130 2636 110565
110565 2636 30130
70795 29691 147109
147109 29691 70795
29691 70795 147109
54532 55947 123002
55947 54532 123002
123002 54532 55947
52162 27112 64533
27112 52162 64533
64533 27112 52162
30517 28864 112897
112897 28864 30517
28864 30517 112897
44682 29198 104369
104369 29198 44682
29198 44682 104369
124966 103482 122797
122797 103482 124966
103482 122797 124966
144080 5108 32225
5108 32225 144080
32225 5108 144080
132401 15759 121018
15759 121018 132401
121018 15759 132401
91022 44921 81145
81145 44921 91022
44921 81145 91022
144336 92478 105122
105122 92478 144336
92478 105122 144336
34646 51797 111712
51797 34646 111712
111712 34646 51797
70986 26318 144143
144143 26318 70986
26318 70986 144143
67383 31562 90630
90630 31562 67383
31562 67383 90630
39974 5843 115876
115876 5843 39974
5843 39974 115876
55933 38320 62452
38320 55933 62452
62452 38320 55933
143968 14462 52474
14462 52474 143968
52474 14462 143968
19861 69369 98715
98715 19861 69369
69369 19861 98715
84270 60557 72675
60557 72675 84270
72675 60557 84270
56740 106621 109124
106621 56740 109124
109124 56740 106621
54942 109614 130532
109614 54942 130532
130532 54942 109614
131376 16608 28831
28831 16608 131376
16608 28831 131376
144617 2847 12839
12839 2847 144617
2847 12839 144617
104216 7347 128852
128852 7347 104216
7347 104216 128852
27331 80164 146841
80164 27331 146841
146841 27331 80164
145085 55583 110871
110871 55583 145085
55583 110871 145085
63226 62987 63565
63565 62987 63226
62987 63226 63565
41389 125653 138187
125653 41389 138187
138187 41389 125653
50604 114403 141273
141273 50604 114403
114403 50604 141273
4979 52317 122196
122196 4979 52317
52317 4979 122196
59610 9026 37745
37745 9026 59610
9026 37745 59610
130281 68757 113067
113067 68757 130281
68757 113067 130281
98549 130807 131988
130807 98549 131988
131988 98549 130807
66001 40808 103463
103463 40808 66001
40808 66001 103463
87683 33353 82765
82765 33353 87683
33353 82765 87683
49803 57553 69367
69367 49803 57553
57553 49803 69367
149473 24196 94131
24196 94131 149473
94131 24196 149473
97248 13847 22172
