6236 6131 7365
7365 6131 6236
6131 6236 7365
13697 3527 9191
9191 3527 13697
3527 9191 13697
108 2072 4140
4140 108 2072
2072 108 4140
1794 7089 10477
7089 1794 10477
10477 1794 7089
5080 6935 10689
6935 5080 10689
10689 5080 6935
8526 7228 9739
9739 7228 8526
7228 8526 9739
6549 11527 11814
11814 6549 11527
11527 6549 11814
10460 819 7941
819 7941 10460
7941 819 10460
13673 4120 6712
6712 4120 13673
4120 6712 13673
12624 7977 9593
7977 9593 12624
9593 7977 12624
7481 8870 12666
8870 7481 12666
12666 7481 8870
2534 2724 11917
11917 2534 2724
2724 2534 11917
9629 1097 5866
5866 1097 9629
1097 5866 9629
217 3740 10070
3740 217 10070
10070 217 3740
4496 7866 10284
10284 4496 7866
7866 4496 10284
2801 11623 14124
14124 2801 11623
11623 2801 14124
6455 8219 12772
12772 6455 8219
8219 6455 12772
9325 7112 13316
7112 9325 13316
13316 7112 9325
13418 10676 10810
10676 10810 13418
10810 10676 13418
4076 2335 14513
2335 4076 14513
14513 2335 4076
8586 5478 14050
5478 8586 14050
14050 5478 8586
12683 6768 10415
10415 6768 12683
6768 10415 12683
12199 883 3693
883 3693 12199
3693 883 12199
8048 10479 11404
10479 8048 11404
11404 8048 10479
3674 7802 13981
7802 3674 13981
13981 3674 7802
12617 13493 14798
14798 12617 13493
13493 12617 14798
8412 490 13831
13831 490 8412
490 8412 13831
3329 3123 4551
4551 3123 3329
3123 3329 4551
6241 3615 12480
3615 6241 12480
12480 3615 6241
6100 160 12926
12926 160 6100
160 6100 12926
10484 2829 14663
14663 2829 10484
2829 10484 14663
2433 4119 14852
4119 2433 14852
14852 2433 4119
789 12802 13243
12802 789 13243
13243 789 12802
13104 499 10483
10483 499 13104
499 10483 13104
548 5511 9202
5511 548 9202
9202 548 5511
4385 3587 8935
8935 3587 4385
3587 4385 8935
11892 3172 13231
13231 3172 11892
3172 11892 13231
3911 14101 14480
14101 3911 14480
14480 3911 14101
11250 801 9603
9603 801 11250
801 9603 11250
835 12723 13725
13725 835 12723
12723 835 13725
2028 2080 4362
2080 2028 4362
4362 2028 2080
4869 10046 13353
13353 4869 10046
10046 4869 13353
13181 9234 14381
9234 13181 14381
14381 9234 13181
9415 9549 12333
9549 9415 12333
12333 9415 9549
9308 399 1455
1455 399 9308
399 1455 9308
14479 6743 8206
6743 8206 14479
8206 6743 14479
6381 3862 10040
10040 3862 6381
3862 6381 10040
2895 8489 14537
8489 2895 14537
14537 2895 8489
2228 1559 3852
3852 1559 2228
1559 2228 3852
3068 9145 9955
9145 3068 9955
9955 3068 9145
8520 9303 13476
9303 8520 13476
13476 8520 9303
13802 4509 6919
4509 6919 13802
6919 4509 13802
2191 7201 14086
7201 2191 14086
14086 2191 7201
12164 7829 12220
7829 12164 12220
12220 7829 12164
11984 3310 9634
3310 9634 11984
9634 3310 11984
11491 760 7135
7135 760 11491
760 7135 11491
7259 86 2603
2603 86 7259
86 2603 7259
19 7922 14294
7922 19 14294
14294 19 7922
8025 7549 13869
13869 7549 8025
7549 8025 13869
1721 2676 4963
4963 1721 2676
2676 1721 4963
13780 9788 13974
13974 9788 13780
9788 13780 13974
4927 10073 11353
11353 4927 10073
10073 4927 11353
9408 3948 11546
3948 9408 11546
11546 3948 9408
2949 3064 7823
3064 2949 7823
7823 2949 3064
7026 1454 7925
7925 1454 7026
1454 7026 7925
7978 2502 3443
3443 2502 7978
2502 3443 7978
6490 8794 13105
13105 6490 8794
8794 6490 13105
12867 12025 14329
12025 12867 14329
14329 12025 12867
11964 7675 8342
8342 7675 11964
7675 8342 11964
5029 5535 10178
5535 5029 10178
10178 5029 5535
6195 2909 10039
10039 2909 6195
2909 6195 10039
14528 6239 7592
6239 7592 14528
7592 6239 14528
4054 11195 14170
11195 4054 14170
14170 4054 11195
306 611 10217
10217 306 611
611 306 10217
870 12062 14144
14144 870 12062
12062 870 14144
11740 6034 6791
6034 6791 11740
6791 6034 11740
11464 7103 11816
11816 7103 11464
7103 11464 11816
1720 6554 14594
6554 1720 14594
14594 1720 6554
9366 9435 14201
9435 9366 14201
14201 9366 9435
8566 10191 13344
13344 8566 10191
10191 8566 13344
888 3242 13867
13867 888 3242
3242 888 13867
4897 175 7300
7300 175 4897
175 4897 7300
9591 825 6457
825 6457 9591
6457 825 9591
2705 10164 10715
10715 2705 10164
10164 2705 10715
10924 10166 10342
10342 10166 10924
10166 10342 10924
13046 2857 7642
2857 7642 13046
7642 2857 13046
3383 42 9977
9977 42 3383
42 3383 9977
8908 6150 10838
6150 8908 10838
10838 6150 8908
9103 5 10952
10952 5 9103
5 9103 10952
13986 8582 8989
8582 8989 13986
8989 8582 13986
12935 2420 6105
2420 6105 12935
6105 2420 12935
4187 7645 9741
7645 4187 9741
9741 4187 7645
1997 137 1360
137 1360 1997
1360 137 1997
12292 5148 10683
5148 10683 12292
10683 5148 12292
7187 4898 13985
13985 4898 7187
4898 7187 13985
5904 9154 10812
9154 5904 10812
10812 5904 9154
5139 7757 13490
7757 5139 13490
13490 5139 7757
14341 1696 6393
1696 6393 14341
6393 1696 14341
6218 1127 4259
1127 4259 6218
4259 1127 6218
12705 4640 10761
4640 10761 12705
10761 4640 12705
9872 1166 12044
1166 9872 12044
12044 1166 9872
5990 203 10481
10481 203 5990
203 5990 10481
10918 7048 7394
7048 7394 10918
7394 7048 10918
3437 6159 6816
6816 3437 6159
6159 3437 6816
2308 3958 9870
3958 2308 9870
9870 2308 3958
1403 492 6620
492 1403 6620
6620 492 1403
4217 3584 5604
3584 4217 5604
5604 3584 4217
4758 2137 13477
2137 4758 13477
13477 2137 4758
2763 1859 7324
7324 1859 2763
1859 2763 7324
6348 5520 7913
7913 5520 6348
5520 6348 7913
8210 9569 9669
9569 8210 9669
9669 8210 9569
11344 2201 4074
4074 2201 11344
2201 4074 11344
13814 2905 9437
9437 2905 13814
2905 9437 13814
10629 7801 10463
10463 7801 10629
7801 10463 10629
13996 8323 14345
14345 8323 13996
8323 13996 14345
2779 5440 7667
5440 2779 7667
7667 2779 5440
11023 354 8873
354 8873 11023
8873 354 11023
2482 5243 6758
5243 2482 6758
6758 2482 5243
3136 807 5949
807 3136 5949
5949 807 3136
470 3256 11557
3256 470 11557
11557 470 3256
10120 1847 5722
5722 1847 10120
1847 5722 10120
5923 3010 11106
3010 5923 11106
11106 3010 5923
11087 1272 13193
13193 1272 11087
1272 11087 13193
3323 6623 14372
14372 3323 6623
6623 3323 14372
14557 683 6677
6677 683 14557
683 6677 14557
3465 104 9356
104 3465 9356
9356 104 3465
12902 1539 4135
4135 1539 12902
1539 4135 12902
1458 4209 12798
4209 1458 12798
12798 1458 4209
11495 4757 10336
10336 4757 11495
4757 10336 11495
14785 3332 11559
3332 11559 14785
11559 3332 14785
1856 5192 6154
5192 1856 6154
6154 1856 5192
12568 1935 11158
1935 11158 12568
11158 1935 12568
8733 8865 9369
8865 8733 9369
9369 8733 8865
14366 7344 14765
14765 7344 14366
7344 14366 14765
1055 5848 13124
13124 1055 5848
5848 1055 13124
10011 12388 14364
12388 10011 14364
14364 10011 12388
2911 9091 13089
9091 2911 13089
13089 2911 9091
5055 6638 10687
10687 5055 6638
6638 5055 10687
6056 3951 13397
3951 6056 13397
13397 3951 6056
3974 4786 8096
4786 3974 8096
8096 3974 4786
8101 8356 14162
8356 8101 14162
14162 8101 8356
6894 3220 5464
5464 3220 6894
3220 5464 6894
9238 308 10223
10223 308 9238
308 9238 10223
14322 1980 3375
3375 1980 14322
1980 3375 14322
11174 5876 7087
5876 7087 11174
7087 5876 11174
6728 2951 7280
2951 6728 7280
7280 2951 6728
4027 3491 13755
13755 3491 4027
3491 4027 13755
2793 5497 10631
5497 2793 10631
10631 2793 5497
8295 5226 11996
11996 5226 8295
5226 8295 11996
1855 9331 11846
11846 1855 9331
9331 1855 11846
10813 4450 8259
4450 8259 10813
8259 4450 10813
6175 9011 14491
14491 6175 9011
9011 6175 14491
2215 138 3914
138 2215 3914
3914 138 2215
11850 10646 12060
10646 11850 12060
12060 10646 11850
10525 1900 8275
8275 1900 10525
1900 8275 10525
6934 11839 13747
13747 6934 11839
11839 6934 13747
5466 2570 13754
13754 2570 5466
2570 5466 13754
3262 1812 11232
11232 1812 3262
1812 3262 11232
2037 3546 13103
13103 2037 3546
3546 2037 13103
4254 10845 13804
10845 4254 13804
13804 4254 10845
4947 4349 7795
4349 4947 7795
7795 4349 4947
5310 12692 14003
12692 5310 14003
14003 5310 12692
820 87 14478
14478 87 820
87 820 14478
6853 4631 11489
4631 6853 11489
11489 4631 6853
6641 8644 12559
8644 6641 12559
12559 6641 8644
1684 3920 10702
3920 1684 10702
10702 1684 3920
1446 2051 10639
10639 1446 2051
2051 1446 10639
12238 7956 11040
7956 11040 12238
11040 7956 12238
3475 11914 12853
11914 3475 12853
12853 3475 11914
12529 6223 14263
6223 12529 14263
14263 6223 12529
9426 9565 9826
9565 9426 9826
9826 9426 9565
7399 10801 12112
10801 7399 12112
12112 7399 10801
10850 6113 9378
9378 6113 10850
6113 9378 10850
7488 10212 14995
10212 7488 14995
14995 7488 10212
11264 2173 9447
2173 9447 11264
9447 2173 11264
4912 7511 11808
11808 4912 7511
7511 4912 11808
14033 6494 14714
6494 14033 14714
14714 6494 14033
6205 8225 9579
8225 6205 9579
9579 6205 8225
9081 5924 12306
12306 5924 9081
5924 9081 12306
5745 4284 8326
8326 4284 5745
4284 5745 8326
12142 6358 13675
6358 12142 13675
13675 6358 12142
1437 4986 13499
13499 1437 4986
4986 1437 13499
8687 890 2737
890 2737 8687
2737 890 8687
5381 2141 10110
10110 2141 5381
2141 5381 10110
9213 2415 7502
2415 7502 9213
7502 2415 9213
1709 506 10841
506 1709 10841
10841 506 1709
11898 7590 13507
13507 7590 11898
7590 11898 13507
4440 922 3424
3424 922 4440
922 3424 4440
8479 1369 7837
7837 1369 8479
1369 7837 8479
815 6298 8339
8339 815 6298
6298 815 8339
11813 12118 13735
12118 11813 13735
13735 11813 12118
453 3506 9106
3506 453 9106
9106 453 3506
14448 6547 9543
6547 9543 14448
9543 6547 14448
810 14543 14788
14543 810 14788
14788 810 14543
9534 257 6125
257 6125 9534
6125 257 9534
3806 7391 9691
9691 3806 7391
7391 3806 9691
12470 5631 10728
5631 10728 12470
10728 5631 12470
4603 8666 13300
13300 4603 8666
8666 4603 13300
1918 5175 6731
5175 1918 6731
6731 1918 5175
8633 7886 13532
7886 8633 13532
13532 7886 8633
8950 6929 14172
6929 8950 14172
14172 6929 8950
2033 4899 5116
4899 2033 5116
5116 2033 4899
13410 9703 10712
9703 10712 13410
10712 9703 13410
8447 12073 13701
13701 8447 12073
12073 8447 13701
9161 5385 12709
12709 5385 9161
5385 9161 12709
2070 2527 10759
2527 2070 10759
10759 2070 2527
3554 4252 6272
4252 3554 6272
6272 3554 4252
12455 8086 8811
8086 8811 12455
8811 8086 12455
14119 5737 13146
5737 13146 14119
13146 5737 14119
12180 7393 11324
11324 7393 12180
7393 11324 12180
3685 9793 14361
14361 3685 9793
9793 3685 14361
9816 2060 2505
2505 2060 9816
2060 2505 9816
1518 7638 9938
9938 1518 7638
7638 1518 9938
9557 633 12727
12727 633 9557
633 9557 12727
13659 7412 13727
7412 13659 13727
13727 7412 13659
3370 2200 11204
2200 3370 11204
11204 2200 3370
8676 30 13588
30 8676 13588
13588 30 8676
1740 10928 13276
10928 1740 13276
13276 1740 10928
6079 6667 9734
9734 6079 6667
6667 6079 9734
3802 645 11779
645 3802 11779
11779 645 3802
14710 3642 13903
3642 13903 14710
13903 3642 14710
8024 4474 11052
4474 8024 11052
11052 4474 8024
2579 1418 5779
5779 1418 2579
1418 2579 5779
4292 5287 8991
8991 4292 5287
5287 4292 8991
6539 7772 12405
12405 6539 7772
7772 6539 12405
14368 9698 11794
9698 11794 14368
11794 9698 14368
7337 1819 12982
12982 1819 7337
1819 7337 12982
5789 8684 12892
8684 5789 12892
12892 5789 8684
7899 1087 13257
1087 7899 13257
13257 1087 7899
3217 9617 12934
9617 3217 12934
12934 3217 9617
1439 1018 8814
1018 1439 8814
8814 1018 1439
8397 11401 11580
11401 8397 11580
11580 8397 11401
14289 113 10229
113 10229 14289
10229 113 14289
13077 10510 10533
10533 10510 13077
10510 10533 13077
5020 2562 8604
2562 5020 8604
8604 2562 5020
11184 10400 12221
10400 11184 12221
12221 10400 11184
12121 1907 13354
1907 12121 13354
13354 1907 12121
7495 14772 14871
14871 7495 14772
14772 7495 14871
10953 4508 11122
11122 4508 10953
4508 10953 11122
3254 2520 5167
5167 2520 3254
2520 3254 5167
1353 946 4347
946 1353 4347
4347 946 1353
4527 5031 9533
5031 4527 9533
9533 4527 5031
10989 12312 13641
13641 10989 12312
12312 10989 13641
10930 11453 11990
11453 10930 11990
11990 10930 11453
13678 8033 14981
14981 8033 13678
8033 13678 14981
7520 1593 6785
6785 1593 7520
1593 6785 7520
2473 2870 14238
14238 2473 2870
2870 2473 14238
9000 2170 14841
14841 2170 9000
2170 9000 14841
11230 139 2861
139 2861 11230
2861 139 11230
14284 793 1649
1649 793 14284
793 1649 14284
11979 9546 14332
14332 9546 11979
9546 11979 14332
5546 6610 7417
7417 5546 6610
6610 5546 7417
10003 11261 12672
12672 10003 11261
11261 10003 12672
11547 1634 11888
1634 11547 11888
11888 1634 11547
3073 504 14195
504 3073 14195
14195 504 3073
7497 1818 7651
7651 1818 7497
1818 7497 7651
13329 7311 9527
7311 9527 13329
9527 7311 13329
4582 13906 14099
13906 4582 14099
14099 4582 13906
12715 2428 10181
2428 10181 12715
10181 2428 12715
5456 11824 13816
11824 5456 13816
13816 5456 11824
7557 9865 12734
12734 7557 9865
9865 7557 12734
6967 997 3282
997 3282 6967
3282 997 6967
12824 2362 5164
5164 2362 12824
2362 5164 12824
4636 875 2943
2943 875 4636
875 2943 4636
13863 4240 12521
12521 4240 13863
4240 12521 13863
12496 5247 8218
8218 5247 12496
5247 8218 12496
3452 6998 7604
7604 3452 6998
6998 3452 7604
2872 3575 14059
14059 2872 3575
3575 2872 14059
11370 6151 8126
6151 8126 11370
8126 6151 11370
10403 3532 11312
3532 10403 11312
11312 3532 10403
9394 4767 10958
4767 9394 10958
10958 4767 9394
10644 4510 13357
13357 4510 10644
4510 10644 13357
189 5970 10881
5970 189 10881
10881 189 5970
4793 7599 12615
12615 4793 7599
7599 4793 12615
5803 10176 12739
10176 5803 12739
12739 5803 10176
8631 7472 8695
8695 7472 8631
7472 8631 8695
3397 4172 7750
4172 3397 7750
7750 3397 4172
3438 3565 13584
13584 3438 3565
3565 3438 13584
8287 5131 8127
8127 5131 8287
5131 8127 8287
1485 2650 9590
2650 1485 9590
9590 1485 2650
7384 3223 11026
3223 7384 11026
11026 3223 7384
1144 11645 12552
11645 1144 12552
12552 1144 11645
10871 2958 6315
2958 6315 10871
6315 2958 10871
348 1547 5494
5494 348 1547
1547 348 5494
1404 8511 13887
13887 1404 8511
8511 1404 13887
4146 1797 4562
1797 4146 4562
4562 1797 4146
10690 2445 7444
2445 7444 10690
7444 2445 10690
14062 3269 7149
7149 3269 14062
3269 7149 14062
600 7574 7936
7936 600 7574
7574 600 7936
7700 10296 10518
10296 7700 10518
10518 7700 10296
12882 5979 12196
5979 12196 12882
12196 5979 12882
1940 1356 2671
1356 1940 2671
2671 1356 1940
8978 2145 5724
2145 5724 8978
5724 2145 8978
11303 3795 8554
3795 8554 11303
8554 3795 11303
14121 5191 14821
5191 14121 14821
14821 5191 14121
2790 6529 9970
6529 2790 9970
9970 2790 6529
11444 1388 4184
1388 4184 11444
4184 1388 11444
670 7805 14564
14564 670 7805
7805 670 14564
12951 6040 6890
6890 6040 12951
6040 6890 12951
4373 1376 3057
3057 1376 4373
1376 3057 4373
4177 2630 11741
11741 2630 4177
2630 4177 11741
747 1414 14066
14066 747 1414
1414 747 14066
11178 10313 13882
10313 11178 13882
13882 10313 11178
8453 4029 4309
4029 4309 8453
4309 4029 8453
3936 1257 2300
2300 1257 3936
1257 2300 3936
1239 6445 9218
6445 1239 9218
9218 1239 6445
12280 5289 10883
10883 5289 12280
5289 10883 12280
7342 11774 12977
11774 7342 12977
12977 7342 11774
5629 4679 6072
6072 4679 5629
4679 5629 6072
10668 2577 7673
2577 7673 10668
7673 2577 10668
786 1862 5597
5597 786 1862
1862 786 5597
8440 7528 13408
7528 8440 13408
13408 7528 8440
9469 2014 13668
13668 2014 9469
2014 9469 13668
13097 4169 12080
4169 12080 13097
12080 4169 13097
13989 1583 5259
5259 1583 13989
1583 5259 13989
9448 661 13385
13385 661 9448
661 9448 13385
4475 9809 12649
9809 4475 12649
12649 4475 9809
9813 6049 7628
6049 7628 9813
7628 6049 9813
8817 2699 10684
10684 2699 8817
2699 8817 10684
14868 8903 9223
8903 9223 14868
9223 8903 14868
53 1611 10253
10253 53 1611
1611 53 10253
10662 4866 6718
6718 4866 10662
4866 6718 10662
4770 5889 14225
14225 4770 5889
5889 4770 14225
347 10600 10692
10600 347 10692
10692 347 10600
4761 12127 12553
12127 4761 12553
12553 4761 12127
10874 7155 13975
7155 10874 13975
13975 7155 10874
5683 1664 13069
13069 1664 5683
1664 5683 13069
13843 241 10431
10431 241 13843
241 10431 13843
2805 5951 6158
5951 2805 6158
6158 2805 5951
13487 8016 11603
11603 8016 13487
8016 11603 13487
1285 5391 8226
8226 1285 5391
5391 1285 8226
9810 6534 7029
7029 6534 9810
6534 7029 9810
10060 8377 14825
8377 10060 14825
14825 8377 10060
6738 5474 12398
5474 6738 12398
12398 5474 6738
82 2289 4871
4871 82 2289
2289 82 4871
9284 13516 14208
13516 9284 14208
14208 9284 13516
7443 4236 6770
4236 6770 7443
6770 4236 7443
3882 1624 14471
14471 1624 3882
1624 3882 14471
11784 2759 10777
2759 10777 11784
10777 2759 11784
9382 2756 13286
13286 2756 9382
2756 9382 13286
12114 7865 11669
7865 11669 12114
11669 7865 12114
6030 5898 7603
7603 5898 6030
5898 6030 7603
13173 3394 14581
14581 3394 13173
3394 13173 14581
9899 1271 7424
1271 7424 9899
7424 1271 9899
11228 3789 10436
3789 10436 11228
10436 3789 11228
7594 11707 11815
11707 7594 11815
11815 7594 11707
2716 6245 10028
6245 2716 10028
10028 2716 6245
3127 11736 12646
12646 3127 11736
11736 3127 12646
8543 4583 11299
4583 8543 11299
11299 4583 8543
12465 4938 6602
4938 6602 12465
6602 4938 12465
6829 4893 11382
4893 6829 11382
11382 4893 6829
1541 1413 1763
1763 1413 1541
1413 1541 1763
3005 2576 11877
2576 3005 11877
11877 2576 3005
451 6767 9491
9491 451 6767
6767 451 9491
11725 8646 9521
9521 8646 11725
8646 9521 11725
8292 7916 13693
7916 8292 13693
13693 7916 8292
3050 519 9419
519 3050 9419
9419 519 3050
9820 648 14298
14298 648 9820
648 9820 14298
6352 2900 13180
13180 2900 6352
2900 6352 13180
2269 7714 14521
7714 2269 14521
14521 2269 7714
5719 1150 11765
11765 1150 5719
1150 5719 11765
9252 4192 10437
4192 9252 10437
10437 4192 9252
3548 10604 12790
12790 3548 10604
10604 3548 12790
9657 425 618
425 618 9657
618 425 9657
3887 10008 12583
10008 3887 12583
12583 3887 10008
8513 5943 7582
7582 5943 8513
5943 7582 8513
11254 69 12566
12566 69 11254
69 11254 12566
14402 10825 12297
12297 10825 14402
10825 12297 14402
2281 4782 12473
4782 2281 12473
12473 2281 4782
12662 3157 7536
3157 7536 12662
7536 3157 12662
5443 3771 7479
3771 5443 7479
7479 3771 5443
8818 9502 13061
9502 8818 13061
13061 8818 9502
7098 10904 13336
13336 7098 10904
10904 7098 13336
9298 1146 3082
1146 3082 9298
3082 1146 9298
10026 328 5293
328 5293 10026
5293 328 10026
13935 10821 14442
10821 13935 14442
14442 10821 13935
6877 1638 5187
5187 1638 6877
1638 5187 6877
7553 126 6927
126 6927 7553
6927 126 7553
2305 3496 8190
3496 2305 8190
8190 2305 3496
2354 2933 6703
2933 2354 6703
6703 2354 2933
1068 10142 13550
13550 1068 10142
10142 1068 13550
6 930 10349
930 6 10349
10349 6 930
8834 228 7846
7846 228 8834
228 7846 8834
7000 8417 10294
10294 7000 8417
8417 7000 10294
773 5675 8885
5675 773 8885
8885 773 5675
1219 260 14688
260 1219 14688
14688 260 1219
7954 2545 5767
2545 5767 7954
5767 2545 7954
4681 5218 8959
8959 4681 5218
5218 4681 8959
5878 7838 14197
7838 5878 14197
14197 5878 7838
6705 8054 13951
8054 6705 13951
13951 6705 8054
6038 2594 11716
11716 2594 6038
2594 6038 11716
1059 3998 4166
4166 1059 3998
3998 1059 4166
7202 8152 11471
11471 7202 8152
8152 7202 11471
5114 7707 7883
7883 5114 7707
7707 5114 7883
12852 4387 6110
4387 6110 12852
6110 4387 12852
13719 8353 12985
8353 12985 13719
12985 8353 13719
2896 2206 5261
5261 2206 2896
2206 2896 5261
100 3029 8102
8102 100 3029
3029 100 8102
13751 8787 12612
8787 12612 13751
12612 8787 13751
12754 8061 11701
11701 8061 12754
8061 11701 12754
739 6857 9776
6857 739 9776
9776 739 6857
8278 542 12274
12274 542 8278
542 8278 12274
8896 9196 12039
9196 8896 12039
12039 8896 9196
2789 13615 14939
13615 2789 14939
14939 2789 13615
2802 5018 6498
6498 2802 5018
5018 2802 6498
7938 5895 14642
14642 5895 7938
5895 7938 14642
7901 2387 4564
4564 2387 7901
2387 4564 7901
6519 2649 8510
2649 6519 8510
8510 2649 6519
7578 6897 11362
11362 6897 7578
6897 7578 11362
11621 12065 13515
12065 11621 13515
13515 11621 12065
9595 2696 4979
2696 4979 9595
4979 2696 9595
10666 2504 9886
2504 9886 10666
9886 2504 10666
3607 8550 9611
9611 3607 8550
8550 3607 9611
10311 2764 9789
2764 9789 10311
9789 2764 10311
12832 3847 4222
3847 4222 12832
4222 3847 12832
13858 13528 13567
13528 13567 13858
13567 13528 13858
6673 1312 5146
5146 1312 6673
1312 5146 6673
9559 2867 13585
13585 2867 9559
2867 9559 13585
13590 8108 13092
8108 13092 13590
13092 8108 13590
351 567 7106
567 351 7106
7106 351 567
10264 2084 14807
14807 2084 10264
2084 10264 14807
5147 14745 14884
14884 5147 14745
14745 5147 14884
11107 12000 14985
12000 11107 14985
14985 11107 12000
14074 2361 3472
2361 3472 14074
3472 2361 14074
2907 13317 14028
14028 2907 13317
13317 2907 14028
5648 5196 8179
5196 5648 8179
8179 5196 5648
13817 1456 6343
1456 6343 13817
6343 1456 13817
852 8812 12622
8812 852 12622
12622 852 8812
587 9359 12993
9359 587 12993
12993 587 9359
276 2337 9830
2337 276 9830
9830 276 2337
8174 656 14041
656 8174 14041
14041 656 8174
949 6235 13610
13610 949 6235
6235 949 13610
550 7661 13983
13983 550 7661
7661 550 13983
11886 6625 8258
6625 8258 11886
8258 6625 11886
7923 6439 14758
14758 6439 7923
6439 7923 14758
4670 4482 7312
4482 4670 7312
7312 4482 4670
2500 4504 6592
6592 2500 4504
4504 2500 6592
2253 3657 5856
3657 2253 5856
5856 2253 3657
1976 1392 6216
1392 1976 6216
6216 1392 1976
8505 6447 14536
14536 6447 8505
6447 8505 14536
14045 9215 9874
9215 9874 14045
9874 9215 14045
3150 3120 14562
14562 3120 3150
3120 3150 14562
10268 3083 12302
3083 10268 12302
12302 3083 10268
4395 7373 10732
7373 4395 10732
10732 4395 7373
11064 866 6904
866 6904 11064
6904 866 11064
13164 1724 9851
9851 1724 13164
1724 9851 13164
11745 5396 14167
14167 5396 11745
5396 11745 14167
4092 8789 12463
12463 4092 8789
8789 4092 12463
1101 11348 12980
11348 1101 12980
12980 1101 11348
4668 4108 12933
4108 4668 12933
12933 4108 4668
11838 2155 6262
2155 6262 11838
6262 2155 11838
12728 3580 7448
3580 7448 12728
7448 3580 12728
13201 4412 4653
4653 4412 13201
4412 4653 13201
11773 10660 13628
13628 10660 11773
10660 11773 13628
13211 335 9994
9994 335 13211
335 9994 13211
2345 3742 9858
3742 2345 9858
9858 2345 3742
3649 1710 6652
6652 1710 3649
1710 3649 6652
12155 2848 13488
13488 2848 12155
2848 12155 13488
6380 10720 12169
12169 6380 10720
10720 6380 12169
10940 1067 5747
5747 1067 10940
1067 5747 10940
7684 6220 10786
6220 7684 10786
10786 6220 7684
9024 7619 9345
7619 9024 9345
9345 7619 9024
7514 315 6880
315 6880 7514
6880 315 7514
7723 11019 11508
11019 7723 11508
11508 7723 11019
3403 2623 4606
2623 3403 4606
4606 2623 3403
5500 7430 14574
7430 5500 14574
14574 5500 7430
9585 1834 6634
6634 1834 9585
1834 6634 9585
586 2411 5691
2411 586 5691
5691 586 2411
14168 9175 10726
10726 9175 14168
9175 10726 14168
11202 7758 9074
7758 9074 11202
9074 7758 11202
6133 9930 13937
9930 6133 13937
13937 6133 9930
10571 3344 10154
3344 10154 10571
10154 3344 10571
2917 7770 8744
7770 2917 8744
8744 2917 7770
9270 1911 2569
1911 2569 9270
2569 1911 9270
12777 2115 12671
2115 12671 12777
12671 2115 12777
9847 9073 9342
9342 9073 9847
9073 9342 9847
2607 3638 6676
3638 2607 6676
6676 2607 3638
7445 5523 14976
5523 7445 14976
14976 5523 7445
6496 1865 7392
1865 6496 7392
7392 1865 6496
10791 3483 6428
3483 6428 10791
6428 3483 10791
12475 2272 10334
2272 10334 12475
10334 2272 12475
1942 2786 8232
8232 1942 2786
2786 1942 8232
14900 12808 13744
12808 13744 14900
13744 12808 14900
7503 1509 12648
1509 7503 12648
12648 1509 7503
2048 5893 13249
5893 2048 13249
13249 2048 5893
12474 8623 9199
8623 9199 12474
9199 8623 12474
8799 3706 5670
5670 3706 8799
3706 5670 8799
556 2662 7597
7597 556 2662
2662 556 7597
3595 2410 4643
4643 2410 3595
2410 3595 4643
14237 5830 10099
5830 10099 14237
10099 5830 14237
11746 13220 14132
13220 11746 14132
14132 11746 13220
9449 2563 10569
10569 2563 9449
2563 9449 10569
9466 3564 10739
10739 3564 9466
3564 9466 10739
1214 10598 11786
10598 1214 11786
11786 1214 10598
9246 6207 9643
6207 9246 9643
9643 6207 9246
11609 7840 9563
9563 7840 11609
7840 9563 11609
4936 1069 14387
14387 1069 4936
1069 4936 14387
6006 6516 8057
6516 6006 8057
8057 6006 6516
10770 250 10202
250 10202 10770
10202 250 10770
3266 912 8333
8333 912 3266
912 3266 8333
13999 11226 11639
11226 11639 13999
11639 11226 13999
10671 486 10893
10893 486 10671
486 10671 10893
1276 3622 10493
10493 1276 3622
3622 1276 10493
9798 8509 9834
9834 8509 9798
8509 9798 9834
1891 6388 13185
13185 1891 6388
6388 1891 13185
4473 9375 12181
9375 4473 12181
12181 4473 9375
6389 2356 10459
10459 2356 6389
2356 6389 10459
3715 2794 7069
2794 3715 7069
7069 2794 3715
2128 9562 9891
9562 2128 9891
9891 2128 9562
7499 4580 5395
4580 5395 7499
5395 4580 7499
13136 2497 4752
4752 2497 13136
2497 4752 13136
8428 813 9027
9027 813 8428
813 8428 9027
3340 1426 11037
1426 3340 11037
11037 1426 3340
9516 6589 8571
8571 6589 9516
6589 8571 9516
2249 458 5066
458 2249 5066
5066 458 2249
2572 1971 6118
1971 2572 6118
6118 1971 2572
2263 3837 11130
11130 2263 3837
3837 2263 11130
4970 1459 11333
1459 4970 11333
11333 1459 4970
4791 4497 7999
7999 4497 4791
4497 4791 7999
1062 1167 11326
1167 1062 11326
11326 1062 1167
1330 1707 8721
8721 1330 1707
1707 1330 8721
1784 3772 3977
3772 1784 3977
3977 1784 3772
14205 4835 5832
4835 5832 14205
5832 4835 14205
8747 334 13930
334 8747 13930
13930 334 8747
13473 660 9755
660 9755 13473
9755 660 13473
11449 10201 13284
10201 11449 13284
13284 10201 11449
14409 3938 5124
3938 5124 14409
5124 3938 14409
7034 2976 14138
2976 7034 14138
14138 2976 7034
1451 8049 12787
8049 1451 12787
12787 1451 8049
10368 2479 12706
2479 10368 12706
12706 2479 10368
12330 694 12812
694 12330 12812
12812 694 12330
2059 2954 5224
2954 2059 5224
5224 2059 2954
1040 3352 13723
3352 1040 13723
13723 1040 3352
6617 811 12606
12606 811 6617
811 6617 12606
8181 240 9606
9606 240 8181
240 8181 9606
4019 3994 8926
3994 4019 8926
8926 3994 4019
9972 9050 14690
9050 9972 14690
14690 9050 9972
13320 3927 6500
3927 6500 13320
6500 3927 13320
9092 9572 13683
13683 9092 9572
9572 9092 13683
9360 11949 11989
11989 9360 11949
11949 9360 11989
2453 2781 12654
2781 2453 12654
12654 2453 2781
1599 8015 9066
9066 1599 8015
8015 1599 9066
13461 7980 10672
10672 7980 13461
7980 10672 13461
12356 3683 12219
3683 12219 12356
12219 3683 12356
1874 6270 9761
9761 1874 6270
6270 1874 9761
12945 2932 9085
2932 9085 12945
9085 2932 12945
6420 12863 13326
13326 6420 12863
12863 6420 13326
11223 5751 12177
12177 5751 11223
5751 11223 12177
3144 216 10745
10745 216 3144
216 3144 10745
5872 6314 13331
13331 5872 6314
6314 5872 13331
71 2761 6690
2761 71 6690
6690 71 2761
5753 6409 7728
7728 5753 6409
6409 5753 7728
14497 418 5857
5857 418 14497
418 5857 14497
5290 1476 9628
1476 5290 9628
9628 1476 5290
3533 4189 13050
4189 3533 13050
13050 3533 4189
12006 4484 7538
7538 4484 12006
4484 7538 12006
1307 1903 8855
8855 1307 1903
1903 1307 8855
13807 7237 14179
14179 7237 13807
7237 13807 14179
9825 4017 7382
4017 7382 9825
7382 4017 9825
13404 962 7108
962 7108 13404
7108 962 13404
11241 2531 8953
2531 8953 11241
8953 2531 11241
9456 150 2489
2489 150 9456
150 2489 9456
11859 8403 10037
8403 10037 11859
10037 8403 11859
3516 11465 13970
13970 3516 11465
11465 3516 13970
517 769 7374
7374 517 769
769 517 7374
8603 5658 9282
5658 8603 9282
9282 5658 8603
7785 1590 4105
1590 4105 7785
4105 1590 7785
8723 4275 14721
14721 4275 8723
4275 8723 14721
4855 11600 12530
12530 4855 11600
11600 4855 12530
11069 325 6248
325 6248 11069
6248 325 11069
12393 2528 2758
2758 2528 12393
2528 2758 12393
14516 4186 7819
7819 4186 14516
4186 7819 14516
5823 12437 13374
12437 5823 13374
13374 5823 12437
12478 109 9330
9330 109 12478
109 9330 12478
10006 2700 3714
2700 3714 10006
3714 2700 10006
291 2271 11695
11695 291 2271
2271 291 11695
2285 6201 12831
6201 2285 12831
12831 2285 6201
5447 1985 5549
1985 5447 5549
5549 1985 5447
10649 2207 3155
3155 2207 10649
2207 3155 10649
9632 7464 9337
7464 9337 9632
9337 7464 9632
12512 1896 6063
1896 6063 12512
6063 1896 12512
2838 2548 5299
5299 2548 2838
2548 2838 5299
6104 14 1932
14 1932 6104
1932 14 6104
626 11490 13746
13746 626 11490
11490 626 13746
12445 2006 9205
2006 9205 12445
9205 2006 12445
14337 8216 14127
14127 8216 14337
8216 14127 14337
1516 4983 10665
4983 1516 10665
10665 1516 4983
3718 197 7011
197 3718 7011
7011 197 3718
5773 965 1212
1212 965 5773
965 1212 5773
11944 5863 10960
10960 5863 11944
5863 10960 11944
14979 4930 9969
9969 4930 14979
4930 9969 14979
8359 3863 14799
14799 3863 8359
3863 8359 14799
4961 1425 2303
1425 2303 4961
2303 1425 4961
5223 6717 14762
14762 5223 6717
6717 5223 14762
14651 2024 12099
2024 12099 14651
12099 2024 14651
1431 9454 13023
13023 1431 9454
9454 1431 13023
7724 5070 11057
11057 5070 7724
5070 7724 11057
2780 644 4299
644 2780 4299
4299 644 2780
1393 921 7892
921 1393 7892
7892 921 1393
2886 1385 12158
1385 2886 12158
12158 1385 2886
2800 2751 10523
2751 2800 10523
10523 2751 2800
6558 2245 12239
12239 2245 6558
2245 6558 12239
5815 2152 2637
2152 2637 5815
2637 2152 5815
12570 4409 4521
4521 4409 12570
4409 4521 12570
5168 5155 8213
8213 5155 5168
5155 5168 8213
7462 367 11907
367 7462 11907
11907 367 7462
12256 67 9919
9919 67 12256
67 9919 12256
6838 6294 6421
6294 6421 6838
6421 6294 6838
11702 10584 14070
10584 11702 14070
14070 10584 11702
3637 6013 11940
11940 3637 6013
6013 3637 11940
8307 385 2807
2807 385 8307
385 2807 8307
12642 892 11045
892 11045 12642
11045 892 12642
9554 136 1088
136 1088 9554
1088 136 9554
5772 1222 10100
10100 1222 5772
1222 5772 10100
543 4873 8540
8540 543 4873
4873 543 8540
10763 4756 12362
4756 10763 12362
12362 4756 10763
1723 1614 11748
11748 1614 1723
1614 1723 11748
10927 1463 7319
1463 7319 10927
7319 1463 10927
12958 2242 6956
2242 6956 12958
6956 2242 12958
8691 11781 14092
11781 8691 14092
14092 8691 11781
7402 4619 14790
14790 4619 7402
4619 7402 14790
14634 13600 14148
14148 13600 14634
13600 14148 14634
11071 13369 13880
13880 11071 13369
13369 11071 13880
9696 1605 10514
1605 9696 10514
10514 1605 9696
219 3283 8093
3283 219 8093
8093 219 3283
659 4253 9980
9980 659 4253
4253 659 9980
11664 9086 10847
10847 9086 11664
9086 10847 11664
6936 10716 12370
12370 6936 10716
10716 6936 12370
2558 6675 6939
6675 2558 6939
6939 2558 6675
3844 5199 10944
10944 3844 5199
5199 3844 10944
1084 4840 9551
9551 1084 4840
4840 1084 9551
1679 3216 4399
4399 1679 3216
3216 1679 4399
14665 4563 5860
4563 5860 14665
5860 4563 14665
9133 11969 14210
14210 9133 11969
11969 9133 14210
11498 1622 8970
1622 8970 11498
8970 1622 11498
12503 5172 13971
13971 5172 12503
5172 12503 13971
4342 2626 8434
2626 4342 8434
8434 2626 4342
7560 7175 7255
7175 7255 7560
7255 7175 7560
6456 5263 14346
14346 5263 6456
5263 6456 14346
2136 5376 10355
5376 2136 10355
10355 2136 5376
5242 13203 13750
13750 5242 13203
13203 5242 13750
5973 423 14286
423 5973 14286
14286 423 5973
9747 1329 7624
7624 1329 9747
1329 7624 9747
14439 2816 11599
2816 11599 14439
11599 2816 14439
13333 1609 9349
1609 9349 13333
9349 1609 13333
4224 102 6156
6156 102 4224
102 4224 6156
6227 4511 12629
12629 4511 6227
4511 6227 12629
1400 7012 12758
7012 1400 12758
12758 1400 7012
6708 3544 12440
3544 6708 12440
12440 3544 6708
7988 1857 3307
3307 1857 7988
1857 3307 7988
6329 9488 14525
9488 6329 14525
14525 6329 9488
629 2284 3975
2284 629 3975
3975 629 2284
10840 3547 5340
3547 5340 10840
5340 3547 10840
4701 3577 5628
3577 4701 5628
5628 3577 4701
1240 412 7375
7375 412 1240
412 1240 7375
9750 1987 13183
13183 1987 9750
1987 9750 13183
14878 3850 8776
3850 8776 14878
8776 3850 14878
14794 1765 2049
1765 2049 14794
2049 1765 14794
5940 6759 10632
10632 5940 6759
6759 5940 10632
2446 3886 9804
3886 2446 9804
9804 2446 3886
9706 531 1760
1760 531 9706
531 1760 9706
6902 10926 11381
10926 6902 11381
11381 6902 10926
420 5296 10303
10303 420 5296
5296 420 10303
6595 845 5221
5221 845 6595
845 5221 6595
4662 6099 6981
6981 4662 6099
6099 4662 6981
3272 10578 14307
14307 3272 10578
10578 3272 14307
6155 9584 13167
13167 6155 9584
9584 6155 13167
2319 9998 11150
11150 2319 9998
9998 2319 11150
14440 8614 9537
8614 9537 14440
9537 8614 14440
7649 11144 12837
11144 7649 12837
12837 7649 11144
4478 1939 6545
6545 1939 4478
1939 4478 6545
3712 632 6639
6639 632 3712
632 3712 6639
6643 748 4208
4208 748 6643
748 4208 6643
1849 2784 9346
9346 1849 2784
2784 1849 9346
6470 11335 14120
11335 6470 14120
14120 6470 11335
4007 2216 10462
2216 4007 10462
10462 2216 4007
12198 9529 11249
9529 11249 12198
11249 9529 12198
9484 8595 10030
10030 8595 9484
8595 9484 10030
8426 434 12176
12176 434 8426
434 8426 12176
3764 6812 6960
6812 3764 6960
6960 3764 6812
7230 5367 12105
12105 5367 7230
5367 7230 12105
7531 6127 6849
6849 6127 7531
6127 6849 7531
7102 303 9062
9062 303 7102
303 7102 9062
12507 7157 12740
7157 12507 12740
12740 7157 12507
657 5049 10445
10445 657 5049
5049 657 10445
6836 11681 12663
12663 6836 11681
11681 6836 12663
11088 6225 6601
6601 6225 11088
6225 6601 11088
9985 605 5279
5279 605 9985
605 5279 9985
8369 12528 12946
12528 8369 12946
12946 8369 12528
6862 4518 11480
11480 4518 6862
4518 6862 11480
33 1712 10934
1712 33 10934
10934 33 1712
5346 2517 11500
11500 2517 5346
2517 5346 11500
11255 1830 14944
1830 11255 14944
14944 1830 11255
13685 1030 12146
12146 1030 13685
1030 12146 13685
9416 5948 11358
11358 5948 9416
5948 9416 11358
3429 2172 9573
2172 3429 9573
9573 2172 3429
5736 280 3277
280 3277 5736
3277 280 5736
13803 7576 13154
7576 13154 13803
13154 7576 13803
9280 2435 5380
5380 2435 9280
2435 5380 9280
9852 6206 11311
11311 6206 9852
6206 9852 11311
8154 68 2673
2673 68 8154
68 2673 8154
13352 2403 4919
4919 2403 13352
2403 4919 13352
8449 11536 14158
14158 8449 11536
11536 8449 14158
6521 2391 4665
2391 4665 6521
4665 2391 6521
13070 5026 6645
6645 5026 13070
5026 6645 13070
4370 4734 14313
14313 4370 4734
4734 4370 14313
7050 4811 9457
4811 7050 9457
9457 4811 7050
3199 1736 12919
1736 3199 12919
12919 1736 3199
1380 1770 10004
10004 1380 1770
1770 1380 10004
6866 5072 10667
10667 5072 6866
5072 6866 10667
571 375 6678
6678 375 571
375 571 6678
6825 1801 11529
11529 1801 6825
1801 6825 11529
3137 3167 14607
3167 3137 14607
14607 3137 3167
2483 10964 11431
11431 2483 10964
10964 2483 11431
1317 9403 10330
9403 1317 10330
10330 1317 9403
8578 7243 9483
7243 8578 9483
9483 7243 8578
6583 3610 4708
4708 3610 6583
3610 4708 6583
8123 9612 14726
9612 8123 14726
14726 8123 9612
10074 344 5009
5009 344 10074
344 5009 10074
9724 3682 14508
3682 9724 14508
14508 3682 9724
3620 3104 12030
12030 3104 3620
3104 3620 12030
13646 7571 11883
11883 7571 13646
7571 11883 13646
5977 5842 13207
5842 5977 13207
13207 5842 5977
4145 2878 13535
2878 4145 13535
13535 2878 4145
992 5230 6486
6486 992 5230
5230 992 6486
10951 2510 9498
2510 9498 10951
9498 2510 10951
10970 14550 14888
14888 10970 14550
14550 10970 14888
2866 6688 12775
6688 2866 12775
12775 2866 6688
13143 9370 9748
9370 9748 13143
9748 9370 13143
8035 11317 14422
14422 8035 11317
11317 8035 14422
12846 9556 10035
10035 9556 12846
9556 10035 12846
744 805 1620
805 744 1620
1620 744 805
4847 14396 14454
14396 4847 14454
14454 4847 14396
2808 11554 13248
13248 2808 11554
11554 2808 13248
11146 3601 8066
8066 3601 11146
3601 8066 11146
7279 6001 14915
14915 6001 7279
6001 7279 14915
7500 10635 11000
10635 7500 11000
11000 7500 10635
7303 8474 14673
8474 7303 14673
14673 7303 8474
540 5236 8191
5236 540 8191
8191 540 5236
14576 3681 6322
6322 3681 14576
3681 6322 14576
8070 12452 14391
14391 8070 12452
12452 8070 14391
902 3875 14421
3875 902 14421
14421 902 3875
4048 7253 14242
7253 4048 14242
14242 4048 7253
5043 4087 14895
14895 4087 5043
4087 5043 14895
11430 1114 3339
3339 1114 11430
1114 3339 11430
1098 2054 11213
11213 1098 2054
2054 1098 11213
7721 5002 7052
5002 7052 7721
7052 5002 7721
1118 10835 14482
10835 1118 14482
14482 1118 10835
13073 3051 3624
3624 3051 13073
3051 3624 13073
8905 9479 10826
10826 8905 9479
9479 8905 10826
5151 6988 10208
6988 5151 10208
10208 5151 6988
1888 5053 8700
5053 1888 8700
8700 1888 5053
10078 8866 9787
9787 8866 10078
8866 9787 10078
7161 17 2188
2188 17 7161
17 2188 7161
6915 6253 9455
9455 6253 6915
6253 6915 9455
11717 4500 6407
6407 4500 11717
4500 6407 11717
8425 4066 9391
9391 4066 8425
4066 8425 9391
1015 1805 5957
1805 1015 5957
5957 1015 1805
943 6374 7833
7833 943 6374
6374 943 7833
10973 5664 11357
11357 5664 10973
5664 10973 11357
9811 9697 12959
12959 9697 9811
9697 9811 12959
7812 8512 9553
8512 7812 9553
9553 7812 8512
2416 98 13976
13976 98 2416
98 2416 13976
10506 1645 11724
1645 10506 11724
11724 1645 10506
5137 5676 6141
5676 5137 6141
6141 5137 5676
10994 4117 8274
4117 8274 10994
8274 4117 10994
14382 379 10456
379 10456 14382
10456 379 14382
9855 5227 9100
5227 9100 9855
9100 5227 9855
7036 6126 10310
6126 7036 10310
10310 6126 7036
3303 9907 10911
10911 3303 9907
9907 3303 10911
2791 1389 7623
7623 1389 2791
1389 2791 7623
2283 4573 13720
4573 2283 13720
13720 2283 4573
9433 4173 10107
10107 4173 9433
4173 9433 10107
14996 5357 10526
5357 10526 14996
10526 5357 14996
7099 11466 14539
14539 7099 11466
11466 7099 14539
9401 2463 13571
13571 2463 9401
2463 9401 13571
7057 10079 13166
13166 7057 10079
10079 7057 13166
6576 9828 13363
13363 6576 9828
9828 6576 13363
12357 10364 13555
13555 10364 12357
10364 12357 13555
7053 8656 13299
8656 7053 13299
13299 7053 8656
179 6246 13884
6246 179 13884
13884 179 6246
3976 1655 8583
1655 3976 8583
8583 1655 3976
7972 3304 7339
3304 7339 7972
7339 3304 7972
7236 101 12081
12081 101 7236
101 7236 12081
2052 8841 13021
13021 2052 8841
8841 2052 13021
8303 7233 8064
8064 7233 8303
7233 8064 8303
10781 11788 12192
11788 10781 12192
12192 10781 11788
5574 5510 12911
12911 5510 5574
5510 5574 12911
3476 4991 11046
4991 3476 11046
11046 3476 4991
12924 816 3801
816 3801 12924
3801 816 12924
12124 6323 7569
7569 6323 12124
6323 7569 12124
9423 2874 5934
5934 2874 9423
2874 5934 9423
12415 1661 5353
5353 1661 12415
1661 5353 12415
13526 2537 3324
2537 3324 13526
3324 2537 13526
9427 9192 10219
10219 9192 9427
9192 9427 10219
14572 2750 14652
2750 14572 14652
14652 2750 14572
12072 6506 10530
6506 10530 12072
10530 6506 12072
14483 8185 8849
8849 8185 14483
8185 8849 14483
9371 6197 7593
7593 6197 9371
6197 7593 9371
14542 783 9871
9871 783 14542
783 9871 14542
6361 9379 14143
14143 6361 9379
9379 6361 14143
2774 8675 8699
8675 2774 8699
8699 2774 8675
5726 8486 10879
10879 5726 8486
8486 5726 10879
1587 3902 4430
3902 1587 4430
4430 1587 3902
4838 5488 11622
5488 4838 11622
11622 4838 5488
10291 3362 6278
6278 3362 10291
3362 6278 10291
1177 976 3501
3501 976 1177
976 1177 3501
13033 8940 14139
14139 8940 13033
8940 13033 14139
8293 3922 13813
3922 8293 13813
13813 3922 8293
1415 6416 14323
6416 1415 14323
14323 1415 6416
11672 4832 7463
7463 4832 11672
4832 7463 11672
597 1370 4988
4988 597 1370
1370 597 4988
11354 9170 14933
14933 9170 11354
9170 11354 14933
11934 2677 9848
9848 2677 11934
2677 9848 11934
14948 5431 9654
5431 9654 14948
9654 5431 14948
5197 1738 7696
7696 1738 5197
1738 5197 7696
1504 1594 6326
1594 1504 6326
6326 1504 1594
10915 2910 11441
2910 10915 11441
11441 2910 10915
3271 11843 13527
11843 3271 13527
13527 3271 11843
12168 4505 12069
4505 12069 12168
12069 4505 12168
14492 9610 12084
12084 9610 14492
9610 12084 14492
10314 2625 14054
2625 10314 14054
14054 2625 10314
1934 483 8187
8187 483 1934
483 1934 8187
3248 1405 2031
2031 1405 3248
1405 2031 3248
8235 2027 10153
2027 8235 10153
10153 2027 8235
4130 9263 10207
10207 4130 9263
9263 4130 10207
10581 607 5652
607 5652 10581
5652 607 10581
44 6260 9763
6260 44 9763
9763 44 6260
12337 1702 13721
13721 1702 12337
1702 12337 13721
6600 4285 7715
4285 6600 7715
7715 4285 6600
3908 528 14509
528 3908 14509
14509 528 3908
4520 11606 13275
13275 4520 11606
11606 4520 13275
12375 8321 9373
9373 8321 12375
8321 9373 12375
13966 1714 3273
3273 1714 13966
1714 3273 13966
10748 5404 9609
9609 5404 10748
5404 9609 10748
2743 3959 4624
4624 2743 3959
3959 2743 4624
3658 496 2524
496 2524 3658
2524 496 3658
5820 4729 6938
6938 4729 5820
4729 5820 6938
10895 2672 5306
5306 2672 10895
2672 5306 10895
6923 5501 14676
14676 5501 6923
5501 6923 14676
10630 3980 14855
14855 3980 10630
3980 10630 14855
4628 2830 14569
2830 4628 14569
14569 2830 4628
8622 3322 7787
3322 7787 8622
7787 3322 8622
6233 3766 9164
9164 3766 6233
3766 6233 9164
2366 3762 10374
10374 2366 3762
3762 2366 10374
13206 337 9080
337 9080 13206
9080 337 13206
