10743 52918 149619
149619 10743 52918
52918 10743 149619
36243 17232 47960
17232 36243 47960
47960 17232 36243
116873 69938 141226
141226 69938 116873
69938 116873 141226
82150 57209 69998
69998 57209 82150
57209 69998 82150
135688 52791 75703
75703 52791 135688
52791 75703 135688
120506 19843 69626
19843 69626 120506
69626 19843 120506
117629 47538 124580
124580 47538 117629
47538 117629 124580
136678 15809 113132
15809 113132 136678
113132 15809 136678
70501 11145 119071
11145 70501 119071
119071 11145 70501
136383 12759 19324
19324 12759 136383
12759 19324 136383
23509 80496 137381
80496 23509 137381
137381 23509 80496
36711 106021 137877
106021 36711 137877
137877 36711 106021
148423 25042 32094
32094 25042 148423
25042 32094 148423
78242 12189 135507
135507 12189 78242
12189 78242 135507
6442 57954 114476
114476 6442 57954
57954 6442 114476
77187 54051 138053
138053 54051 77187
54051 77187 138053
60724 132425 143245
143245 60724 132425
132425 60724 143245
148368 2539 19909
19909 2539 148368
2539 19909 148368
122760 12925 28677
28677 12925 122760
12925 28677 122760
36348 28561 126497
28561 36348 126497
126497 28561 36348
82276 19422 76478
76478 19422 82276
19422 76478 82276
31212 8367 66983
66983 8367 31212
8367 31212 66983
63094 72089 85004
85004 63094 72089
72089 63094 85004
33538 14759 56832
56832 14759 33538
14759 33538 56832
94969 13192 14905
14905 13192 94969
13192 14905 94969
52706 67297 94055
67297 52706 94055
94055 52706 67297
120472 51129 138756
51129 120472 138756
138756 51129 120472
10492 106065 117784
106065 10492 117784
117784 10492 106065
46513 42526 97160
42526 46513 97160
97160 42526 46513
115304 137409 142354
142354 115304 137409
137409 115304 142354
58240 59392 108286
59392 58240 108286
108286 58240 59392
96847 89954 102141
102141 89954 96847
89954 96847 102141
34691 1106 45552
1106 34691 45552
45552 1106 34691
126742 47442 86431
86431 47442 126742
47442 86431 126742
81981 90779 129354
90779 81981 129354
129354 81981 90779
84873 2133 135257
2133 84873 135257
135257 2133 84873
21375 7530 61583
61583 7530 21375
7530 21375 61583
101182 106914 145373
145373 101182 106914
106914 101182 145373
48302 16001 109713
109713 16001 48302
16001 48302 109713
113169 87651 99675
87651 99675 113169
99675 87651 113169
8263 112096 144372
144372 8263 112096
112096 8263 144372
58808 85162 94711
85162 58808 94711
94711 58808 85162
47207 49883 124678
49883 47207 124678
124678 47207 49883
85356 27351 87761
27351 85356 87761
87761 27351 85356
28500 29146 112854
112854 28500 29146
29146 28500 112854
102317 38859 69053
69053 38859 102317
38859 69053 102317
15070 46314 78507
46314 15070 78507
78507 15070 46314
60524 33271 69102
33271 60524 69102
69102 33271 60524
19298 24199 88766
24199 19298 88766
88766 19298 24199
84405 64169 64853
64169 64853 84405
64853 64169 84405
58942 47731 53085
47731 53085 58942
53085 47731 58942
103371 109233 121462
109233 103371 121462
121462 103371 109233
121122 11650 40524
11650 40524 121122
40524 11650 121122
132326 3642 122297
122297 3642 132326
3642 122297 132326
10173 45914 100443
45914 10173 100443
100443 10173 45914
100480 37278 88465
37278 88465 100480
88465 37278 100480
57800 54119 56314
56314 54119 57800
54119 56314 57800
117410 49643 118763
118763 49643 117410
49643 117410 118763
108079 48526 92874
92874 48526 108079
48526 92874 108079
105880 34862 115573
115573 34862 105880
34862 105880 115573
99450 105469 145407
105469 99450 145407
145407 99450 105469
70372 30871 144776
30871 70372 144776
144776 30871 70372
51378 99804 101216
99804 51378 101216
101216 51378 99804
5183 13745 23722
23722 5183 13745
13745 5183 23722
115742 62136 118617
62136 115742 118617
118617 62136 115742
66988 37761 48166
48166 37761 66988
37761 48166 66988
75885 12437 30877
12437 30877 75885
30877 12437 75885
36583 87100 118166
87100 36583 118166
118166 36583 87100
28643 1174 139614
1174 28643 139614
139614 1174 28643
77337 46402 86850
86850 46402 77337
46402 77337 86850
121117 8087 124340
8087 121117 124340
124340 8087 121117
27853 18174 81420
81420 18174 27853
18174 27853 81420
74293 83325 134982
134982 74293 83325
83325 74293 134982
17192 40882 60317
60317 17192 40882
40882 17192 60317
51950 3701 27488
27488 3701 51950
3701 27488 51950
39062 34829 49175
49175 34829 39062
34829 39062 49175
93743 35112 145173
35112 93743 145173
145173 35112 93743
78268 106541 146007
146007 78268 106541
106541 78268 146007
94224 47111 88950
47111 88950 94224
88950 47111 94224
118882 15762 74098
74098 15762 118882
15762 74098 118882
11897 95738 149615
95738 11897 149615
149615 11897 95738
82779 51665 58893
51665 58893 82779
58893 51665 82779
145613 92056 93245
92056 93245 145613
93245 92056 145613
65692 86602 95246
95246 65692 86602
86602 65692 95246
60294 8839 111386
8839 60294 111386
111386 8839 60294
97093 70015 111515
70015 97093 111515
111515 70015 97093
105805 23704 42149
23704 42149 105805
42149 23704 105805
94080 70436 75389
70436 75389 94080
75389 70436 94080
56922 52474 52978
52474 52978 56922
52978 52474 56922
71842 26429 50112
50112 26429 71842
26429 50112 71842
35498 76076 147809
147809 35498 76076
76076 35498 147809
141965 17931 46269
17931 46269 141965
46269 17931 141965
148864 16469 103629
16469 103629 148864
103629 16469 148864
46284 105306 133785
133785 46284 105306
105306 46284 133785
131960 37621 142882
142882 37621 131960
37621 131960 142882
3432 14663 101510
14663 3432 101510
101510 3432 14663
72895 1809 103006
1809 72895 103006
103006 1809 72895
109093 34975 68274
68274 34975 109093
34975 68274 109093
118045 41806 146803
41806 118045 146803
146803 41806 118045
113037 18878 85834
85834 18878 113037
18878 85834 113037
42822 52404 133645
133645 42822 52404
52404 42822 133645
45306 35216 138417
138417 35216 45306
35216 45306 138417
137316 43020 109926
109926 43020 137316
43020 109926 137316
27880 90213 111205
111205 27880 90213
90213 27880 111205
96560 19815 68064
68064 19815 96560
19815 68064 96560
8561 1482 148222
1482 8561 148222
148222 1482 8561
28706 79967 110846
79967 28706 110846
110846 28706 79967
74134 67069 149920
149920 67069 74134
67069 74134 149920
72015 57758 136652
57758 72015 136652
136652 57758 72015
25663 119103 147270
147270 25663 119103
119103 25663 147270
33967 62985 148100
62985 33967 148100
148100 33967 62985
130534 32722 34127
34127 32722 130534
32722 34127 130534
13502 119286 124327
124327 13502 119286
119286 13502 124327
40682 84215 96305
96305 40682 84215
84215 40682 96305
12328 5266 84450
84450 5266 12328
5266 12328 84450
46750 101436 144200
101436 46750 144200
144200 46750 101436
51814 80386 133499
133499 51814 80386
80386 51814 133499
73257 57815 121863
121863 57815 73257
57815 73257 121863
120598 1396 133030
133030 1396 120598
1396 120598 133030
36958 137038 138066
138066 36958 137038
137038 36958 138066
102486 10228 94925
10228 94925 102486
94925 10228 102486
64394 16582 54130
16582 54130 64394
54130 16582 64394
130925 89227 123299
89227 123299 130925
123299 89227 130925
42681 36610 98451
36610 42681 98451
98451 36610 42681
14480 113644 122896
113644 14480 122896
122896 14480 113644
70561 17527 80709
17527 70561 80709
80709 17527 70561
13489 5044 33481
33481 5044 13489
5044 13489 33481
88150 40077 128226
40077 88150 128226
128226 40077 88150
149293 8270 55820
55820 8270 149293
8270 55820 149293
140606 82 45142
45142 82 140606
82 45142 140606
30072 36967 44906
44906 30072 36967
36967 30072 44906
68263 40381 53065
53065 40381 68263
40381 53065 68263
113299 72385 107842
107842 72385 113299
72385 107842 113299
30217 130068 131698
130068 30217 131698
131698 30217 130068
95576 11694 64312
64312 11694 95576
11694 64312 95576
133545 21351 26869
26869 21351 133545
21351 26869 133545
123404 82853 141602
82853 123404 141602
141602 82853 123404
105352 19334 40895
40895 19334 105352
19334 40895 105352
70 94286 112620
94286 70 112620
112620 70 94286
83212 9790 126078
126078 9790 83212
9790 83212 126078
73085 52492 115988
115988 52492 73085
52492 73085 115988
120936 40940 127810
127810 40940 120936
40940 120936 127810
110926 76064 106093
76064 106093 110926
106093 76064 110926
106460 137734 139660
137734 106460 139660
139660 106460 137734
100444 131489 136145
131489 100444 136145
136145 100444 131489
106536 53534 90143
90143 53534 106536
53534 90143 106536
2267 13782 75830
13782 2267 75830
75830 2267 13782
96296 86467 136458
86467 96296 136458
136458 86467 96296
80220 4349 59770
4349 59770 80220
59770 4349 80220
22292 75608 85191
85191 22292 75608
75608 22292 85191
121559 15541 92311
92311 15541 121559
15541 92311 121559
147624 42814 70958
70958 42814 147624
42814 70958 147624
49658 18730 62910
62910 18730 49658
18730 49658 62910
137776 138922 143618
143618 137776 138922
138922 137776 143618
41828 24051 84427
84427 24051 41828
24051 41828 84427
103780 129961 132227
132227 103780 129961
129961 103780 132227
55428 4366 86735
86735 4366 55428
4366 55428 86735
9867 36877 121266
121266 9867 36877
36877 9867 121266
68419 47001 109697
47001 68419 109697
109697 47001 68419
27495 135947 136827
135947 27495 136827
136827 27495 135947
78162 10873 108452
108452 10873 78162
10873 78162 108452
88065 43777 62561
43777 62561 88065
62561 43777 88065
117504 19313 33239
33239 19313 117504
19313 33239 117504
97973 123168 136771
123168 97973 136771
136771 97973 123168
64904 27255 129005
27255 64904 129005
129005 27255 64904
72822 43934 141541
141541 43934 72822
43934 72822 141541
89306 82366 121228
121228 82366 89306
82366 89306 121228
64303 82883 97407
82883 64303 97407
97407 64303 82883
128655 16594 116834
116834 16594 128655
16594 116834 128655
142836 54158 68221
68221 54158 142836
54158 68221 142836
31605 120868 133965
120868 31605 133965
133965 31605 120868
125848 61491 77328
61491 77328 125848
77328 61491 125848
56536 4885 13553
13553 4885 56536
4885 13553 56536
37477 10433 147274
147274 10433 37477
10433 37477 147274
54799 61489 148692
61489 54799 148692
148692 54799 61489
101430 109517 140072
140072 101430 109517
109517 101430 140072
89564 77652 133912
133912 77652 89564
77652 89564 133912
70157 24057 123179
123179 24057 70157
24057 70157 123179
101573 87187 97446
87187 97446 101573
97446 87187 101573
129248 62180 90009
62180 90009 129248
90009 62180 129248
86191 66365 132272
66365 86191 132272
132272 66365 86191
4410 474 123183
474 4410 123183
123183 474 4410
88347 12000 75555
75555 12000 88347
12000 75555 88347
51220 51960 100922
51960 51220 100922
100922 51220 51960
27844 19640 99782
19640 27844 99782
99782 19640 27844
103708 16302 125874
16302 103708 125874
125874 16302 103708
107316 101870 134237
134237 101870 107316
101870 107316 134237
113339 70738 100828
100828 70738 113339
70738 100828 113339
2255 10391 29051
29051 2255 10391
10391 2255 29051
125411 60293 71416
60293 71416 125411
71416 60293 125411
108336 1415 13841
1415 13841 108336
13841 1415 108336
131777 9675 112373
9675 112373 131777
112373 9675 131777
33858 59861 129333
129333 33858 59861
59861 33858 129333
145077 132867 143556
132867 143556 145077
143556 132867 145077
96355 10839 102195
10839 96355 102195
102195 10839 96355
41795 22749 93970
93970 22749 41795
22749 41795 93970
122043 80162 107564
80162 107564 122043
107564 80162 122043
90100 11862 23287
11862 23287 90100
23287 11862 90100
4541 102262 128591
128591 4541 102262
102262 4541 128591
11628 66768 118104
66768 11628 118104
118104 11628 66768
45069 32724 149331
149331 32724 45069
32724 45069 149331
77233 16755 72686
72686 16755 77233
16755 72686 77233
61589 62619 116466
62619 61589 116466
116466 61589 62619
93560 19826 121618
121618 19826 93560
19826 93560 121618
35981 22224 120059
120059 22224 35981
22224 35981 120059
73536 106967 134118
106967 73536 134118
134118 73536 106967
13348 27463 31738
27463 13348 31738
31738 13348 27463
111915 10098 70013
70013 10098 111915
10098 70013 111915
90105 93769 143284
93769 90105 143284
143284 90105 93769
98770 42983 135043
135043 42983 98770
42983 98770 135043
105870 25746 47375
47375 25746 105870
25746 47375 105870
32072 5914 116593
116593 5914 32072
5914 32072 116593
130692 108739 122069
122069 108739 130692
108739 122069 130692
108137 19458 71542
71542 19458 108137
19458 71542 108137
66330 40319 61166
40319 61166 66330
61166 40319 66330
125940 75940 120976
120976 75940 125940
75940 120976 125940
83797 51830 64097
64097 51830 83797
51830 64097 83797
82128 20434 71638
20434 71638 82128
71638 20434 82128
136395 51579 105625
51579 105625 136395
105625 51579 136395
45261 107238 114164
114164 45261 107238
107238 45261 114164
60682 105010 120290
120290 60682 105010
105010 60682 120290
42046 96430 123130
96430 42046 123130
123130 42046 96430
91948 128203 130916
128203 91948 130916
130916 91948 128203
36074 57276 124942
124942 36074 57276
57276 36074 124942
75287 46245 86899
46245 75287 86899
86899 46245 75287
139246 10792 70246
10792 70246 139246
70246 10792 139246
42684 25633 75764
75764 25633 42684
25633 42684 75764
59453 36015 128947
128947 36015 59453
36015 59453 128947
130582 103203 118590
103203 118590 130582
118590 103203 130582
4677 42066 78123
78123 4677 42066
42066 4677 78123
145363 31315 96928
96928 31315 145363
31315 96928 145363
141723 5793 144135
144135 5793 141723
5793 141723 144135
25248 30911 59419
30911 25248 59419
59419 25248 30911
39272 25611 74463
25611 39272 74463
74463 25611 39272
737 75782 75844
75782 737 75844
75844 737 75782
33955 100470 101583
101583 33955 100470
100470 33955 101583
66139 56725 124438
124438 56725 66139
56725 66139 124438
73736 49657 100879
100879 49657 73736
49657 73736 100879
29928 50355 124701
124701 29928 50355
50355 29928 124701
145579 86438 138227
138227 86438 145579
86438 138227 145579
44577 33875 81462
33875 44577 81462
81462 33875 44577
125957 27078 59188
27078 59188 125957
59188 27078 125957
5761 106106 132516
132516 5761 106106
106106 5761 132516
15621 98715 145772
98715 15621 145772
145772 15621 98715
42963 131713 137824
137824 42963 131713
131713 42963 137824
140646 9730 102792
9730 102792 140646
102792 9730 140646
40648 100961 105958
100961 40648 105958
105958 40648 100961
122399 30364 54729
30364 54729 122399
54729 30364 122399
30353 10854 123628
123628 10854 30353
10854 30353 123628
540 27698 101095
101095 540 27698
27698 540 101095
121096 74825 83117
74825 83117 121096
83117 74825 121096
50916 67043 67915
67915 50916 67043
67043 50916 67915
104370 62738 136899
136899 62738 104370
62738 104370 136899
123860 5506 81114
5506 81114 123860
81114 5506 123860
6738 114246 119633
114246 6738 119633
119633 6738 114246
59660 16367 140923
16367 59660 140923
140923 16367 59660
7458 2858 137675
2858 7458 137675
137675 2858 7458
143536 29895 128554
128554 29895 143536
29895 128554 143536
49363 41296 121083
121083 41296 49363
41296 49363 121083
14799 143387 147121
147121 14799 143387
143387 14799 147121
7171 21791 98940
21791 7171 98940
98940 7171 21791
62830 104012 141106
104012 62830 141106
141106 62830 104012
116722 63843 122188
63843 116722 122188
122188 63843 116722
147258 70636 76259
70636 76259 147258
76259 70636 147258
93602 83631 108733
83631 93602 108733
108733 83631 93602
63299 22485 112708
112708 22485 63299
22485 63299 112708
46940 35590 37707
37707 35590 46940
35590 37707 46940
8353 3481 114666
114666 3481 8353
3481 8353 114666
96196 44414 103085
103085 44414 96196
44414 96196 103085
149646 22203 117506
22203 117506 149646
117506 22203 149646
148897 20473 47216
20473 47216 148897
47216 20473 148897
29339 1784 55107
1784 29339 55107
55107 1784 29339
98059 10016 24787
10016 24787 98059
24787 10016 98059
92773 12634 122190
122190 12634 92773
12634 92773 122190
72316 79636 80598
79636 72316 80598
80598 72316 79636
64703 65468 124640
65468 64703 124640
124640 64703 65468
96853 39658 143963
39658 96853 143963
143963 39658 96853
90205 98022 123728
123728 90205 98022
98022 90205 123728
107703 74514 79981
79981 74514 107703
74514 79981 107703
23925 113981 124577
113981 23925 124577
124577 23925 113981
95927 43327 125501
43327 95927 125501
125501 43327 95927
9931 60194 143337
60194 9931 143337
143337 9931 60194
33550 35699 145033
35699 33550 145033
145033 33550 35699
6506 100890 134945
134945 6506 100890
100890 6506 134945
57851 116870 143794
116870 57851 143794
143794 57851 116870
39850 460 17113
460 17113 39850
17113 460 39850
141617 70154 75966
75966 70154 141617
70154 75966 141617
32423 777 149908
777 32423 149908
149908 777 32423
116924 96069 147420
96069 116924 147420
147420 96069 116924
16858 1631 17990
1631 16858 17990
17990 1631 16858
12314 64623 85704
64623 12314 85704
85704 12314 64623
80717 44758 60960
60960 44758 80717
44758 60960 80717
131981 23687 113962
113962 23687 131981
23687 113962 131981
66713 104084 110966
104084 66713 110966
110966 66713 104084
53567 11205 25844
11205 25844 53567
25844 11205 53567
5871 12747 58762
58762 5871 12747
12747 5871 58762
86394 16178 53468
16178 53468 86394
53468 16178 86394
73941 17389 96768
96768 17389 73941
17389 73941 96768
37118 84041 142627
142627 37118 84041
84041 37118 142627
145256 73903 83229
83229 73903 145256
73903 83229 145256
146260 33586 92741
92741 33586 146260
33586 92741 146260
3011 91048 104860
91048 3011 104860
104860 3011 91048
96088 6612 59724
59724 6612 96088
6612 59724 96088
68713 59128 103547
103547 59128 68713
59128 68713 103547
88587 22248 60777
22248 60777 88587
60777 22248 88587
64905 1177 116997
116997 1177 64905
1177 64905 116997
84809 56721 82639
82639 56721 84809
56721 82639 84809
75666 33742 127001
127001 33742 75666
33742 75666 127001
148295 50521 105849
105849 50521 148295
50521 105849 148295
104623 94163 103890
94163 103890 104623
103890 94163 104623
134606 73542 78254
78254 73542 134606
73542 78254 134606
101857 4548 66432
66432 4548 101857
4548 66432 101857
16919 19489 75332
75332 16919 19489
19489 16919 75332
139618 15031 101543
101543 15031 139618
15031 101543 139618
61521 13353 31659
31659 13353 61521
13353 31659 61521
77428 24260 48433
24260 48433 77428
48433 24260 77428
66375 4811 127677
4811 66375 127677
127677 4811 66375
122826 12191 127093
127093 12191 122826
12191 122826 127093
81971 80851 133196
133196 80851 81971
80851 81971 133196
42601 26512 50999
50999 26512 42601
26512 42601 50999
116402 17596 32858
17596 32858 116402
32858 17596 116402
30728 62998 91689
91689 30728 62998
62998 30728 91689
48321 5101 24931
24931 5101 48321
5101 24931 48321
106155 101513 110324
101513 106155 110324
110324 101513 106155
85319 97970 128761
97970 85319 128761
128761 85319 97970
8938 76695 78639
78639 8938 76695
76695 8938 78639
42157 72624 147448
72624 42157 147448
147448 42157 72624
120331 109984 125127
125127 109984 120331
109984 120331 125127
25468 54530 70323
70323 25468 54530
54530 25468 70323
131976 59486 83172
83172 59486 131976
59486 83172 131976
13265 92087 121345
121345 13265 92087
92087 13265 121345
148488 1736 127782
1736 127782 148488
127782 1736 148488
132689 67278 71819
67278 71819 132689
71819 67278 132689
93504 46419 70273
46419 70273 93504
70273 46419 93504
44709 131883 139319
139319 44709 131883
131883 44709 139319
70788 55950 128883
128883 55950 70788
55950 70788 128883
127251 88068 127578
127578 88068 127251
88068 127251 127578
63941 38588 117654
38588 63941 117654
117654 38588 63941
87752 1194 63935
63935 1194 87752
1194 63935 87752
39279 66543 149810
66543 39279 149810
149810 39279 66543
120107 76066 96609
76066 96609 120107
96609 76066 120107
1327 25615 117045
25615 1327 117045
117045 1327 25615
148330 60775 141340
60775 141340 148330
141340 60775 148330
125252 24487 102896
24487 102896 125252
102896 24487 125252
68139 57319 99193
57319 68139 99193
99193 57319 68139
76307 30284 125574
30284 76307 125574
125574 30284 76307
59947 16335 82424
16335 59947 82424
82424 16335 59947
131708 95125 118345
95125 118345 131708
118345 95125 131708
104260 35463 120297
35463 104260 120297
120297 35463 104260
29966 98143 140388
140388 29966 98143
98143 29966 140388
121110 63203 88248
63203 88248 121110
88248 63203 121110
56100 75284 120716
75284 56100 120716
120716 56100 75284
70054 37767 136555
37767 70054 136555
136555 37767 70054
47255 67010 74474
74474 47255 67010
67010 47255 74474
6772 23197 99005
23197 6772 99005
99005 6772 23197
94470 42755 122143
42755 94470 122143
122143 42755 94470
79845 127549 139301
139301 79845 127549
127549 79845 139301
57040 108077 146812
146812 57040 108077
108077 57040 146812
110900 37526 44437
44437 37526 110900
37526 44437 110900
95949 49302 87115
87115 49302 95949
49302 87115 95949
107819 112048 145075
112048 107819 145075
145075 107819 112048
116974 103205 128986
128986 103205 116974
103205 116974 128986
85393 52461 137495
52461 85393 137495
137495 52461 85393
117949 23764 136748
136748 23764 117949
23764 117949 136748
11860 64357 146985
146985 11860 64357
64357 11860 146985
54002 136311 139063
136311 54002 139063
139063 54002 136311
118946 47956 67724
47956 67724 118946
67724 47956 118946
91237 100863 137365
100863 91237 137365
137365 91237 100863
52999 123775 145152
123775 52999 145152
145152 52999 123775
2235 39673 131974
131974 2235 39673
39673 2235 131974
11461 39524 67483
39524 11461 67483
67483 11461 39524
147931 94589 117333
117333 94589 147931
94589 117333 147931
116434 44755 92140
92140 44755 116434
44755 92140 116434
62979 19432 148462
148462 19432 62979
19432 62979 148462
138160 54871 55979
55979 54871 138160
54871 55979 138160
24459 30333 83241
83241 24459 30333
30333 24459 83241
80042 12050 38161
12050 38161 80042
38161 12050 80042
19215 12365 95302
12365 19215 95302
95302 12365 19215
337 116021 135489
116021 337 135489
135489 337 116021
45588 25577 105552
25577 45588 105552
105552 25577 45588
122808 39089 85371
39089 85371 122808
85371 39089 122808
69399 1489 35278
1489 35278 69399
35278 1489 69399
147359 50941 107204
107204 50941 147359
50941 107204 147359
141005 106362 129405
106362 129405 141005
129405 106362 141005
86095 59560 61585
59560 61585 86095
61585 59560 86095
200 7828 54895
54895 200 7828
7828 200 54895
9609 111682 127753
127753 9609 111682
111682 9609 127753
61983 49985 148013
49985 61983 148013
148013 49985 61983
114567 57602 117883
117883 57602 114567
57602 114567 117883
120924 71880 92550
71880 92550 120924
92550 71880 120924
47079 20524 112031
112031 20524 47079
20524 47079 112031
64871 18345 51347
51347 18345 64871
18345 51347 64871
67845 110939 143717
143717 67845 110939
110939 67845 143717
1358 15561 75149
75149 1358 15561
15561 1358 75149
51352 22925 126622
22925 51352 126622
126622 22925 51352
80071 72865 85145
85145 72865 80071
72865 80071 85145
80632 51975 101979
51975 80632 101979
101979 51975 80632
57677 15439 143087
15439 57677 143087
143087 15439 57677
104558 49528 121434
49528 104558 121434
121434 49528 104558
85040 48594 74368
74368 48594 85040
48594 74368 85040
39883 17542 50939
17542 39883 50939
50939 17542 39883
62793 38604 46843
46843 38604 62793
38604 46843 62793
92449 6764 47665
47665 6764 92449
6764 47665 92449
93877 35757 133400
133400 35757 93877
35757 93877 133400
142214 47129 148694
47129 142214 148694
148694 47129 142214
113947 5207 106807
5207 106807 113947
106807 5207 113947
41165 19875 109258
109258 19875 41165
19875 41165 109258
8587 128888 134668
134668 8587 128888
128888 8587 134668
64460 41458 62408
62408 41458 64460
41458 62408 64460
137374 102893 107755
102893 107755 137374
107755 102893 137374
129261 39680 104090
104090 39680 129261
39680 104090 129261
71408 13769 138090
13769 71408 138090
138090 13769 71408
8995 57893 126545
57893 8995 126545
126545 8995 57893
98324 38926 99933
38926 98324 99933
99933 38926 98324
83566 120909 147575
120909 83566 147575
147575 83566 120909
100182 123534 136431
136431 100182 123534
123534 100182 136431
54767 16761 61836
16761 54767 61836
61836 16761 54767
78207 61099 94963
94963 61099 78207
61099 78207 94963
28769 3383 26194
3383 26194 28769
26194 3383 28769
147834 59506 79180
79180 59506 147834
59506 79180 147834
73446 63537 110721
63537 73446 110721
110721 63537 73446
32228 63444 110148
63444 32228 110148
110148 32228 63444
137849 30682 58312
30682 58312 137849
58312 30682 137849
21319 23920 71594
23920 21319 71594
71594 21319 23920
72509 34328 38399
38399 34328 72509
34328 38399 72509
122099 9582 98475
9582 98475 122099
98475 9582 122099
132051 42534 103456
103456 42534 132051
42534 103456 132051
130304 61672 94921
61672 94921 130304
94921 61672 130304
16600 110710 121138
121138 16600 110710
110710 16600 121138
66281 113626 115471
115471 66281 113626
113626 66281 115471
43566 17665 61928
61928 17665 43566
17665 43566 61928
140547 99139 99359
99139 99359 140547
99359 99139 140547
40203 47106 111251
47106 40203 111251
111251 40203 47106
49315 10146 142104
142104 10146 49315
10146 49315 142104
138190 114831 134393
134393 114831 138190
114831 134393 138190
55141 84521 141866
141866 55141 84521
84521 55141 141866
56652 40572 47150
40572 47150 56652
47150 40572 56652
110855 102543 116277
102543 110855 116277
116277 102543 110855
5953 34524 147216
34524 5953 147216
147216 5953 34524
133571 35612 116838
35612 116838 133571
116838 35612 133571
63198 16215 103902
16215 63198 103902
103902 16215 63198
66879 14137 44457
44457 14137 66879
14137 44457 66879
109704 11866 95897
95897 11866 109704
11866 95897 109704
58965 6548 53861
6548 53861 58965
53861 6548 58965
141489 45181 105269
105269 45181 141489
45181 105269 141489
99949 21764 77244
77244 21764 99949
21764 77244 99949
114599 135380 136078
135380 114599 136078
136078 114599 135380
123739 78002 125210
125210 78002 123739
78002 123739 125210
98382 93524 119276
93524 98382 119276
119276 93524 98382
61813 24428 40789
24428 40789 61813
40789 24428 61813
75503 98068 116686
116686 75503 98068
98068 75503 116686
46441 121027 122218
122218 46441 121027
121027 46441 122218
64430 36815 143515
143515 36815 64430
36815 64430 143515
140105 91246 127105
127105 91246 140105
91246 127105 140105
55591 40950 129485
129485 40950 55591
40950 55591 129485
127296 47670 132970
47670 127296 132970
132970 47670 127296
47094 44615 88279
44615 47094 88279
88279 44615 47094
83354 51351 54329
54329 51351 83354
51351 54329 83354
70794 88329 149059
149059 70794 88329
88329 70794 149059
99562 23057 90766
90766 23057 99562
23057 90766 99562
148697 57200 63949
57200 63949 148697
63949 57200 148697
136391 51089 79382
79382 51089 136391
51089 79382 136391
120699 9455 47238
47238 9455 120699
9455 47238 120699
68066 123302 124002
124002 68066 123302
123302 68066 124002
74532 45727 142319
142319 45727 74532
45727 74532 142319
104088 9395 122005
9395 104088 122005
122005 9395 104088
71214 32248 80664
80664 32248 71214
32248 71214 80664
92145 104602 122655
104602 92145 122655
122655 92145 104602
108006 46606 100178
100178 46606 108006
46606 100178 108006
79598 64250 100026
100026 64250 79598
64250 79598 100026
16126 9354 41546
41546 9354 16126
9354 16126 41546
148430 55697 60607
60607 55697 148430
55697 60607 148430
39525 3946 97641
3946 39525 97641
97641 3946 39525
41973 72929 80072
72929 41973 80072
80072 41973 72929
76145 53913 120456
120456 53913 76145
53913 76145 120456
65808 52577 147135
52577 65808 147135
147135 52577 65808
104203 3029 71234
71234 3029 104203
3029 71234 104203
76451 1922 120776
1922 76451 120776
120776 1922 76451
129906 24953 34541
34541 24953 129906
24953 34541 129906
145249 42447 94751
42447 94751 145249
94751 42447 145249
22289 38624 62359
62359 22289 38624
38624 22289 62359
84613 5357 100792
100792 5357 84613
5357 84613 100792
37061 21334 100377
100377 21334 37061
21334 37061 100377
81119 7801 90833
7801 81119 90833
90833 7801 81119
49466 70576 147149
70576 49466 147149
147149 49466 70576
11699 7055 75742
75742 7055 11699
7055 11699 75742
148402 49 85016
49 85016 148402
85016 49 148402
7643 56311 79099
56311 7643 79099
79099 7643 56311
72321 55480 68463
68463 55480 72321
55480 68463 72321
137910 29963 40389
29963 40389 137910
40389 29963 137910
44055 75888 86641
75888 44055 86641
86641 44055 75888
57792 12258 143086
12258 57792 143086
143086 12258 57792
68345 49813 54785
49813 54785 68345
54785 49813 68345
122962 69026 112703
69026 112703 122962
112703 69026 122962
84158 67770 130084
67770 84158 130084
130084 67770 84158
115843 125820 133022
133022 115843 125820
125820 115843 133022
113155 19087 77777
19087 77777 113155
77777 19087 113155
83222 111125 126283
126283 83222 111125
111125 83222 126283
60456 13267 111358
111358 13267 60456
13267 60456 111358
48949 92397 109340
109340 48949 92397
92397 48949 109340
124090 52830 144287
52830 124090 144287
144287 52830 124090
116704 22743 55084
22743 55084 116704
55084 22743 116704
68740 27567 113718
113718 27567 68740
27567 68740 113718
86308 50797 75668
75668 50797 86308
50797 75668 86308
51934 14078 47559
14078 47559 51934
47559 14078 51934
30767 16397 42336
42336 16397 30767
16397 30767 42336
24177 43125 119447
119447 24177 43125
43125 24177 119447
112795 73132 106095
106095 73132 112795
73132 106095 112795
44056 8145 89582
89582 8145 44056
8145 44056 89582
146816 1738 126814
1738 126814 146816
126814 1738 146816
26453 9006 148777
9006 26453 148777
148777 9006 26453
59470 42239 122811
122811 42239 59470
42239 59470 122811
40545 68314 147041
68314 40545 147041
147041 40545 68314
36328 51674 117299
117299 36328 51674
51674 36328 117299
19037 28617 116860
28617 19037 116860
116860 19037 28617
52130 1609 133010
1609 52130 133010
133010 1609 52130
129738 80157 144458
80157 129738 144458
144458 80157 129738
140024 67899 79607
67899 79607 140024
79607 67899 140024
63697 2946 121308
2946 63697 121308
121308 2946 63697
9958 60100 120467
60100 9958 120467
120467 9958 60100
68260 130331 133154
130331 68260 133154
133154 68260 130331
26287 20443 69449
20443 26287 69449
69449 20443 26287
24654 117766 135668
117766 24654 135668
135668 24654 117766
6273 29250 59807
59807 6273 29250
29250 6273 59807
142534 56532 110383
56532 110383 142534
110383 56532 142534
7875 20692 70283
20692 7875 70283
70283 7875 20692
14303 118591 127071
118591 14303 127071
127071 14303 118591
37961 66251 69481
69481 37961 66251
66251 37961 69481
40679 69230 147902
69230 40679 147902
147902 40679 69230
76836 52595 109578
109578 52595 76836
52595 76836 109578
2614 87873 108309
87873 2614 108309
108309 2614 87873
63867 90448 135236
90448 63867 135236
135236 63867 90448
5291 67634 137663
67634 5291 137663
137663 5291 67634
25471 77506 115394
77506 25471 115394
115394 25471 77506
144498 9360 122469
122469 9360 144498
9360 122469 144498
12358 2340 91374
2340 12358 91374
91374 2340 12358
72604 52556 141396
141396 52556 72604
52556 72604 141396
13500 36652 36781
36652 13500 36781
36781 13500 36652
125858 54261 87107
87107 54261 125858
54261 87107 125858
45690 25977 119891
119891 25977 45690
25977 45690 119891
29222 83453 138495
83453 29222 138495
138495 29222 83453
38150 12620 99461
99461 12620 38150
12620 38150 99461
110264 780 34440
780 34440 110264
34440 780 110264
45063 21855 55629
21855 45063 55629
55629 21855 45063
146434 58248 91221
58248 91221 146434
91221 58248 146434
29588 16125 131980
131980 16125 29588
16125 29588 131980
125944 31624 140480
140480 31624 125944
31624 125944 140480
13054 54635 129814
54635 13054 129814
129814 13054 54635
90947 37148 63765
63765 37148 90947
37148 63765 90947
97979 99101 123167
123167 97979 99101
99101 97979 123167
98627 23386 83629
83629 23386 98627
23386 83629 98627
54413 69751 125670
125670 54413 69751
69751 54413 125670
110639 10044 119468
119468 10044 110639
10044 110639 119468
471 5345 24517
5345 471 24517
24517 471 5345
110009 13751 85972
85972 13751 110009
13751 85972 110009
24944 143066 145563
143066 24944 145563
145563 24944 143066
10121 13601 68090
68090 10121 13601
13601 10121 68090
9410 85597 104885
85597 9410 104885
104885 9410 85597
132474 3862 13558
3862 13558 132474
13558 3862 132474
9859 57009 117489
57009 9859 117489
117489 9859 57009
25948 98439 105541
98439 25948 105541
105541 25948 98439
98517 57633 140138
140138 57633 98517
57633 98517 140138
78528 22477 118306
22477 78528 118306
118306 22477 78528
51862 86 133417
86 51862 133417
133417 86 51862
3588 15001 65962
65962 3588 15001
15001 3588 65962
146355 15255 15851
15255 15851 146355
15851 15255 146355
84293 1483 34264
34264 1483 84293
1483 34264 84293
70823 5648 118143
5648 70823 118143
118143 5648 70823
31497 115488 118564
118564 31497 115488
115488 31497 118564
113569 33357 83846
33357 83846 113569
83846 33357 113569
69617 140244 149145
140244 69617 149145
149145 69617 140244
12124 47961 131208
131208 12124 47961
47961 12124 131208
126441 87113 112777
112777 87113 126441
87113 112777 126441
14425 29958 96541
29958 14425 96541
96541 14425 29958
13927 33075 135584
135584 13927 33075
33075 13927 135584
138760 77833 109296
77833 109296 138760
109296 77833 138760
24999 51451 89451
51451 24999 89451
89451 24999 51451
50850 4883 87990
87990 4883 50850
4883 50850 87990
3403 53423 98321
53423 3403 98321
98321 3403 53423
52406 16501 140971
140971 16501 52406
16501 52406 140971
94285 32418 130113
130113 32418 94285
32418 94285 130113
142315 73497 89684
73497 89684 142315
89684 73497 142315
3111 11153 102133
11153 3111 102133
102133 3111 11153
113970 66323 97905
97905 66323 113970
66323 97905 113970
8267 34549 98538
34549 8267 98538
98538 8267 34549
1973 60080 83898
83898 1973 60080
60080 1973 83898
64270 9844 110645
110645 9844 64270
9844 64270 110645
126318 92889 132662
92889 126318 132662
132662 92889 126318
44397 39853 127439
39853 44397 127439
127439 39853 44397
137975 43741 89925
43741 89925 137975
89925 43741 137975
74496 59828 126387
59828 74496 126387
126387 59828 74496
67965 4428 104114
4428 67965 104114
104114 4428 67965
41056 115689 121783
121783 41056 115689
115689 41056 121783
70919 23204 63166
23204 63166 70919
63166 23204 70919
82044 47783 146196
47783 82044 146196
146196 47783 82044
46982 87495 128088
87495 46982 128088
128088 46982 87495
7666 18087 61183
61183 7666 18087
18087 7666 61183
4589 29655 97655
29655 4589 97655
97655 4589 29655
41653 2159 40116
40116 2159 41653
2159 40116 41653
1083 49832 59432
59432 1083 49832
49832 1083 59432
29245 60153 64621
60153 29245 64621
64621 29245 60153
147720 110459 116616
116616 110459 147720
110459 116616 147720
31734 67134 135945
67134 31734 135945
135945 31734 67134
38215 11443 101276
11443 38215 101276
101276 11443 38215
52929 16054 91603
91603 16054 52929
16054 52929 91603
111746 29826 99143
99143 29826 111746
29826 99143 111746
99132 121613 129774
121613 99132 129774
129774 99132 121613
19709 3044 20787
20787 3044 19709
3044 19709 20787
78573 51205 120663
120663 51205 78573
51205 78573 120663
134828 32945 129836
129836 32945 134828
32945 129836 134828
92888 16162 113931
113931 16162 92888
16162 92888 113931
92671 87908 90351
87908 90351 92671
90351 87908 92671
85716 24592 74415
24592 74415 85716
74415 24592 85716
47278 10143 25018
25018 10143 47278
10143 25018 47278
142011 23526 117059
117059 23526 142011
23526 117059 142011
67 48740 132852
132852 67 48740
48740 67 132852
136571 75447 127758
75447 127758 136571
127758 75447 136571
113961 56606 101055
101055 56606 113961
56606 101055 113961
42294 45046 137011
137011 42294 45046
45046 42294 137011
10364 24269 96419
96419 10364 24269
24269 10364 96419
1788 29870 81337
29870 1788 81337
81337 1788 29870
89285 24477 76767
24477 76767 89285
76767 24477 89285
130819 15271 78652
78652 15271 130819
15271 78652 130819
48286 96117 100112
100112 48286 96117
96117 48286 100112
32886 35692 135006
35692 32886 135006
135006 32886 35692
30575 89127 113298
89127 30575 113298
113298 30575 89127
32657 62355 77930
77930 32657 62355
62355 32657 77930
70508 86795 140208
86795 70508 140208
140208 70508 86795
71481 39294 105334
105334 39294 71481
39294 71481 105334
24382 64889 102839
64889 24382 102839
102839 24382 64889
91425 58161 134524
134524 58161 91425
58161 91425 134524
21408 25069 141108
141108 21408 25069
25069 21408 141108
130275 31982 83827
83827 31982 130275
31982 83827 130275
98188 33847 53210
53210 33847 98188
33847 53210 98188
97508 45606 121206
121206 45606 97508
45606 97508 121206
29123 105709 144839
144839 29123 105709
105709 29123 144839
81972 25975 34995
25975 34995 81972
34995 25975 81972
48500 143656 146890
143656 48500 146890
146890 48500 143656
81320 41270 43213
43213 41270 81320
41270 43213 81320
54991 37646 110188
37646 54991 110188
110188 37646 54991
133911 27817 75292
75292 27817 133911
27817 75292 133911
79702 104501 127097
127097 79702 104501
104501 79702 127097
127202 17705 42202
42202 17705 127202
17705 42202 127202
130400 29897 75310
29897 75310 130400
75310 29897 130400
68202 61516 62813
61516 62813 68202
62813 61516 68202
5636 79796 107618
107618 5636 79796
79796 5636 107618
35538 80683 100965
80683 35538 100965
100965 35538 80683
28601 55803 103903
103903 28601 55803
55803 28601 103903
56658 23569 26652
26652 23569 56658
23569 26652 56658
52817 43640 56442
43640 52817 56442
56442 43640 52817
82599 1018 25185
1018 25185 82599
25185 1018 82599
134856 84814 98007
84814 98007 134856
98007 84814 134856
39739 77127 103570
103570 39739 77127
77127 39739 103570
111864 61015 67128
67128 61015 111864
61015 67128 111864
95420 57596 96803
96803 57596 95420
57596 95420 96803
46795 44339 106798
44339 46795 106798
106798 44339 46795
1723 49477 86979
86979 1723 49477
49477 1723 86979
139392 50056 68220
68220 50056 139392
50056 68220 139392
47782 14852 53355
53355 14852 47782
14852 47782 53355
26155 6117 85957
6117 26155 85957
85957 6117 26155
92222 133970 136826
136826 92222 133970
133970 92222 136826
53917 131646 144475
131646 53917 144475
144475 53917 131646
58304 65881 121402
121402 58304 65881
65881 58304 121402
947 971 48533
971 947 48533
48533 947 971
132391 94910 95089
95089 94910 132391
94910 95089 132391
72481 60961 71892
60961 71892 72481
71892 60961 72481
25685 14704 113774
113774 14704 25685
14704 25685 113774
4943 2976 10443
10443 2976 4943
2976 4943 10443
16310 12587 16503
16503 12587 16310
12587 16310 16503
37111 98395 146500
98395 37111 146500
146500 37111 98395
7895 48761 93949
93949 7895 48761
48761 7895 93949
10011 19590 59111
19590 10011 59111
59111 10011 19590
139862 67476 91627
91627 67476 139862
67476 91627 139862
131431 116929 117630
116929 117630 131431
117630 116929 131431
24218 16933 75439
16933 24218 75439
75439 16933 24218
100180 66196 67532
66196 67532 100180
67532 66196 100180
66117 2040 141582
2040 66117 141582
141582 2040 66117
44057 34982 80106
80106 34982 44057
34982 44057 80106
12464 5308 41938
5308 12464 41938
41938 5308 12464
149968 49904 131003
49904 131003 149968
131003 49904 149968
134212 102266 148471
102266 134212 148471
148471 102266 134212
104798 32268 83652
83652 32268 104798
32268 83652 104798
107798 8914 46829
46829 8914 107798
8914 46829 107798
100947 97268 106820
97268 100947 106820
106820 97268 100947
18390 31883 85106
31883 18390 85106
85106 18390 31883
17248 1819 53275
53275 1819 17248
1819 17248 53275
85949 38199 112287
38199 85949 112287
112287 38199 85949
124265 34888 129140
129140 34888 124265
34888 124265 129140
103805 48194 114151
114151 48194 103805
48194 103805 114151
45014 41263 86625
41263 45014 86625
86625 41263 45014
79639 17911 60765
60765 17911 79639
17911 60765 79639
48051 55077 114624
55077 48051 114624
114624 48051 55077
668 91528 109696
109696 668 91528
91528 668 109696
24863 22825 33504
22825 24863 33504
33504 22825 24863
18584 66272 148119
66272 18584 148119
148119 18584 66272
91279 9037 27365
27365 9037 91279
9037 27365 91279
14176 44786 101210
44786 14176 101210
101210 14176 44786
128168 47385 83942
47385 83942 128168
83942 47385 128168
333 101728 138648
101728 333 138648
138648 333 101728
97072 61268 139049
139049 61268 97072
61268 97072 139049
50155 54335 100279
100279 50155 54335
54335 50155 100279
36422 111762 127968
127968 36422 111762
111762 36422 127968
42054 59272 129184
129184 42054 59272
59272 42054 129184
71346 38141 48873
48873 38141 71346
38141 48873 71346
16201 11908 149891
149891 11908 16201
11908 16201 149891
71338 45482 78813
45482 71338 78813
78813 45482 71338
102246 67251 84750
67251 84750 102246
84750 67251 102246
116167 45626 95665
45626 95665 116167
95665 45626 116167
44795 101694 115211
115211 44795 101694
101694 44795 115211
13272 100635 101043
100635 13272 101043
101043 13272 100635
62398 6384 53195
53195 6384 62398
6384 53195 62398
