68 830 1476
830 68 1476
1476 68 830
182 1063 1383
1383 182 1063
1063 182 1383
997 255 991
991 255 997
255 991 997
5 840 1446
840 5 1446
1446 5 840
1301 400 1441
400 1301 1441
1441 400 1301
505 186 558
558 186 505
186 505 558
1175 745 1132
745 1132 1175
1132 745 1175
703 257 1487
1487 257 703
257 703 1487
27 568 1032
568 27 1032
1032 27 568
1373 372 1384
1384 372 1373
372 1373 1384
772 1267 1473
1267 772 1473
1473 772 1267
428 292 1192
1192 292 428
292 428 1192
1070 435 1059
435 1059 1070
1059 435 1070
1398 290 714
290 714 1398
714 290 1398
59 1264 1401
1264 59 1401
1401 59 1264
776 704 881
881 704 776
704 776 881
589 626 718
718 589 626
626 589 718
346 1023 1229
1229 346 1023
1023 346 1229
22 152 979
152 22 979
979 22 152
110 240 1293
240 110 1293
1293 110 240
817 519 1419
519 817 1419
1419 519 817
1235 483 913
913 483 1235
483 913 1235
790 504 1460
504 790 1460
1460 504 790
735 710 1315
710 735 1315
1315 710 735
736 9 1173
1173 9 736
9 736 1173
307 476 550
476 307 550
550 307 476
398 1074 1148
1074 398 1148
1148 398 1074
1237 431 721
431 721 1237
721 431 1237
901 887 1481
887 901 1481
1481 887 901
1356 1183 1201
1183 1201 1356
1201 1183 1356
334 1268 1435
1268 334 1435
1435 334 1268
1181 104 344
104 344 1181
344 104 1181
1171 1158 1221
1221 1158 1171
1158 1171 1221
1204 348 1382
1382 348 1204
348 1204 1382
453 856 1029
1029 453 856
856 453 1029
406 158 1410
1410 158 406
158 406 1410
1443 390 494
494 390 1443
390 494 1443
514 1161 1213
1213 514 1161
1161 514 1213
122 698 1433
1433 122 698
698 122 1433
380 642 700
700 380 642
642 380 700
1019 1216 1385
1385 1019 1216
1216 1019 1385
335 753 793
793 335 753
753 335 793
537 13 236
13 236 537
236 13 537
1298 507 1342
1342 507 1298
507 1298 1342
1444 556 835
835 556 1444
556 835 1444
381 931 1340
931 381 1340
1340 381 931
295 147 827
147 295 827
827 147 295
898 765 1244
765 898 1244
1244 765 898
270 275 586
586 270 275
275 270 586
1232 153 1370
1370 153 1232
153 1232 1370
305 284 427
284 305 427
427 284 305
540 302 437
302 437 540
437 302 540
1067 37 129
37 129 1067
129 37 1067
1172 656 1259
1259 656 1172
656 1172 1259
949 457 1128
457 949 1128
1128 457 949
426 199 882
882 199 426
199 426 882
1022 1252 1274
1274 1022 1252
1252 1022 1274
794 120 207
120 207 794
207 120 794
246 243 1462
243 246 1462
1462 243 246
762 204 1347
204 762 1347
1347 204 762
1091 151 756
151 756 1091
756 151 1091
1333 533 616
533 616 1333
616 533 1333
81 260 1449
260 81 1449
1449 81 260
705 31 986
31 705 986
986 31 705
323 168 775
775 168 323
168 323 775
228 360 389
360 228 389
389 228 360
493 609 1049
1049 493 609
609 493 1049
1 106 115
106 1 115
115 1 106
967 575 1283
575 967 1283
1283 575 967
350 719 857
719 350 857
857 350 719
477 502 613
502 477 613
613 477 502
464 1289 1416
1416 464 1289
1289 464 1416
933 640 989
989 640 933
640 933 989
430 320 1110
320 430 1110
1110 320 430
909 223 639
639 223 909
223 639 909
313 244 1159
1159 244 313
244 313 1159
1314 662 1108
1108 662 1314
662 1108 1314
1043 224 564
224 564 1043
564 224 1043
1411 1020 1143
1143 1020 1411
1020 1143 1411
1035 1286 1459
1286 1035 1459
1459 1035 1286
1480 89 329
89 329 1480
329 89 1480
85 342 1404
1404 85 342
342 85 1404
35 1031 1306
1031 35 1306
1306 35 1031
279 401 449
449 279 401
401 279 449
242 276 1184
1184 242 276
276 242 1184
418 58 1256
1256 58 418
58 418 1256
517 321 1050
1050 321 517
321 517 1050
510 821 1360
821 510 1360
1360 510 821
1016 838 1011
1011 838 1016
838 1011 1016
826 34 825
825 34 826
34 825 826
1079 1125 1378
1125 1079 1378
1378 1079 1125
737 666 1397
666 737 1397
1397 666 737
315 672 1115
672 315 1115
1115 315 672
42 820 1380
820 42 1380
1380 42 820
809 548 1202
1202 548 809
548 809 1202
1479 870 1138
870 1138 1479
1138 870 1479
953 471 1136
1136 471 953
471 953 1136
783 973 1406
973 783 1406
1406 783 973
788 201 294
201 294 788
294 201 788
854 143 684
143 684 854
684 143 854
715 1273 1343
1343 715 1273
1273 715 1343
678 210 914
914 210 678
210 678 914
872 743 1351
1351 743 872
743 872 1351
463 322 382
382 322 463
322 382 463
658 19 1109
1109 19 658
19 658 1109
969 72 946
946 72 969
72 946 969
486 578 1486
578 486 1486
1486 486 578
781 594 653
653 594 781
594 653 781
365 422 583
422 365 583
583 365 422
392 465 728
465 392 728
728 392 465
691 618 988
618 691 988
988 618 691
496 918 1434
918 496 1434
1434 496 918
927 920 994
994 920 927
920 927 994
1193 610 832
610 832 1193
832 610 1193
86 570 1051
1051 86 570
570 86 1051
816 530 657
530 657 816
657 530 816
1310 445 739
445 739 1310
739 445 1310
685 251 1139
1139 251 685
251 685 1139
1497 57 467
57 467 1497
467 57 1497
328 1073 1112
1112 328 1073
1073 328 1112
1265 733 939
939 733 1265
733 939 1265
1124 239 1399
1399 239 1124
239 1124 1399
982 539 1488
539 982 1488
1488 539 982
985 1036 1429
1429 985 1036
1036 985 1429
416 730 1236
730 416 1236
1236 416 730
475 692 1394
1394 475 692
692 475 1394
1448 489 553
553 489 1448
489 553 1448
140 1324 1451
1451 140 1324
1324 140 1451
1282 587 961
587 961 1282
961 587 1282
1220 299 864
864 299 1220
299 864 1220
807 665 819
665 807 819
819 665 807
40 333 337
333 40 337
337 40 333
250 296 632
296 250 632
632 250 296
888 149 481
481 149 888
149 481 888
1463 272 754
272 754 1463
754 272 1463
1250 1065 1281
1065 1250 1281
1281 1065 1250
1421 155 1269
155 1269 1421
1269 155 1421
647 4 376
376 4 647
4 376 647
682 619 713
619 682 713
713 619 682
697 49 413
413 49 697
49 413 697
966 1233 1323
1233 966 1323
1323 966 1233
1200 469 1464
469 1200 1464
1464 469 1200
53 724 1491
724 53 1491
1491 53 724
1078 538 1403
538 1078 1403
1403 538 1078
668 1316 1495
1495 668 1316
1316 668 1495
592 404 1092
404 592 1092
1092 404 592
15 32 386
386 15 32
32 15 386
896 1098 1174
1098 896 1174
1174 896 1098
1430 362 751
362 751 1430
751 362 1430
102 784 1048
1048 102 784
784 102 1048
1447 132 702
702 132 1447
132 702 1447
183 664 1263
1263 183 664
664 183 1263
130 76 535
535 76 130
76 130 535
677 309 472
309 472 677
472 309 677
1195 716 1336
716 1195 1336
1336 716 1195
842 590 1452
590 842 1452
1452 590 842
391 1284 1422
1284 391 1422
1422 391 1284
378 142 1388
1388 142 378
142 378 1388
316 479 1052
479 316 1052
1052 316 479
197 970 1156
970 197 1156
1156 197 970
1331 216 921
921 216 1331
216 921 1331
679 787 1300
787 679 1300
1300 679 787
267 358 1456
358 267 1456
1456 267 358
1218 534 565
534 565 1218
565 534 1218
165 1088 1366
1088 165 1366
1366 165 1088
174 379 855
379 174 855
855 174 379
470 546 779
779 470 546
546 470 779
415 936 1386
1386 415 936
936 415 1386
403 1068 1251
1068 403 1251
1251 403 1068
361 451 1101
451 361 1101
1101 361 451
227 750 1057
750 227 1057
1057 227 750
1330 211 1028
211 1028 1330
1028 211 1330
895 747 1369
1369 747 895
747 895 1369
963 234 660
234 660 963
660 234 963
572 369 1231
1231 369 572
369 572 1231
1145 327 1209
327 1145 1209
1209 327 1145
52 549 808
808 52 549
549 52 808
551 627 1226
1226 551 627
627 551 1226
865 74 746
74 746 865
746 74 865
150 614 894
894 150 614
614 150 894
956 500 941
500 941 956
941 500 956
407 423 797
797 407 423
423 407 797
1490 304 1374
1374 304 1490
304 1374 1490
195 1044 1294
1044 195 1294
1294 195 1044
373 202 1071
1071 202 373
202 373 1071
791 885 993
885 791 993
993 791 885
55 97 923
97 55 923
923 55 97
1437 943 1335
943 1335 1437
1335 943 1437
247 173 1483
1483 173 247
173 247 1483
1214 571 695
695 571 1214
571 695 1214
1499 585 717
717 585 1499
585 717 1499
264 187 343
187 264 343
343 187 264
301 70 241
70 241 301
241 70 301
925 65 1089
65 925 1089
1089 65 925
1313 799 1012
1012 799 1313
799 1012 1313
891 871 1086
1086 871 891
871 891 1086
617 61 759
759 61 617
61 617 759
952 273 1484
273 952 1484
1484 273 952
462 6 670
670 6 462
6 462 670
298 64 79
79 64 298
64 79 298
836 317 1004
317 836 1004
1004 317 836
1461 811 1477
1477 811 1461
811 1461 1477
593 726 1102
1102 593 726
726 593 1102
1197 631 755
755 631 1197
631 755 1197
761 310 601
601 310 761
310 601 761
148 557 792
792 148 557
557 148 792
1408 123 447
123 447 1408
447 123 1408
370 689 1151
1151 370 689
689 370 1151
1454 458 543
458 543 1454
543 458 1454
1085 29 875
29 875 1085
875 29 1085
972 1393 1412
1393 972 1412
1412 972 1393
388 960 1471
1471 388 960
960 388 1471
731 1150 1418
1150 731 1418
1418 731 1150
1113 127 1154
127 1113 1154
1154 127 1113
420 981 1056
981 420 1056
1056 420 981
1084 54 1123
1123 54 1084
54 1084 1123
225 478 527
478 225 527
527 225 478
523 261 1238
1238 261 523
261 523 1238
699 184 412
412 184 699
184 412 699
1303 405 676
676 405 1303
405 676 1303
205 78 1146
78 205 1146
1146 78 205
1003 542 948
948 542 1003
542 948 1003
1177 221 938
938 221 1177
221 938 1177
1034 529 944
944 529 1034
529 944 1034
815 133 354
354 133 815
133 354 815
1141 282 559
559 282 1141
282 559 1141
238 1021 1096
1096 238 1021
1021 238 1096
1280 161 1054
161 1054 1280
1054 161 1280
1119 1453 1489
1453 1119 1489
1489 1119 1453
744 215 648
215 648 744
648 215 744
1157 39 669
669 39 1157
39 669 1157
425 752 964
752 425 964
964 425 752
1261 522 1208
522 1208 1261
1208 522 1261
1170 599 1396
599 1170 1396
1396 599 1170
608 810 1000
810 608 1000
1000 608 810
712 860 1467
1467 712 860
860 712 1467
950 785 813
813 785 950
785 813 950
554 113 409
113 409 554
409 113 554
179 1030 1253
1030 179 1253
1253 179 1030
780 846 1203
846 780 1203
1203 780 846
1215 263 796
796 263 1215
263 796 1215
352 156 1083
1083 156 352
156 352 1083
1130 584 1455
1455 584 1130
584 1130 1455
899 289 1179
289 899 1179
1179 289 899
10 20 916
20 10 916
916 10 20
112 460 924
460 112 924
924 112 460
1104 758 1292
1292 758 1104
758 1104 1292
364 232 567
567 232 364
232 364 567
877 499 915
915 499 877
499 877 915
387 103 1099
1099 103 387
103 387 1099
622 163 686
686 163 622
163 622 686
709 117 1126
117 709 1126
1126 117 709
977 349 748
349 748 977
748 349 977
869 101 853
853 101 869
101 853 869
1496 1147 1319
1147 1319 1496
1319 1147 1496
41 466 912
466 41 912
912 41 466
580 1308 1326
1326 580 1308
1308 580 1326
256 867 1155
1155 256 867
867 256 1155
942 87 1117
87 942 1117
1117 87 942
992 137 208
137 208 992
208 137 992
203 108 1026
1026 108 203
108 203 1026
908 139 1040
139 908 1040
1040 139 908
625 630 680
680 625 630
630 625 680
1219 643 1212
643 1212 1219
1212 643 1219
560 82 844
82 560 844
844 82 560
154 604 990
604 154 990
990 154 604
377 555 907
555 377 907
907 377 555
1178 1246 1255
1255 1178 1246
1246 1178 1255
1120 136 1042
136 1042 1120
1042 136 1120
995 1105 1205
1205 995 1105
1105 995 1205
722 414 1018
1018 414 722
414 722 1018
248 605 1498
1498 248 605
605 248 1498
675 693 1407
1407 675 693
693 675 1407
1431 324 393
393 324 1431
324 393 1431
1080 782 1006
1006 782 1080
782 1006 1080
1271 474 893
474 893 1271
893 474 1271
440 107 212
107 212 440
212 107 440
778 262 1321
262 778 1321
1321 262 778
602 732 1290
732 602 1290
1290 602 732
1144 75 1387
1387 75 1144
75 1144 1387
937 786 919
919 786 937
786 919 937
497 135 424
424 135 497
135 424 497
1180 66 774
66 774 1180
774 66 1180
297 60 563
60 297 563
563 60 297
448 757 1361
757 448 1361
1361 448 757
397 399 740
740 397 399
399 397 740
849 1094 1288
1094 849 1288
1288 849 1094
185 17 861
17 185 861
861 17 185
1149 1243 1358
1243 1149 1358
1358 1149 1243
1257 84 958
958 84 1257
84 958 1257
30 763 959
959 30 763
763 30 959
439 99 1349
1349 99 439
99 439 1349
1009 926 1227
926 1009 1227
1227 926 1009
18 311 880
311 18 880
880 18 311
118 1129 1285
1129 118 1285
1285 118 1129
903 930 1045
930 903 1045
1045 903 930
91 508 1389
508 91 1389
1389 91 508
442 198 965
965 198 442
198 442 965
1350 573 649
573 649 1350
649 573 1350
1066 125 1354
1354 125 1066
125 1066 1354
545 444 1077
444 545 1077
1077 444 545
932 258 987
258 932 987
987 258 932
1194 1210 1258
1258 1194 1210
1210 1194 1258
491 635 1458
635 491 1458
1458 491 635
146 1010 1055
1010 146 1055
1055 146 1010
434 473 650
473 434 650
650 434 473
1391 805 1320
805 1320 1391
1320 805 1391
1445 237 814
814 237 1445
237 814 1445
1093 1116 1295
1116 1093 1295
1295 1093 1116
720 291 1087
291 720 1087
1087 291 720
947 166 654
654 166 947
166 654 947
268 701 1137
1137 268 701
701 268 1137
259 511 694
694 259 511
511 259 694
574 495 1400
1400 495 574
495 574 1400
688 83 175
175 83 688
83 175 688
111 269 547
269 111 547
547 111 269
889 1152 1186
1186 889 1152
1152 889 1186
36 569 1414
1414 36 569
569 36 1414
318 171 1379
1379 171 318
171 318 1379
121 126 1317
1317 121 126
126 121 1317
144 615 770
615 144 770
770 144 615
1025 623 659
659 623 1025
623 659 1025
214 962 1299
962 214 1299
1299 214 962
552 859 1357
1357 552 859
859 552 1357
90 265 1272
1272 90 265
265 90 1272
858 419 636
419 636 858
636 419 858
45 468 1364
468 45 1364
1364 45 468
674 823 1176
823 674 1176
1176 674 823
738 51 1275
1275 51 738
51 738 1275
1001 711 1058
711 1001 1058
1058 711 1001
1485 43 606
43 606 1485
606 43 1485
596 876 1095
1095 596 876
876 596 1095
266 63 645
645 63 266
63 266 645
1277 356 1217
356 1217 1277
1217 356 1277
308 219 384
219 308 384
384 219 308
1005 396 1381
1381 396 1005
396 1005 1381
69 26 850
850 26 69
26 69 850
1409 56 999
999 56 1409
56 999 1409
1472 16 928
928 16 1472
16 928 1472
996 480 1198
480 996 1198
1198 480 996
1247 277 385
385 277 1247
277 385 1247
1166 411 591
411 591 1166
591 411 1166
1245 879 1234
1234 879 1245
879 1234 1245
802 271 1375
271 802 1375
1375 271 802
1279 515 734
515 734 1279
734 515 1279
367 771 1142
1142 367 771
771 367 1142
164 326 1167
1167 164 326
326 164 1167
1069 181 671
181 671 1069
671 181 1069
1207 446 536
446 536 1207
536 446 1207
1039 114 644
114 644 1039
644 114 1039
725 1114 1395
1114 725 1395
1395 725 1114
355 576 1008
576 355 1008
1008 355 576
773 105 353
353 105 773
105 353 773
681 1168 1254
1168 681 1254
1254 681 1168
1111 528 742
742 528 1111
528 742 1111
162 824 1291
1291 162 824
824 162 1291
690 432 848
848 432 690
432 690 848
768 229 1376
229 768 1376
1376 229 768
1318 196 288
196 288 1318
288 196 1318
673 1082 1240
1082 673 1240
1240 673 1082
1122 285 1276
285 1122 1276
1276 285 1122
1368 286 1190
286 1190 1368
1190 286 1368
1262 878 1002
878 1002 1262
1002 878 1262
303 293 1162
1162 293 303
293 303 1162
383 777 1478
1478 383 777
777 383 1478
189 833 1466
1466 189 833
833 189 1466
968 984 1270
1270 968 984
984 968 1270
1211 1185 1187
1185 1187 1211
1187 1185 1211
80 274 1060
1060 80 274
274 80 1060
516 954 971
971 516 954
954 516 971
1371 611 1372
611 1371 1372
1372 611 1371
874 851 1413
1413 851 874
851 874 1413
128 629 641
641 128 629
629 128 641
1064 544 1493
1493 544 1064
544 1064 1493
764 402 917
917 402 764
402 764 917
1037 454 767
767 454 1037
454 767 1037
98 1465 1468
1465 98 1468
1468 98 1465
233 253 532
253 233 532
532 233 253
1133 935 1438
1438 935 1133
935 1133 1438
525 73 1322
1322 73 525
73 525 1322
1278 190 1196
190 1196 1278
1196 190 1278
1165 245 646
245 646 1165
646 245 1165
513 254 429
254 429 513
429 254 513
910 33 834
834 33 910
33 834 910
1041 109 116
116 109 1041
109 116 1041
852 28 976
28 852 976
976 28 852
94 1160 1494
1160 94 1494
1494 94 1160
249 612 1309
612 249 1309
1309 249 612
48 1038 1090
1090 48 1038
1038 48 1090
1228 14 1062
1062 14 1228
14 1062 1228
331 661 723
661 331 723
723 331 661
841 160 597
597 160 841
160 597 841
831 581 633
633 581 831
581 633 831
1007 417 561
561 417 1007
417 561 1007
209 957 1426
1426 209 957
957 209 1426
347 498 800
498 347 800
800 347 498
306 330 600
600 306 330
330 306 600
520 1047 1355
1047 520 1355
1355 520 1047
845 395 1482
395 845 1482
1482 395 845
188 905 1014
1014 188 905
905 188 1014
1072 455 1450
455 1072 1450
1450 455 1072
998 394 1206
1206 394 998
394 998 1206
24 278 1328
278 24 1328
1328 24 278
1118 220 866
220 866 1118
866 220 1118
843 167 983
167 843 983
983 167 843
868 176 1390
176 868 1390
1390 176 868
503 708 1475
1475 503 708
708 503 1475
145 38 1140
1140 38 145
38 145 1140
687 213 929
929 213 687
213 687 929
25 1230 1341
1341 25 1230
1230 25 1341
1362 488 873
873 488 1362
488 873 1362
526 359 829
359 526 829
829 359 526
345 93 157
93 157 345
157 93 345
862 138 1182
1182 138 862
138 862 1182
459 191 1053
1053 191 459
191 459 1053
1134 902 1392
1392 902 1134
902 1134 1392
727 131 1287
131 727 1287
1287 131 727
562 177 1225
1225 177 562
177 562 1225
1365 822 883
822 883 1365
883 822 1365
8 1075 1440
1440 8 1075
1075 8 1440
1131 749 1239
1239 749 1131
749 1131 1239
1191 172 1348
1348 172 1191
172 1191 1348
1304 12 789
12 789 1304
789 12 1304
1100 11 863
863 11 1100
11 863 1100
193 325 368
368 193 325
325 193 368
1469 524 803
803 524 1469
524 803 1469
100 351 1297
351 100 1297
1297 100 351
21 812 1312
812 21 1312
1312 21 812
1439 44 1353
44 1353 1439
1353 44 1439
450 357 837
357 450 837
837 357 450
283 588 1103
1103 283 588
588 283 1103
433 231 1359
1359 231 433
231 433 1359
1024 332 1402
1402 332 1024
332 1024 1402
1338 46 67
46 67 1338
67 46 1338
1367 1223 1423
1423 1223 1367
1223 1367 1423
904 92 1307
92 904 1307
1307 92 904
1296 235 1457
235 1296 1457
1457 235 1296
1432 3 906
3 906 1432
906 3 1432
95 667 1405
667 95 1405
1405 95 667
501 280 1334
1334 280 501
280 501 1334
1329 1121 1249
1121 1249 1329
1249 1121 1329
607 141 1097
1097 141 607
141 607 1097
363 839 847
839 363 847
847 363 839
366 62 192
62 192 366
192 62 366
922 50 651
50 651 922
651 50 922
577 652 1242
652 577 1242
1242 577 652
1015 818 1013
1013 818 1015
818 1013 1015
1415 521 1305
1305 521 1415
521 1305 1415
1327 169 484
169 484 1327
484 169 1327
217 341 624
624 217 341
341 217 624
438 441 1346
441 438 1346
1346 438 441
628 119 1420
119 628 1420
1420 119 628
340 492 1224
492 340 1224
1224 340 492
974 7 1061
7 974 1061
1061 7 974
96 1081 1345
1345 96 1081
1081 96 1345
911 200 506
506 200 911
200 506 911
518 134 1417
1417 134 518
134 518 1417
655 226 461
461 226 655
226 461 655
1164 603 1169
603 1164 1169
1169 603 1164
978 374 1311
374 978 1311
1311 374 978
566 71 955
71 566 955
955 71 566
287 47 975
975 47 287
47 287 975
336 77 934
934 77 336
77 336 934
741 314 806
806 314 741
314 741 806
443 582 1153
1153 443 582
582 443 1153
1470 2 485
2 485 1470
485 2 1470
159 124 1260
124 159 1260
1260 124 159
482 170 512
512 170 482
170 482 512
801 634 795
795 634 801
634 795 801
769 312 620
312 620 769
620 312 769
1442 408 1436
408 1436 1442
1436 408 1442
452 23 1352
1352 23 452
23 452 1352
892 487 897
897 487 892
487 892 897
707 890 1428
1428 707 890
890 707 1428
541 766 1325
766 541 1325
1325 541 766
300 421 1076
421 300 1076
1076 300 421
638 531 1492
1492 531 638
531 638 1492
1199 281 798
798 281 1199
281 798 1199
206 88 490
490 88 206
88 206 490
1106 436 1189
1189 436 1106
436 1106 1189
1046 945 951
945 951 1046
951 945 1046
1474 828 1339
1339 828 1474
828 1339 1474
900 637 980
980 637 900
637 900 980
410 371 1363
371 410 1363
1363 371 410
940 178 1135
178 940 1135
1135 178 940
1266 729 1344
729 1266 1344
1344 729 1266
1302 683 1188
1188 683 1302
683 1188 1302
1027 194 1500
1500 194 1027
194 1027 1500
1241 884 1424
884 1241 1424
1424 884 1241
222 252 1033
1033 222 252
252 222 1033
1337 760 1425
760 1337 1425
1425 760 1337
1332 579 1248
579 1248 1332
1248 579 1332
598 339 456
456 339 598
339 456 598
1222 595 1163
595 1163 1222
1163 595 1222
1377 621 1017
621 1017 1377
1017 621 1377
180 230 1107
1107 180 230
230 180 1107
1427 696 1127
1127 696 1427
696 1127 1427
886 509 706
706 509 886
509 706 886
338 218 663
218 338 663
663 218 338
804 319 375
375 319 804
319 375 804
