37407 18766 80433
18766 37407 80433
80433 18766 37407
114543 15047 46459
15047 46459 114543
46459 15047 114543
122247 23191 37857
23191 37857 122247
37857 23191 122247
58712 20501 102494
20501 58712 102494
102494 20501 58712
59945 138453 143438
138453 59945 143438
143438 59945 138453
24224 63264 122073
122073 24224 63264
63264 24224 122073
50452 8943 68857
8943 50452 68857
68857 8943 50452
133190 98739 145811
98739 133190 145811
145811 98739 133190
124447 8824 110265
110265 8824 124447
8824 110265 124447
113450 68875 77712
77712 68875 113450
68875 77712 113450
69348 79269 112821
112821 69348 79269
79269 69348 112821
78246 109763 135654
135654 78246 109763
109763 78246 135654
27030 3699 146251
3699 27030 146251
146251 3699 27030
136170 11823 145835
11823 136170 145835
145835 11823 136170
75293 53773 56988
53773 56988 75293
56988 53773 75293
61719 11944 48682
48682 11944 61719
11944 48682 61719
9871 9087 39724
9087 9871 39724
39724 9087 9871
14541 62055 73035
73035 14541 62055
62055 14541 73035
103143 39221 90480
90480 39221 103143
39221 90480 103143
33388 58918 138381
58918 33388 138381
138381 33388 58918
78113 29542 35379
35379 29542 78113
29542 35379 78113
28205 16670 81011
81011 16670 28205
16670 28205 81011
23358 103160 140235
140235 23358 103160
103160 23358 140235
78848 12092 147194
12092 78848 147194
147194 12092 78848
65092 46651 61461
46651 61461 65092
61461 46651 65092
37783 25275 141684
25275 37783 141684
141684 25275 37783
75731 45062 113292
113292 45062 75731
45062 75731 113292
99900 18172 71444
71444 18172 99900
18172 71444 99900
8308 4207 118856
4207 8308 118856
118856 4207 8308
107177 96713 127922
127922 96713 107177
96713 107177 127922
145135 17885 98568
17885 98568 145135
98568 17885 145135
137678 23555 104714
23555 104714 137678
104714 23555 137678
95822 86701 100769
86701 95822 100769
100769 86701 95822
142285 1704 95030
95030 1704 142285
1704 95030 142285
70302 57486 146266
57486 70302 146266
146266 57486 70302
96530 20054 103942
20054 96530 103942
103942 20054 96530
145176 11774 118675
11774 118675 145176
118675 11774 145176
107110 126188 149651
126188 107110 149651
149651 107110 126188
94409 108663 113762
108663 94409 113762
113762 94409 108663
33662 53005 149344
53005 33662 149344
149344 33662 53005
108169 20881 147327
147327 20881 108169
20881 108169 147327
146094 104533 105657
104533 105657 146094
105657 104533 146094
45915 52023 115583
52023 45915 115583
115583 45915 52023
65050 4026 117324
4026 65050 117324
117324 4026 65050
47832 63381 133203
133203 47832 63381
63381 47832 133203
48239 66981 120428
66981 48239 120428
120428 48239 66981
85921 21526 48515
21526 48515 85921
48515 21526 85921
2280 72544 100995
72544 2280 100995
100995 2280 72544
137538 105847 114781
105847 114781 137538
114781 105847 137538
142899 36842 94251
94251 36842 142899
36842 94251 142899
92815 86064 120438
86064 92815 120438
120438 86064 92815
1450 59904 145220
59904 1450 145220
145220 1450 59904
77070 118182 149903
118182 77070 149903
149903 77070 118182
43852 15855 53940
15855 43852 53940
53940 15855 43852
90706 31995 117274
31995 90706 117274
117274 31995 90706
38846 22699 36253
36253 22699 38846
22699 36253 38846
121911 27918 71378
27918 71378 121911
71378 27918 121911
146863 93075 113794
113794 93075 146863
93075 113794 146863
128335 5640 136950
136950 5640 128335
5640 128335 136950
39807 14779 87652
87652 14779 39807
14779 39807 87652
132712 11442 91364
91364 11442 132712
11442 91364 132712
23499 108736 143442
143442 23499 108736
108736 23499 143442
142482 46687 62112
62112 46687 142482
46687 62112 142482
88595 19104 75073
19104 75073 88595
75073 19104 88595
41549 32212 39661
32212 39661 41549
39661 32212 41549
86226 39889 48034
39889 48034 86226
48034 39889 86226
123940 3305 119783
119783 3305 123940
3305 119783 123940
62319 42195 56850
42195 56850 62319
56850 42195 62319
104420 22937 44520
22937 44520 104420
44520 22937 104420
66027 35408 86976
35408 66027 86976
86976 35408 66027
7377 32429 109003
32429 7377 109003
109003 7377 32429
78588 14207 89740
89740 14207 78588
14207 78588 89740
97616 27780 93665
93665 27780 97616
27780 93665 97616
28280 60883 149882
60883 28280 149882
149882 28280 60883
71653 84770 132561
84770 71653 132561
132561 71653 84770
92243 9661 20407
20407 9661 92243
9661 20407 92243
112299 10884 25250
10884 25250 112299
25250 10884 112299
122287 26406 115685
26406 115685 122287
115685 26406 122287
135810 4401 46140
4401 46140 135810
46140 4401 135810
131578 51460 119341
119341 51460 131578
51460 119341 131578
36148 3534 105721
105721 3534 36148
3534 36148 105721
71251 39309 47545
47545 39309 71251
39309 47545 71251
36555 80708 85431
80708 36555 85431
85431 36555 80708
104959 46867 114574
114574 46867 104959
46867 104959 114574
91180 13482 101591
101591 13482 91180
13482 91180 101591
109105 102194 128822
128822 102194 109105
102194 109105 128822
74276 74740 102185
74740 74276 102185
102185 74276 74740
71896 72381 129948
129948 71896 72381
72381 71896 129948
126321 12406 115630
12406 115630 126321
115630 12406 126321
139614 120220 133282
133282 120220 139614
120220 133282 139614
31467 7921 11492
11492 7921 31467
7921 11492 31467
35603 28940 43097
43097 28940 35603
28940 35603 43097
74079 70517 98803
70517 74079 98803
98803 70517 74079
116990 83961 99302
99302 83961 116990
83961 99302 116990
132722 1192 19685
19685 1192 132722
1192 19685 132722
96554 38629 43641
38629 43641 96554
43641 38629 96554
96582 94134 111180
111180 94134 96582
94134 96582 111180
49218 50208 50323
50323 49218 50208
50208 49218 50323
7269 87765 102505
102505 7269 87765
87765 7269 102505
134327 20621 114555
114555 20621 134327
20621 114555 134327
10480 111256 115196
111256 10480 115196
115196 10480 111256
96786 74983 144968
144968 74983 96786
74983 96786 144968
96112 39515 75774
39515 75774 96112
75774 39515 96112
42800 29501 122832
122832 29501 42800
29501 42800 122832
130003 84347 133525
84347 130003 133525
133525 84347 130003
49158 69520 99902
99902 49158 69520
69520 49158 99902
149557 5601 48240
5601 48240 149557
48240 5601 149557
16331 6198 25901
6198 16331 25901
25901 6198 16331
39205 41310 42849
42849 39205 41310
41310 39205 42849
32811 118746 138923
138923 32811 118746
118746 32811 138923
148587 61506 134226
134226 61506 148587
61506 134226 148587
106558 104682 124679
104682 106558 124679
124679 104682 106558
18668 111316 137400
111316 18668 137400
137400 18668 111316
111646 46707 124517
124517 46707 111646
46707 111646 124517
54700 920 68934
68934 920 54700
920 54700 68934
51298 48261 121051
48261 51298 121051
121051 48261 51298
13467 96445 130271
96445 13467 130271
130271 13467 96445
80021 67548 69598
69598 67548 80021
67548 69598 80021
36557 4686 126052
126052 4686 36557
4686 36557 126052
115771 144243 146805
144243 115771 146805
146805 115771 144243
149691 57799 94328
57799 94328 149691
94328 57799 149691
119127 59102 70264
59102 70264 119127
70264 59102 119127
26396 14393 64073
64073 14393 26396
14393 26396 64073
58247 30515 117272
30515 58247 117272
117272 30515 58247
41323 37047 69168
69168 37047 41323
37047 41323 69168
148314 8153 13909
13909 8153 148314
8153 13909 148314
53511 99414 128974
128974 53511 99414
99414 53511 128974
36924 42427 111115
111115 36924 42427
42427 36924 111115
146308 119759 122437
119759 122437 146308
122437 119759 146308
33892 105862 126110
126110 33892 105862
105862 33892 126110
116254 108448 126560
108448 116254 126560
126560 108448 116254
49352 26642 101393
101393 26642 49352
26642 49352 101393
135090 20915 109484
20915 109484 135090
109484 20915 135090
130204 2569 128910
128910 2569 130204
2569 128910 130204
21472 23831 28505
23831 21472 28505
28505 21472 23831
128280 126330 130950
126330 128280 130950
130950 126330 128280
22785 14978 82519
14978 22785 82519
82519 14978 22785
61359 86527 104908
104908 61359 86527
86527 61359 104908
138019 69297 120704
120704 69297 138019
69297 120704 138019
73757 95591 121831
121831 73757 95591
95591 73757 121831
85010 25346 91253
91253 25346 85010
25346 85010 91253
121527 1687 104875
104875 1687 121527
1687 104875 121527
62058 46959 116838
116838 46959 62058
46959 62058 116838
34755 15095 92254
92254 15095 34755
15095 34755 92254
146622 7403 28741
28741 7403 146622
7403 28741 146622
62712 57620 107542
107542 57620 62712
57620 62712 107542
45341 1953 53953
1953 45341 53953
53953 1953 45341
8146 128187 132606
132606 8146 128187
128187 8146 132606
100320 73528 126243
73528 100320 126243
126243 73528 100320
76754 8300 32513
8300 32513 76754
32513 8300 76754
123206 100335 126169
100335 123206 126169
126169 100335 123206
119885 15436 58601
15436 58601 119885
58601 15436 119885
67597 26380 146247
146247 26380 67597
26380 67597 146247
6220 6424 98910
98910 6220 6424
6424 6220 98910
44551 22151 143094
143094 22151 44551
22151 44551 143094
44878 20512 104163
104163 20512 44878
20512 44878 104163
60444 83480 134247
83480 60444 134247
134247 60444 83480
19777 74183 102355
74183 19777 102355
102355 19777 74183
86917 36049 59679
59679 36049 86917
36049 59679 86917
10746 105264 113523
105264 10746 113523
113523 10746 105264
84188 24765 27165
24765 27165 84188
27165 24765 84188
115964 87686 130110
130110 87686 115964
87686 115964 130110
56297 10101 11098
11098 10101 56297
10101 11098 56297
75640 19110 61622
19110 61622 75640
61622 19110 75640
82565 93676 101831
101831 82565 93676
93676 82565 101831
27714 32858 100907
32858 27714 100907
100907 27714 32858
19359 98381 133015
133015 19359 98381
98381 19359 133015
7735 24011 83342
24011 7735 83342
83342 7735 24011
69472 100643 121292
121292 69472 100643
100643 69472 121292
12697 6738 42089
42089 6738 12697
6738 12697 42089
26906 1146 95414
1146 26906 95414
95414 1146 26906
54653 68010 125534
125534 54653 68010
68010 54653 125534
102660 80950 130834
80950 102660 130834
130834 80950 102660
75126 83918 136903
136903 75126 83918
83918 75126 136903
9332 21492 112748
112748 9332 21492
21492 9332 112748
82438 27446 30744
30744 27446 82438
27446 30744 82438
36310 59540 75165
59540 36310 75165
75165 36310 59540
33717 8349 16149
8349 16149 33717
16149 8349 33717
39380 77248 116821
77248 39380 116821
116821 39380 77248
55592 10801 71781
10801 55592 71781
71781 10801 55592
4775 128371 139559
139559 4775 128371
128371 4775 139559
113284 30885 122921
30885 113284 122921
122921 30885 113284
131985 3490 27497
27497 3490 131985
3490 27497 131985
54406 3712 39984
3712 39984 54406
39984 3712 54406
81866 4158 137572
137572 4158 81866
4158 81866 137572
63545 397 49485
397 49485 63545
49485 397 63545
26280 20039 74515
20039 26280 74515
74515 20039 26280
5203 41106 144509
144509 5203 41106
41106 5203 144509
100896 39451 116795
39451 100896 116795
116795 39451 100896
97914 35 138957
35 97914 138957
138957 35 97914
134442 47202 147281
147281 47202 134442
47202 134442 147281
42605 72600 89208
89208 42605 72600
72600 42605 89208
117109 53222 92579
53222 92579 117109
92579 53222 117109
27815 109054 141423
141423 27815 109054
109054 27815 141423
2145 94194 144647
94194 2145 144647
144647 2145 94194
137196 50011 114380
114380 50011 137196
50011 114380 137196
46597 15805 39433
15805 39433 46597
39433 15805 46597
99 17810 35089
35089 99 17810
17810 99 35089
524 69303 94386
69303 524 94386
94386 524 69303
7765 3367 13030
13030 3367 7765
3367 7765 13030
14656 24959 52796
52796 14656 24959
24959 14656 52796
38233 20954 138143
138143 20954 38233
20954 38233 138143
66569 71814 111683
71814 66569 111683
111683 66569 71814
32884 48642 89295
48642 32884 89295
89295 32884 48642
34068 31343 77844
77844 31343 34068
31343 34068 77844
144707 2647 52202
2647 52202 144707
52202 2647 144707
121581 15263 129520
15263 121581 129520
129520 15263 121581
4827 46815 91266
91266 4827 46815
46815 4827 91266
110642 13008 115207
13008 110642 115207
115207 13008 110642
147734 111758 122427
122427 111758 147734
111758 122427 147734
105335 77550 96056
77550 96056 105335
96056 77550 105335
25497 61688 63786
63786 25497 61688
61688 25497 63786
130742 875 98331
98331 875 130742
875 98331 130742
59603 41863 135064
41863 59603 135064
135064 41863 59603
29003 56481 61249
61249 29003 56481
56481 29003 61249
110377 103027 112115
103027 110377 112115
112115 103027 110377
15999 50588 53972
50588 15999 53972
53972 15999 50588
11983 89024 125143
89024 11983 125143
125143 11983 89024
29990 25356 52380
52380 25356 29990
25356 29990 52380
95547 13078 35166
13078 35166 95547
35166 13078 95547
82576 52521 144657
144657 52521 82576
52521 82576 144657
123145 25614 73223
73223 25614 123145
25614 73223 123145
76491 63006 117101
117101 63006 76491
63006 76491 117101
131589 8686 41306
41306 8686 131589
8686 41306 131589
19737 5888 68797
5888 19737 68797
68797 5888 19737
98686 64905 118100
64905 98686 118100
118100 64905 98686
117661 14327 42673
42673 14327 117661
14327 42673 117661
102820 81881 122963
122963 81881 102820
81881 102820 122963
111236 45672 105441
45672 105441 111236
105441 45672 111236
106016 130356 144439
144439 106016 130356
130356 106016 144439
34693 11601 55255
11601 34693 55255
55255 11601 34693
8759 12907 20237
12907 8759 20237
20237 8759 12907
134041 28479 108263
108263 28479 134041
28479 108263 134041
58737 30724 91519
30724 58737 91519
91519 30724 58737
141705 61358 70967
61358 70967 141705
70967 61358 141705
115209 16901 45957
16901 45957 115209
45957 16901 115209
120633 47841 98777
98777 47841 120633
47841 98777 120633
110227 67491 125575
125575 67491 110227
67491 110227 125575
58536 34853 77391
77391 34853 58536
34853 58536 77391
119318 14595 39453
14595 39453 119318
39453 14595 119318
116264 85794 87889
87889 85794 116264
85794 87889 116264
8051 80175 91214
80175 8051 91214
91214 8051 80175
92292 11064 68461
68461 11064 92292
11064 68461 92292
122009 27421 45177
27421 45177 122009
45177 27421 122009
30358 38776 123255
38776 30358 123255
123255 30358 38776
116803 30295 145262
145262 30295 116803
30295 116803 145262
14099 81041 137564
137564 14099 81041
81041 14099 137564
104546 15879 93789
93789 15879 104546
15879 93789 104546
83241 27004 92826
92826 27004 83241
27004 83241 92826
25220 20184 77227
77227 20184 25220
20184 25220 77227
44999 18660 102446
18660 44999 102446
102446 18660 44999
30829 3836 61911
61911 3836 30829
3836 30829 61911
60643 38886 69473
69473 38886 60643
38886 60643 69473
40838 35836 84029
35836 40838 84029
84029 35836 40838
19462 48446 96620
96620 19462 48446
48446 19462 96620
8322 47931 102648
102648 8322 47931
47931 8322 102648
67172 83640 131297
131297 67172 83640
83640 67172 131297
104812 86057 142783
86057 104812 142783
142783 86057 104812
5129 116152 145394
116152 5129 145394
145394 5129 116152
19730 2365 125997
125997 2365 19730
2365 19730 125997
88448 70510 140794
70510 88448 140794
140794 70510 88448
138785 95555 110491
95555 110491 138785
110491 95555 138785
27345 63195 104740
63195 27345 104740
104740 27345 63195
41682 42785 84767
42785 41682 84767
84767 41682 42785
35270 58722 105688
58722 35270 105688
105688 35270 58722
119534 101563 132298
101563 119534 132298
132298 101563 119534
44560 76275 85375
85375 44560 76275
76275 44560 85375
126840 21543 91484
21543 91484 126840
91484 21543 126840
45058 49080 106579
106579 45058 49080
49080 45058 106579
25973 2465 36923
36923 2465 25973
2465 25973 36923
40442 79771 115487
115487 40442 79771
79771 40442 115487
50247 29269 104769
104769 29269 50247
29269 50247 104769
9489 100576 146034
100576 9489 146034
146034 9489 100576
143457 74177 84730
84730 74177 143457
74177 84730 143457
106312 7219 82940
82940 7219 106312
7219 82940 106312
132378 113935 142156
113935 132378 142156
142156 113935 132378
86908 96484 135570
135570 86908 96484
96484 86908 135570
47177 15220 22068
22068 15220 47177
15220 22068 47177
135051 135303 146015
135303 135051 146015
146015 135051 135303
104768 47342 108485
108485 47342 104768
47342 104768 108485
106822 65584 77943
65584 77943 106822
77943 65584 106822
16060 18119 69263
18119 16060 69263
69263 16060 18119
8196 55751 148970
148970 8196 55751
55751 8196 148970
23448 46770 148492
148492 23448 46770
46770 23448 148492
93458 124652 132741
132741 93458 124652
124652 93458 132741
121136 13788 50916
13788 50916 121136
50916 13788 121136
92841 99437 119269
119269 92841 99437
99437 92841 119269
139046 103781 139058
139058 103781 139046
103781 139046 139058
31616 51000 52694
52694 31616 51000
51000 31616 52694
13864 13472 63133
13472 13864 63133
63133 13472 13864
58423 23406 57103
23406 57103 58423
57103 23406 58423
136689 48883 143065
48883 136689 143065
143065 48883 136689
113635 88687 139746
139746 88687 113635
88687 113635 139746
75970 7283 10303
7283 10303 75970
10303 7283 75970
120617 38505 128800
38505 120617 128800
128800 38505 120617
63729 75822 95177
95177 63729 75822
75822 63729 95177
70104 5954 53910
53910 5954 70104
5954 53910 70104
90731 6506 131623
6506 90731 131623
131623 6506 90731
27827 89093 127015
89093 27827 127015
127015 27827 89093
142113 1544 23270
23270 1544 142113
1544 23270 142113
64231 123778 145574
145574 64231 123778
123778 64231 145574
80841 62107 82401
82401 62107 80841
62107 80841 82401
88259 35718 44394
35718 44394 88259
44394 35718 88259
60470 45129 82008
45129 60470 82008
82008 45129 60470
17979 100272 111541
100272 17979 111541
111541 17979 100272
35738 44289 101388
44289 35738 101388
101388 35738 44289
90124 34862 84892
84892 34862 90124
34862 84892 90124
52932 118882 120069
118882 52932 120069
120069 52932 118882
116213 56383 111438
56383 111438 116213
111438 56383 116213
59854 10640 44539
44539 10640 59854
10640 44539 59854
126738 114498 128485
128485 114498 126738
114498 126738 128485
8252 63796 110321
110321 8252 63796
63796 8252 110321
73518 87499 100749
87499 73518 100749
100749 73518 87499
22297 66863 132253
66863 22297 132253
132253 22297 66863
5979 73123 139292
139292 5979 73123
73123 5979 139292
89753 26251 59532
59532 26251 89753
26251 59532 89753
51362 5920 13914
5920 13914 51362
13914 5920 51362
143568 44715 61940
61940 44715 143568
44715 61940 143568
80150 40485 111337
111337 40485 80150
40485 80150 111337
109926 115509 144424
144424 109926 115509
115509 109926 144424
139169 39901 127593
39901 127593 139169
127593 39901 139169
121714 76033 125509
76033 121714 125509
125509 76033 121714
366 82956 124851
82956 366 124851
124851 366 82956
51355 16457 35129
35129 16457 51355
16457 35129 51355
20323 90586 103583
103583 20323 90586
90586 20323 103583
22196 49983 102874
102874 22196 49983
49983 22196 102874
41694 66461 147172
66461 41694 147172
147172 41694 66461
85094 29730 61636
29730 61636 85094
61636 29730 85094
117139 24081 73044
73044 24081 117139
24081 73044 117139
132962 2783 96725
96725 2783 132962
2783 96725 132962
19955 76972 140104
140104 19955 76972
76972 19955 140104
85436 15373 62864
62864 15373 85436
15373 62864 85436
43626 75772 82194
82194 43626 75772
75772 43626 82194
125325 51409 95009
95009 51409 125325
51409 95009 125325
95195 87514 115258
115258 87514 95195
87514 95195 115258
119719 114825 118527
114825 118527 119719
118527 114825 119719
123798 31156 141179
141179 31156 123798
31156 123798 141179
128126 132074 142763
132074 128126 142763
142763 128126 132074
6941 81132 124155
81132 6941 124155
124155 6941 81132
143615 102785 139768
139768 102785 143615
102785 139768 143615
11945 54058 117572
117572 11945 54058
54058 11945 117572
72576 55736 109116
55736 72576 109116
109116 55736 72576
94270 73842 113698
73842 94270 113698
113698 73842 94270
123415 56317 128020
56317 123415 128020
128020 56317 123415
71067 65599 116890
116890 65599 71067
65599 71067 116890
118750 15810 83673
15810 83673 118750
83673 15810 118750
64306 20618 24486
24486 20618 64306
20618 24486 64306
142010 38079 72838
72838 38079 142010
38079 72838 142010
60015 17220 126510
126510 17220 60015
17220 60015 126510
18598 135632 145046
135632 18598 145046
145046 18598 135632
38466 70645 100864
100864 38466 70645
70645 38466 100864
92599 760 139881
139881 760 92599
760 92599 139881
78446 73393 139845
73393 78446 139845
139845 73393 78446
131954 40852 129498
129498 40852 131954
40852 129498 131954
75806 27650 63907
27650 63907 75806
63907 27650 75806
137371 2555 125063
2555 125063 137371
125063 2555 137371
90114 103450 105444
103450 90114 105444
105444 90114 103450
56593 63503 148847
63503 56593 148847
148847 56593 63503
116175 2370 9446
9446 2370 116175
2370 9446 116175
63257 32808 135466
135466 32808 63257
32808 63257 135466
116625 3761 32232
3761 32232 116625
32232 3761 116625
138750 11308 88831
88831 11308 138750
11308 88831 138750
70440 60581 92698
92698 60581 70440
60581 70440 92698
105564 2102 34437
34437 2102 105564
2102 34437 105564
65334 29216 31220
31220 29216 65334
29216 31220 65334
131764 1796 105391
1796 105391 131764
105391 1796 131764
19886 17864 75332
17864 19886 75332
75332 17864 19886
66266 55078 119120
55078 66266 119120
119120 55078 66266
77129 94963 110795
94963 77129 110795
110795 77129 94963
12766 20130 106331
106331 12766 20130
20130 12766 106331
3606 101825 121157
101825 3606 121157
121157 3606 101825
10349 103691 135185
103691 10349 135185
135185 10349 103691
146626 4543 137250
137250 4543 146626
4543 137250 146626
109636 50049 89238
50049 89238 109636
89238 50049 109636
108121 75816 136063
136063 75816 108121
75816 108121 136063
47500 119150 145240
145240 47500 119150
119150 47500 145240
134216 71363 132926
71363 132926 134216
132926 71363 134216
94980 111863 138699
111863 94980 138699
138699 94980 111863
137502 35707 37618
37618 35707 137502
35707 37618 137502
82078 137388 137993
137993 82078 137388
137388 82078 137993
85868 4134 140361
4134 85868 140361
140361 4134 85868
9573 68440 111003
111003 9573 68440
68440 9573 111003
148911 74857 100491
74857 100491 148911
100491 74857 148911
87038 119153 138763
119153 87038 138763
138763 87038 119153
110435 51839 78969
78969 51839 110435
51839 78969 110435
40243 7836 120496
120496 7836 40243
7836 40243 120496
141484 59471 134766
134766 59471 141484
59471 134766 141484
104771 30733 98566
98566 30733 104771
30733 98566 104771
44370 59072 135675
135675 44370 59072
59072 44370 135675
125889 65572 104148
65572 104148 125889
104148 65572 125889
21514 65475 96378
65475 21514 96378
96378 21514 65475
65415 71798 142978
142978 65415 71798
71798 65415 142978
143753 125412 148857
148857 125412 143753
125412 143753 148857
15149 41170 141488
41170 15149 141488
141488 15149 41170
70870 68879 128159
128159 68879 70870
68879 70870 128159
1173 15005 47016
47016 1173 15005
15005 1173 47016
49196 61863 141100
141100 49196 61863
61863 49196 141100
109348 67595 76392
67595 76392 109348
76392 67595 109348
53232 87138 139673
139673 53232 87138
87138 53232 139673
15003 54355 81710
54355 15003 81710
81710 15003 54355
105635 3862 100252
100252 3862 105635
3862 100252 105635
90043 65265 147085
147085 65265 90043
65265 90043 147085
141841 16752 130102
130102 16752 141841
16752 130102 141841
52367 2199 102593
2199 52367 102593
102593 2199 52367
110510 1638 50151
1638 50151 110510
50151 1638 110510
140237 26671 73541
73541 26671 140237
26671 73541 140237
115063 3228 56731
56731 3228 115063
3228 56731 115063
139276 62080 146440
62080 139276 146440
146440 62080 139276
52403 43725 102846
102846 43725 52403
43725 52403 102846
48098 64694 117404
117404 48098 64694
64694 48098 117404
94139 21418 74715
21418 74715 94139
74715 21418 94139
57002 24525 57520
24525 57002 57520
57520 24525 57002
108957 26730 135672
135672 26730 108957
26730 108957 135672
20030 112610 121143
121143 20030 112610
112610 20030 121143
114854 90877 116958
116958 90877 114854
90877 114854 116958
77139 108685 127606
127606 77139 108685
108685 77139 127606
148474 772 91792
772 91792 148474
91792 772 148474
123977 43091 57258
57258 43091 123977
43091 57258 123977
69228 25377 142741
142741 25377 69228
25377 69228 142741
22294 3890 111088
111088 3890 22294
3890 22294 111088
142206 51681 88283
51681 88283 142206
88283 51681 142206
139811 13559 50976
50976 13559 139811
13559 50976 139811
136939 96275 143624
96275 136939 143624
143624 96275 136939
125086 85367 127160
127160 85367 125086
85367 125086 127160
12272 131928 146959
131928 12272 146959
146959 12272 131928
35077 55603 81974
81974 35077 55603
55603 35077 81974
140091 55875 124647
55875 124647 140091
124647 55875 140091
113266 70826 141033
70826 113266 141033
141033 70826 113266
22183 54571 70064
54571 22183 70064
70064 22183 54571
129951 118881 147411
147411 118881 129951
118881 129951 147411
15343 60281 133460
60281 15343 133460
133460 15343 60281
127754 9686 108134
9686 108134 127754
108134 9686 127754
136078 22208 133416
133416 22208 136078
22208 133416 136078
24819 62073 79951
79951 24819 62073
62073 24819 79951
14988 5227 61042
5227 14988 61042
61042 5227 14988
81008 38847 134358
134358 38847 81008
38847 81008 134358
43742 118178 137774
118178 43742 137774
137774 43742 118178
31395 63278 75055
75055 31395 63278
63278 31395 75055
115553 59717 84692
59717 84692 115553
84692 59717 115553
140480 57898 119670
57898 119670 140480
119670 57898 140480
71235 26388 148530
148530 26388 71235
26388 71235 148530
120287 79397 95333
79397 95333 120287
95333 79397 120287
148294 32655 54304
32655 54304 148294
54304 32655 148294
68702 37952 82257
82257 37952 68702
37952 68702 82257
51035 39213 61632
61632 39213 51035
39213 51035 61632
47330 20791 94338
94338 20791 47330
20791 47330 94338
34856 38747 123789
38747 34856 123789
123789 34856 38747
61416 20344 133012
20344 61416 133012
133012 20344 61416
94744 106019 126220
106019 94744 126220
126220 94744 106019
80415 2931 37269
2931 37269 80415
37269 2931 80415
14584 45996 89369
45996 14584 89369
89369 14584 45996
2202 47854 76719
76719 2202 47854
47854 2202 76719
11355 25386 139481
25386 11355 139481
139481 11355 25386
13309 11488 118119
11488 13309 118119
118119 11488 13309
84879 11357 143416
11357 84879 143416
143416 11357 84879
8643 87495 147886
147886 8643 87495
87495 8643 147886
111471 9460 119206
119206 9460 111471
9460 111471 119206
72686 55821 146354
55821 72686 146354
146354 55821 72686
16446 101666 113470
113470 16446 101666
101666 16446 113470
69315 129427 132438
132438 69315 129427
129427 69315 132438
40830 17119 116647
116647 17119 40830
17119 40830 116647
144145 93099 97557
97557 93099 144145
93099 97557 144145
42243 51175 97284
51175 42243 97284
97284 42243 51175
14429 56015 65754
65754 14429 56015
56015 14429 65754
45008 106258 108487
106258 45008 108487
108487 45008 106258
101643 64523 128736
64523 101643 128736
128736 64523 101643
115092 124810 141824
141824 115092 124810
124810 115092 141824
38685 75720 97071
97071 38685 75720
75720 38685 97071
85234 25569 148672
25569 85234 148672
148672 25569 85234
27352 59840 86083
86083 27352 59840
59840 27352 86083
96328 112119 113561
112119 96328 113561
113561 96328 112119
128065 110425 116936
110425 116936 128065
116936 110425 128065
76462 66449 97808
66449 76462 97808
97808 66449 76462
34748 33147 147322
147322 33147 34748
33147 34748 147322
1502 50743 68072
50743 1502 68072
68072 1502 50743
95748 3865 124313
3865 95748 124313
124313 3865 95748
10119 35338 74866
74866 10119 35338
35338 10119 74866
22832 115233 141406
141406 22832 115233
115233 22832 141406
71124 37933 107071
37933 71124 107071
107071 37933 71124
147968 27595 66977
27595 66977 147968
66977 27595 147968
58757 18734 66721
18734 58757 66721
66721 18734 58757
134798 69831 100547
100547 69831 134798
69831 100547 134798
113683 73552 146183
73552 113683 146183
146183 73552 113683
67443 19193 46395
19193 46395 67443
46395 19193 67443
82555 111942 134846
134846 82555 111942
111942 82555 134846
72803 64464 108493
108493 64464 72803
64464 72803 108493
114961 37343 71184
71184 37343 114961
37343 71184 114961
30510 41174 126980
41174 30510 126980
126980 30510 41174
83202 112399 127792
112399 83202 127792
127792 83202 112399
11723 65905 101187
65905 11723 101187
101187 11723 65905
22991 62989 69004
62989 22991 69004
69004 22991 62989
13350 29288 135606
135606 13350 29288
29288 13350 135606
112689 140127 143445
143445 112689 140127
140127 112689 143445
116337 73933 131449
73933 116337 131449
131449 73933 116337
33392 62595 125931
125931 33392 62595
62595 33392 125931
97492 22443 40440
40440 22443 97492
22443 40440 97492
129043 50695 98494
50695 98494 129043
98494 50695 129043
122021 5408 68936
5408 68936 122021
68936 5408 122021
34859 57533 145917
145917 34859 57533
57533 34859 145917
100451 75351 111171
111171 75351 100451
75351 100451 111171
2356 33784 74242
33784 2356 74242
74242 2356 33784
148797 14545 130965
14545 130965 148797
130965 14545 148797
49473 9263 134866
134866 9263 49473
9263 49473 134866
75637 33978 35351
33978 35351 75637
35351 33978 75637
62069 45004 53924
53924 45004 62069
45004 53924 62069
98349 36427 65563
65563 36427 98349
36427 65563 98349
4539 119545 121987
121987 4539 119545
119545 4539 121987
147943 80939 102312
102312 80939 147943
80939 102312 147943
19015 46610 93564
46610 19015 93564
93564 19015 46610
59627 78306 98243
98243 59627 78306
78306 59627 98243
59184 69923 104005
69923 59184 104005
104005 59184 69923
35632 43210 79534
43210 35632 79534
79534 35632 43210
104235 50241 129211
50241 104235 129211
129211 50241 104235
22117 13183 115921
115921 13183 22117
13183 22117 115921
18153 64948 143351
143351 18153 64948
64948 18153 143351
110109 32894 120550
32894 110109 120550
120550 32894 110109
89340 52640 121031
52640 89340 121031
121031 52640 89340
101531 77828 80191
80191 77828 101531
77828 80191 101531
10083 6690 81228
6690 10083 81228
81228 6690 10083
60140 27326 34969
27326 34969 60140
34969 27326 60140
91686 101629 102901
101629 91686 102901
102901 91686 101629
114984 60547 142533
60547 114984 142533
142533 60547 114984
46427 23729 96663
96663 23729 46427
23729 46427 96663
22378 34913 82685
34913 22378 82685
82685 22378 34913
17589 83525 112906
112906 17589 83525
83525 17589 112906
88686 33341 44181
44181 33341 88686
33341 44181 88686
135834 120130 125949
125949 120130 135834
120130 125949 135834
8208 30353 98067
98067 8208 30353
30353 8208 98067
19047 26947 91932
91932 19047 26947
26947 19047 91932
13262 97210 117216
97210 13262 117216
117216 13262 97210
148405 51833 66743
66743 51833 148405
51833 66743 148405
40488 118616 122936
118616 40488 122936
122936 40488 118616
13976 47399 77279
77279 13976 47399
47399 13976 77279
25998 78946 101832
78946 25998 101832
101832 25998 78946
131524 54453 68638
54453 68638 131524
68638 54453 131524
59178 30213 76590
30213 59178 76590
76590 30213 59178
8715 19279 110869
110869 8715 19279
19279 8715 110869
97336 28180 122232
28180 97336 122232
122232 28180 97336
149108 63805 66197
66197 63805 149108
63805 66197 149108
73784 29106 71527
71527 29106 73784
29106 71527 73784
26769 79671 86661
79671 26769 86661
86661 26769 79671
102448 65246 84888
65246 84888 102448
84888 65246 102448
34458 52193 79928
52193 34458 79928
79928 34458 52193
101320 97655 120103
97655 101320 120103
120103 97655 101320
1594 58279 107468
58279 1594 107468
107468 1594 58279
21752 99792 145906
99792 21752 145906
145906 21752 99792
356 189 12388
12388 189 356
189 356 12388
78370 43022 115806
115806 43022 78370
43022 78370 115806
117541 124474 144979
124474 117541 144979
144979 117541 124474
60942 14340 47047
47047 14340 60942
14340 47047 60942
43683 73207 80249
73207 43683 80249
80249 43683 73207
143433 109694 131744
131744 109694 143433
109694 131744 143433
47888 57079 92768
57079 47888 92768
92768 47888 57079
103971 12486 88638
88638 12486 103971
12486 88638 103971
106098 67526 134877
67526 106098 134877
134877 67526 106098
64094 83765 126633
126633 64094 83765
83765 64094 126633
122282 76085 82171
82171 76085 122282
76085 82171 122282
97478 77240 145272
145272 77240 97478
77240 97478 145272
132346 106215 115658
106215 115658 132346
115658 106215 132346
80300 92228 137349
92228 80300 137349
137349 80300 92228
62753 45200 97782
45200 62753 97782
97782 45200 62753
12239 43881 106732
106732 12239 43881
43881 12239 106732
50730 37501 141065
141065 37501 50730
37501 50730 141065
59991 71609 124516
124516 59991 71609
71609 59991 124516
15229 95145 97783
97783 15229 95145
95145 15229 97783
35459 3034 137940
3034 35459 137940
137940 3034 35459
84711 432 116083
432 84711 116083
116083 432 84711
114886 4538 103288
103288 4538 114886
4538 103288 114886
45830 58892 105099
58892 45830 105099
105099 45830 58892
99426 19488 37896
37896 19488 99426
19488 37896 99426
19578 122492 128826
122492 19578 128826
128826 19578 122492
20462 6532 136332
136332 6532 20462
6532 20462 136332
47936 109371 148024
109371 47936 148024
148024 47936 109371
83932 24143 113790
113790 24143 83932
24143 83932 113790
408 4173 44983
44983 408 4173
4173 408 44983
97801 8537 81379
81379 8537 97801
8537 81379 97801
57773 13555 133326
133326 13555 57773
13555 57773 133326
5320 23372 98458
23372 5320 98458
98458 5320 23372
42938 56692 124885
124885 42938 56692
56692 42938 124885
97333 57211 90743
90743 57211 97333
57211 90743 97333
30832 15986 70747
70747 15986 30832
15986 30832 70747
37020 42668 71873
42668 37020 71873
71873 37020 42668
99547 90630 134355
90630 99547 134355
134355 90630 99547
46668 98035 149970
149970 46668 98035
98035 46668 149970
61418 43019 58914
58914 43019 61418
43019 58914 61418
136214 70188 73099
73099 70188 136214
70188 73099 136214
109378 5245 64813
5245 64813 109378
64813 5245 109378
61734 79421 147296
147296 61734 79421
79421 61734 147296
145238 45411 104174
45411 104174 145238
104174 45411 145238
141730 63943 101747
63943 101747 141730
101747 63943 141730
23834 31657 142411
142411 23834 31657
31657 23834 142411
30387 1175 114268
114268 1175 30387
1175 30387 114268
50250 139028 142047
139028 50250 142047
142047 50250 139028
40650 14344 78358
78358 14344 40650
14344 40650 78358
69768 76349 134617
134617 69768 76349
76349 69768 134617
135052 9520 121906
121906 9520 135052
9520 121906 135052
49866 60540 66841
66841 49866 60540
60540 49866 66841
14421 48420 148156
148156 14421 48420
48420 14421 148156
31552 20756 146140
20756 31552 146140
146140 20756 31552
67065 76925 117150
76925 67065 117150
117150 67065 76925
100593 1847 21803
1847 21803 100593
21803 1847 100593
107944 53980 81418
81418 53980 107944
53980 81418 107944
44382 15173 148069
15173 44382 148069
148069 15173 44382
94235 4445 48355
48355 4445 94235
4445 48355 94235
28662 79575 97531
97531 28662 79575
79575 28662 97531
6895 75128 135468
135468 6895 75128
75128 6895 135468
8038 17471 25492
17471 8038 25492
25492 8038 17471
28584 47109 71453
47109 28584 71453
71453 28584 47109
20615 9954 133192
133192 9954 20615
9954 20615 133192
82228 55890 73701
55890 73701 82228
73701 55890 82228
25676 109933 133952
109933 25676 133952
133952 25676 109933
30721 72066 146876
72066 30721 146876
146876 30721 72066
47053 55326 142450
55326 47053 142450
142450 47053 55326
30237 44534 126661
126661 30237 44534
44534 30237 126661
70978 69691 125862
125862 69691 70978
69691 70978 125862
95310 66848 126933
126933 66848 95310
66848 95310 126933
143870 66881 90438
66881 90438 143870
90438 66881 143870
102244 117333 144965
144965 102244 117333
117333 102244 144965
67929 24152 36576
36576 24152 67929
24152 36576 67929
117993 64193 65656
64193 65656 117993
65656 64193 117993
25330 7414 38945
38945 7414 25330
7414 25330 38945
9576 5834 23806
5834 9576 23806
23806 5834 9576
76680 48699 116300
48699 76680 116300
116300 48699 76680
82283 35402 85895
35402 82283 85895
85895 35402 82283
117217 74265 141185
141185 74265 117217
74265 117217 141185
5393 13993 145704
13993 5393 145704
145704 5393 13993
58155 15623 74111
15623 58155 74111
74111 15623 58155
8376 63233 141181
63233 8376 141181
141181 8376 63233
46765 39754 114880
114880 39754 46765
39754 46765 114880
7171 1468 145488
1468 7171 145488
145488 1468 7171
63227 52314 73056
73056 52314 63227
52314 63227 73056
93056 39528 139969
139969 39528 93056
39528 93056 139969
143150 34319 98340
98340 34319 143150
34319 98340 143150
87006 116915 138671
138671 87006 116915
116915 87006 138671
34484 23271 78110
23271 34484 78110
78110 23271 34484
144337 87360 91789
87360 91789 144337
91789 87360 144337
51722 79973 110845
110845 51722 79973
79973 51722 110845
46574 23618 95781
23618 46574 95781
95781 23618 46574
59746 109657 140247
109657 59746 140247
140247 59746 109657
46660 61180 72554
61180 46660 72554
72554 46660 61180
113764 80199 87471
87471 80199 113764
80199 87471 113764
11838 53376 116113
116113 11838 53376
53376 11838 116113
79111 70815 124392
70815 79111 124392
124392 70815 79111
61799 116797 143633
143633 61799 116797
116797 61799 143633
36563 28055 39692
39692 28055 36563
28055 36563 39692
127181 61815 97289
61815 97289 127181
97289 61815 127181
88171 41138 67284
41138 67284 88171
67284 41138 88171
90662 30185 143940
143940 30185 90662
30185 90662 143940
41560 78150 87579
87579 41560 78150
78150 41560 87579
100522 43793 146561
146561 43793 100522
43793 100522 146561
98471 5674 73405
5674 73405 98471
73405 5674 98471
100276 40694 119338
119338 40694 100276
40694 100276 119338
42979 95719 114112
114112 42979 95719
95719 42979 114112
16118 133432 143548
133432 16118 143548
143548 16118 133432
98867 102699 111444
102699 98867 111444
111444 98867 102699
57624 123680 123841
123680 57624 123841
123841 57624 123680
120375 37579 110773
37579 110773 120375
110773 37579 120375
120095 25394 72899
25394 72899 120095
72899 25394 120095
148195 44510 106303
106303 44510 148195
44510 106303 148195
102923 41133 85326
41133 85326 102923
85326 41133 102923
41358 2398 44705
2398 41358 44705
44705 2398 41358
140132 99603 125327
99603 125327 140132
125327 99603 140132
3075 97738 141285
97738 3075 141285
141285 3075 97738
100489 19139 72690
72690 19139 100489
19139 72690 100489
135997 70803 115853
70803 115853 135997
115853 70803 135997
98366 42777 126304
126304 42777 98366
42777 98366 126304
137243 13422 99968
13422 99968 137243
99968 13422 137243
91246 118413 144986
118413 91246 144986
144986 91246 118413
14239 13734 91942
91942 13734 14239
13734 14239 91942
45268 80312 119660
80312 45268 119660
119660 45268 80312
43504 95455 103937
95455 43504 103937
103937 43504 95455
144458 30709 43189
30709 43189 144458
43189 30709 144458
29541 104556 122750
122750 29541 104556
104556 29541 122750
122925 52726 98276
98276 52726 122925
52726 98276 122925
65431 36380 127551
127551 36380 65431
36380 65431 127551
121096 85843 120474
120474 85843 121096
85843 120474 121096
105186 40264 78396
78396 40264 105186
40264 78396 105186
83299 104657 114462
114462 83299 104657
104657 83299 114462
58172 2781 115467
2781 58172 115467
115467 2781 58172
24834 56339 117156
56339 24834 117156
117156 24834 56339
101672 7719 75893
75893 7719 101672
7719 75893 101672
33705 40437 122687
122687 33705 40437
40437 33705 122687
59415 22670 104605
104605 22670 59415
22670 59415 104605
38571 25872 133242
25872 38571 133242
133242 25872 38571
90314 85059 126095
126095 85059 90314
85059 90314 126095
18462 1797 116146
116146 1797 18462
1797 18462 116146
53898 54799 67299
54799 53898 67299
67299 53898 54799
107173 83803 84100
84100 83803 107173
83803 84100 107173
55685 47882 142240
142240 47882 55685
47882 55685 142240
80903 27260 104877
27260 80903 104877
104877 27260 80903
129653 26711 64369
64369 26711 129653
26711 64369 129653
118120 97694 138137
97694 118120 138137
138137 97694 118120
123172 28025 84278
28025 84278 123172
84278 28025 123172
23735 60824 75468
60824 23735 75468
75468 23735 60824
139886 50053 82224
50053 82224 139886
82224 50053 139886
60392 11283 80738
80738 11283 60392
11283 60392 80738
70140 126917 134362
134362 70140 126917
126917 70140 134362
116473 121744 125811
125811 116473 121744
121744 116473 125811
31151 14112 123449
123449 14112 31151
14112 31151 123449
66378 104 37178
104 37178 66378
37178 104 66378
132993 36659 100939
36659 100939 132993
100939 36659 132993
47985 58595 121003
58595 47985 121003
121003 47985 58595
9772 4887 60121
60121 4887 9772
4887 9772 60121
36926 30152 58286
58286 30152 36926
30152 36926 58286
98503 24183 131608
24183 98503 131608
131608 24183 98503
88944 41057 97002
97002 41057 88944
41057 88944 97002
26800 89696 145378
89696 26800 145378
145378 26800 89696
126968 34511 130621
34511 126968 130621
130621 34511 126968
81395 45516 117192
117192 45516 81395
45516 81395 117192
