69 7009 9019
7009 69 9019
9019 69 7009
7691 11230 13621
11230 7691 13621
13621 7691 11230
104 8190 13242
8190 104 13242
13242 104 8190
6981 5861 12895
5861 6981 12895
12895 5861 6981
12787 1857 11310
11310 1857 12787
1857 11310 12787
1813 600 2293
600 1813 2293
2293 600 1813
395 6499 12703
6499 395 12703
12703 395 6499
12501 1832 12666
1832 12501 12666
12666 1832 12501
10845 1238 8768
8768 1238 10845
1238 8768 10845
13008 993 2008
993 2008 13008
2008 993 13008
4169 7602 8471
7602 4169 8471
8471 4169 7602
244 2450 10873
10873 244 2450
2450 244 10873
9993 2742 4282
2742 4282 9993
4282 2742 9993
13725 13141 13886
13886 13141 13725
13141 13725 13886
4476 62 1594
62 1594 4476
1594 62 4476
9438 14004 14430
14004 9438 14430
14430 9438 14004
1794 972 3903
972 1794 3903
3903 972 1794
855 8656 12565
12565 855 8656
8656 855 12565
91 3986 13070
13070 91 3986
3986 91 13070
2443 3860 9575
3860 2443 9575
9575 2443 3860
7093 9086 13312
13312 7093 9086
9086 7093 13312
9633 4149 7958
7958 4149 9633
4149 7958 9633
10365 11535 14959
14959 10365 11535
11535 10365 14959
701 3339 14485
3339 701 14485
14485 701 3339
4614 573 6324
573 4614 6324
6324 573 4614
12137 881 12797
881 12137 12797
12797 881 12137
7293 6240 13280
6240 7293 13280
13280 6240 7293
6156 7002 12768
12768 6156 7002
7002 6156 12768
7738 286 8659
286 7738 8659
8659 286 7738
13274 2164 10075
10075 2164 13274
2164 10075 13274
9523 4651 10738
4651 9523 10738
10738 4651 9523
2962 9882 12901
9882 2962 12901
12901 2962 9882
861 13949 14481
14481 861 13949
13949 861 14481
10490 4710 10639
10639 4710 10490
4710 10490 10639
5278 3654 6833
6833 3654 5278
3654 5278 6833
10175 155 11001
155 10175 11001
11001 155 10175
1461 9378 13297
9378 1461 13297
13297 1461 9378
1621 2263 3862
2263 1621 3862
3862 1621 2263
4916 3187 13193
3187 4916 13193
13193 3187 4916
10370 138 2624
2624 138 10370
138 2624 10370
3294 1682 2881
1682 2881 3294
2881 1682 3294
40 274 11529
11529 40 274
274 40 11529
10183 6855 11315
11315 6855 10183
6855 10183 11315
5904 5686 5766
5686 5766 5904
5766 5686 5904
1580 12822 13710
13710 1580 12822
12822 1580 13710
4842 1809 13974
1809 4842 13974
13974 1809 4842
6052 7701 12345
12345 6052 7701
7701 6052 12345
8057 9784 13971
13971 8057 9784
9784 8057 13971
12377 10327 14736
14736 10327 12377
10327 12377 14736
3583 2685 9020
2685 3583 9020
9020 2685 3583
5933 5167 8103
5167 5933 8103
8103 5167 5933
7300 6482 10443
10443 6482 7300
6482 7300 10443
6342 3735 4681
3735 4681 6342
4681 3735 6342
12824 108 4917
4917 108 12824
108 4917 12824
1533 9164 14067
9164 1533 14067
14067 1533 9164
12650 7338 9869
7338 9869 12650
9869 7338 12650
1499 13979 14692
14692 1499 13979
13979 1499 14692
6054 6057 6409
6409 6054 6057
6057 6054 6409
9462 680 4069
4069 680 9462
680 4069 9462
6490 1132 7615
1132 6490 7615
7615 1132 6490
4637 7449 8787
7449 4637 8787
8787 4637 7449
8242 12238 12370
12370 8242 12238
12238 8242 12370
8697 2664 13398
13398 2664 8697
2664 8697 13398
3355 2423 6941
6941 2423 3355
2423 3355 6941
6846 4719 12425
12425 4719 6846
4719 6846 12425
3417 748 4130
4130 748 3417
748 3417 4130
8031 2551 6883
6883 2551 8031
2551 6883 8031
9333 7641 10906
7641 9333 10906
10906 7641 9333
802 3218 9618
9618 802 3218
3218 802 9618
3960 2853 3434
2853 3434 3960
3434 2853 3960
14078 4133 14368
4133 14078 14368
14368 4133 14078
4761 3072 9133
3072 4761 9133
9133 3072 4761
7047 77 745
77 745 7047
745 77 7047
2376 14347 14572
14572 2376 14347
14347 2376 14572
879 7099 11845
7099 879 11845
11845 879 7099
10624 3600 11752
11752 3600 10624
3600 10624 11752
2926 4941 12432
4941 2926 12432
12432 2926 4941
11723 9203 9205
9205 9203 11723
9203 9205 11723
8062 7303 8879
8879 7303 8062
7303 8062 8879
7302 5292 8507
8507 5292 7302
5292 7302 8507
12702 1888 8770
1888 8770 12702
8770 1888 12702
12198 1257 5089
5089 1257 12198
1257 5089 12198
3086 9972 12938
9972 3086 12938
12938 3086 9972
3278 2482 7494
2482 3278 7494
7494 2482 3278
1956 3288 11577
3288 1956 11577
11577 1956 3288
5797 7148 8200
8200 5797 7148
7148 5797 8200
9096 13212 14518
13212 9096 14518
14518 9096 13212
10167 1951 10371
10371 1951 10167
1951 10167 10371
454 10427 14489
14489 454 10427
10427 454 14489
14182 2052 7690
2052 7690 14182
7690 2052 14182
13040 12325 13747
13747 12325 13040
12325 13040 13747
11383 812 8175
812 8175 11383
8175 812 11383
6568 1372 14979
14979 1372 6568
1372 6568 14979
1673 11046 12729
12729 1673 11046
11046 1673 12729
12817 14190 14395
14395 12817 14190
14190 12817 14395
712 3316 11634
3316 712 11634
11634 712 3316
1157 8939 11240
11240 1157 8939
8939 1157 11240
7595 557 11210
557 7595 11210
11210 557 7595
7666 8801 13443
8801 7666 13443
13443 7666 8801
4249 11408 12582
12582 4249 11408
11408 4249 12582
5346 1891 14008
1891 5346 14008
14008 1891 5346
12779 10038 10877
10877 10038 12779
10038 10877 12779
8452 8090 11423
8090 8452 11423
11423 8090 8452
4402 704 3741
704 3741 4402
3741 704 4402
1092 10844 13368
13368 1092 10844
10844 1092 13368
13924 586 14580
14580 586 13924
586 13924 14580
14770 6537 11162
11162 6537 14770
6537 11162 14770
13099 4312 13899
13899 4312 13099
4312 13099 13899
13694 9346 12496
9346 12496 13694
12496 9346 13694
13817 1756 13420
1756 13420 13817
13420 1756 13817
13367 9881 11814
9881 11814 13367
11814 9881 13367
6113 4670 11047
11047 4670 6113
4670 6113 11047
12417 11410 14893
11410 12417 14893
14893 11410 12417
6791 1912 6343
6343 1912 6791
1912 6343 6791
14305 3679 8623
8623 3679 14305
3679 8623 14305
13041 619 2351
619 2351 13041
2351 619 13041
1663 6583 10481
6583 1663 10481
10481 1663 6583
4204 4176 9303
9303 4176 4204
4176 4204 9303
13927 1490 14600
14600 1490 13927
1490 13927 14600
8089 5212 12526
12526 5212 8089
5212 8089 12526
5590 6507 11553
11553 5590 6507
6507 5590 11553
10935 1310 8700
1310 8700 10935
8700 1310 10935
13488 923 12469
12469 923 13488
923 12469 13488
7440 3291 9533
9533 3291 7440
3291 7440 9533
1841 6470 9486
9486 1841 6470
6470 1841 9486
6190 1522 5421
1522 5421 6190
5421 1522 6190
5094 3269 6732
3269 5094 6732
6732 3269 5094
12673 3401 8630
8630 3401 12673
3401 8630 12673
6025 8392 9518
8392 6025 9518
9518 6025 8392
3471 1259 4279
1259 3471 4279
4279 1259 3471
2155 5507 6875
5507 2155 6875
6875 2155 5507
7632 5321 12794
5321 7632 12794
12794 5321 7632
2455 320 2945
2945 320 2455
320 2455 2945
3921 10036 13290
10036 3921 13290
13290 3921 10036
2793 7803 11017
7803 2793 11017
11017 2793 7803
3347 1300 5982
1300 3347 5982
5982 1300 3347
12471 6752 8116
6752 8116 12471
8116 6752 12471
11771 5140 5196
5140 5196 11771
5196 5140 11771
2185 5836 6954
6954 2185 5836
5836 2185 6954
3640 5841 8378
5841 3640 8378
8378 3640 5841
2471 3729 7523
3729 2471 7523
7523 2471 3729
1111 3428 6300
6300 1111 3428
3428 1111 6300
4153 2816 3124
3124 2816 4153
2816 3124 4153
13666 3237 6936
6936 3237 13666
3237 6936 13666
9517 2007 6787
2007 6787 9517
6787 2007 9517
10854 11755 12107
12107 10854 11755
11755 10854 12107
2021 89 9969
89 2021 9969
9969 89 2021
6047 4919 12682
12682 4919 6047
4919 6047 12682
12953 4062 6027
4062 6027 12953
6027 4062 12953
6623 5668 7156
7156 5668 6623
5668 6623 7156
5313 281 6960
281 5313 6960
6960 281 5313
5675 10460 13667
10460 5675 13667
13667 5675 10460
5718 11371 13093
11371 5718 13093
13093 5718 11371
7224 1861 4530
1861 4530 7224
4530 1861 7224
1056 10236 12954
12954 1056 10236
10236 1056 12954
550 5633 6141
5633 550 6141
6141 550 5633
6858 5409 8433
5409 6858 8433
8433 5409 6858
4772 1001 12227
12227 1001 4772
1001 4772 12227
11172 4533 13549
13549 4533 11172
4533 11172 13549
9537 8604 14827
14827 8604 9537
8604 9537 14827
4908 6585 14420
14420 4908 6585
6585 4908 14420
5771 5891 8201
8201 5771 5891
5891 5771 8201
6506 7249 13862
7249 6506 13862
13862 6506 7249
7337 10369 13885
10369 7337 13885
13885 7337 10369
7362 8520 13581
13581 7362 8520
8520 7362 13581
2476 3968 4189
3968 2476 4189
4189 2476 3968
10584 1258 7751
1258 7751 10584
7751 1258 10584
11969 1919 12821
1919 11969 12821
12821 1919 11969
13729 4088 10766
4088 10766 13729
10766 4088 13729
5665 2144 10516
2144 5665 10516
10516 2144 5665
14198 1649 9600
1649 9600 14198
9600 1649 14198
3503 2646 2986
2986 2646 3503
2646 2986 3503
14151 2026 6675
6675 2026 14151
2026 6675 14151
9698 7421 9398
9398 7421 9698
7421 9398 9698
3423 3168 9901
9901 3168 3423
3168 3423 9901
13965 9264 9435
9264 9435 13965
9435 9264 13965
5528 12246 13098
12246 5528 13098
13098 5528 12246
5076 8705 11039
8705 5076 11039
11039 5076 8705
2348 14324 14878
14878 2348 14324
14324 2348 14878
4822 10329 12233
12233 4822 10329
10329 4822 12233
12823 6945 10135
6945 10135 12823
10135 6945 12823
496 996 14181
996 496 14181
14181 496 996
13095 1975 2629
1975 2629 13095
2629 1975 13095
1017 12082 14109
14109 1017 12082
12082 1017 14109
3392 688 8467
8467 688 3392
688 3392 8467
6344 5926 10598
5926 6344 10598
10598 5926 6344
13494 501 10261
501 10261 13494
10261 501 13494
2130 10938 11035
10938 2130 11035
11035 2130 10938
6695 4337 8955
8955 4337 6695
4337 6695 8955
6649 9614 13744
13744 6649 9614
9614 6649 13744
13577 187 13633
187 13577 13633
13633 187 13577
6934 1355 8887
8887 1355 6934
1355 6934 8887
13247 1685 5921
5921 1685 13247
1685 5921 13247
9177 3576 11559
3576 9177 11559
11559 3576 9177
14665 6847 13352
13352 6847 14665
6847 13352 14665
8105 7172 13883
7172 8105 13883
13883 7172 8105
14088 1059 8704
8704 1059 14088
1059 8704 14088
5496 113 3431
3431 113 5496
113 3431 5496
5119 8137 10671
8137 5119 10671
10671 5119 8137
12826 4336 14068
4336 12826 14068
14068 4336 12826
13608 4765 12455
12455 4765 13608
4765 12455 13608
14945 4413 10314
4413 10314 14945
10314 4413 14945
278 1361 3097
1361 278 3097
3097 278 1361
10130 794 10697
10697 794 10130
794 10130 10697
4622 7968 9817
9817 4622 7968
7968 4622 9817
11669 13532 13875
13875 11669 13532
13532 11669 13875
7600 1263 4019
1263 4019 7600
4019 1263 7600
14052 7478 9250
7478 9250 14052
9250 7478 14052
11005 11350 12626
11350 11005 12626
12626 11005 11350
2193 5645 9222
9222 2193 5645
5645 2193 9222
2993 10453 11470
11470 2993 10453
10453 2993 11470
5835 76 502
502 76 5835
76 502 5835
12311 2207 12994
2207 12311 12994
12994 2207 12311
4163 3764 5180
5180 3764 4163
3764 4163 5180
3023 832 1623
1623 832 3023
832 1623 3023
13790 994 11207
994 11207 13790
11207 994 13790
11437 10947 14853
14853 10947 11437
10947 11437 14853
1858 1615 9272
9272 1615 1858
1615 1858 9272
7213 11558 13777
11558 7213 13777
13777 7213 11558
5527 2524 10009
10009 2524 5527
2524 5527 10009
6964 6023 11233
11233 6023 6964
6023 6964 11233
13064 9630 9995
9630 9995 13064
9995 9630 13064
7844 2916 12985
12985 2916 7844
2916 7844 12985
4860 4561 5154
5154 4561 4860
4561 4860 5154
9444 7350 7585
7585 7350 9444
7350 7585 9444
133 2715 10997
10997 133 2715
2715 133 10997
1848 871 12437
871 1848 12437
12437 871 1848
374 5535 6660
6660 374 5535
5535 374 6660
5756 3879 9953
9953 3879 5756
3879 5756 9953
11167 3202 5879
5879 3202 11167
3202 5879 11167
582 6921 9447
9447 582 6921
6921 582 9447
4748 403 12328
12328 403 4748
403 4748 12328
10806 3037 13429
13429 3037 10806
3037 10806 13429
3075 4180 13362
4180 3075 13362
13362 3075 4180
9743 3349 9077
9077 3349 9743
3349 9077 9743
8294 5443 6280
5443 6280 8294
6280 5443 8294
3875 2395 5368
5368 2395 3875
2395 3875 5368
6123 4828 6398
6398 4828 6123
4828 6123 6398
8066 935 14195
935 8066 14195
14195 935 8066
10086 12061 14407
14407 10086 12061
12061 10086 14407
7393 5637 11139
11139 5637 7393
5637 7393 11139
672 2778 6243
2778 672 6243
6243 672 2778
14961 2174 11818
2174 11818 14961
11818 2174 14961
2615 3696 13345
3696 2615 13345
13345 2615 3696
6380 9467 13991
13991 6380 9467
9467 6380 13991
727 5505 11397
5505 727 11397
11397 727 5505
2882 3892 14436
14436 2882 3892
3892 2882 14436
4082 1893 9296
1893 4082 9296
9296 1893 4082
6600 5457 7569
7569 5457 6600
5457 6600 7569
5440 942 3366
3366 942 5440
942 3366 5440
7184 10478 11901
10478 7184 11901
11901 7184 10478
4883 6581 7355
7355 4883 6581
6581 4883 7355
4300 8283 10419
10419 4300 8283
8283 4300 10419
13285 4587 6296
6296 4587 13285
4587 6296 13285
6869 7927 13324
7927 6869 13324
13324 6869 7927
1548 607 8910
607 1548 8910
8910 607 1548
3929 1027 12483
1027 3929 12483
12483 1027 3929
5775 3625 12598
12598 3625 5775
3625 5775 12598
6445 1281 7995
7995 1281 6445
1281 6445 7995
9480 658 10982
10982 658 9480
658 9480 10982
10647 3152 11617
11617 3152 10647
3152 10647 11617
5752 11143 11236
11236 5752 11143
11143 5752 11236
13576 1050 9622
1050 9622 13576
9622 1050 13576
2305 1100 6262
1100 2305 6262
6262 1100 2305
10334 135 6665
6665 135 10334
135 6665 10334
1406 4043 6003
6003 1406 4043
4043 1406 6003
12516 719 3223
719 3223 12516
3223 719 12516
4942 1536 5401
5401 1536 4942
1536 4942 5401
14238 3885 9879
3885 9879 14238
9879 3885 14238
8284 9687 10640
9687 8284 10640
10640 8284 9687
4677 1563 14535
14535 1563 4677
1563 4677 14535
14098 4360 5808
4360 5808 14098
5808 4360 14098
6824 1145 5521
5521 1145 6824
1145 5521 6824
13610 8500 12828
12828 8500 13610
8500 12828 13610
1607 1452 13234
13234 1452 1607
1452 1607 13234
449 12421 12968
12421 449 12968
12968 449 12421
7190 2728 13339
2728 7190 13339
13339 2728 7190
7376 6275 12376
6275 7376 12376
12376 6275 7376
8769 2824 9228
9228 2824 8769
2824 8769 9228
12081 7441 8791
8791 7441 12081
7441 8791 12081
12654 5130 8022
5130 8022 12654
8022 5130 12654
5067 475 8886
8886 475 5067
475 5067 8886
9491 1447 13060
13060 1447 9491
1447 9491 13060
1150 4070 4979
4979 1150 4070
4070 1150 4979
2194 254 5398
5398 254 2194
254 2194 5398
9987 3157 9014
3157 9014 9987
9014 3157 9987
14475 5728 6749
6749 5728 14475
5728 6749 14475
873 213 1830
1830 213 873
213 873 1830
1006 2948 3682
2948 1006 3682
3682 1006 2948
10566 5142 12086
5142 10566 12086
12086 5142 10566
1077 5796 13721
13721 1077 5796
5796 1077 13721
12204 8106 9550
8106 9550 12204
9550 8106 12204
175 747 10034
747 175 10034
10034 175 747
6060 3214 9210
3214 6060 9210
9210 3214 6060
2356 4087 9938
9938 2356 4087
4087 2356 9938
14337 9674 14060
9674 14060 14337
14060 9674 14337
12446 2516 10899
2516 10899 12446
10899 2516 12446
9767 667 9308
9308 667 9767
667 9308 9767
10808 3598 4683
3598 4683 10808
4683 3598 10808
185 5931 9593
5931 185 9593
9593 185 5931
14442 12940 14597
14597 12940 14442
12940 14442 14597
13226 5103 12341
12341 5103 13226
5103 12341 13226
6369 804 13795
13795 804 6369
804 6369 13795
9000 10672 13270
13270 9000 10672
10672 9000 13270
14992 4239 6904
6904 4239 14992
4239 6904 14992
6410 1750 14983
14983 1750 6410
1750 6410 14983
7423 2201 3530
2201 3530 7423
3530 2201 7423
12237 12736 14704
12736 12237 14704
14704 12237 12736
2287 6384 14381
6384 2287 14381
14381 2287 6384
2771 1222 7388
7388 1222 2771
1222 2771 7388
5194 7292 9874
7292 5194 9874
9874 5194 7292
14209 1128 6589
6589 1128 14209
1128 6589 14209
4284 3334 8763
3334 4284 8763
8763 3334 4284
589 1440 13410
13410 589 1440
1440 589 13410
3587 7546 10570
10570 3587 7546
7546 3587 10570
6167 150 5981
150 5981 6167
5981 150 6167
14090 1393 9620
9620 1393 14090
1393 9620 14090
4147 11702 12159
12159 4147 11702
11702 4147 12159
10215 12340 14583
14583 10215 12340
12340 10215 14583
3794 9071 10158
10158 3794 9071
9071 3794 10158
3260 1989 3365
3365 1989 3260
1989 3260 3365
5315 3163 8050
3163 5315 8050
8050 3163 5315
4233 6145 14101
6145 4233 14101
14101 4233 6145
14390 3279 11355
3279 11355 14390
11355 3279 14390
2865 9506 12327
9506 2865 12327
12327 2865 9506
7261 4288 14671
4288 7261 14671
14671 4288 7261
2377 189 6026
189 2377 6026
6026 189 2377
7082 4961 9576
9576 4961 7082
4961 7082 9576
7001 3927 6357
3927 6357 7001
6357 3927 7001
13317 2595 5426
2595 5426 13317
5426 2595 13317
7704 2106 13405
2106 7704 13405
13405 2106 7704
134 2709 7304
7304 134 2709
2709 134 7304
10657 5793 8208
5793 8208 10657
8208 5793 10657
5168 1664 7187
1664 5168 7187
7187 1664 5168
10604 183 8833
183 8833 10604
8833 183 10604
4570 1746 2523
1746 2523 4570
2523 1746 4570
7256 6040 13895
13895 6040 7256
6040 7256 13895
9184 642 5438
5438 642 9184
642 5438 9184
3826 3632 6866
3632 3826 6866
6866 3632 3826
4565 3877 7024
3877 4565 7024
7024 3877 4565
7747 5019 10807
10807 5019 7747
5019 7747 10807
338 12276 14438
14438 338 12276
12276 338 14438
3716 14266 14753
14753 3716 14266
14266 3716 14753
1511 1397 3955
1397 1511 3955
3955 1397 1511
12348 1959 14356
14356 1959 12348
1959 12348 14356
5146 9730 14553
14553 5146 9730
9730 5146 14553
6316 12187 14113
12187 6316 14113
14113 6316 12187
14852 1631 6731
1631 6731 14852
6731 1631 14852
13498 11993 12021
12021 11993 13498
11993 12021 13498
3846 223 14559
223 3846 14559
14559 223 3846
1191 4220 10024
4220 1191 10024
10024 1191 4220
10649 10662 14606
14606 10649 10662
10662 10649 14606
9163 789 9927
9927 789 9163
789 9163 9927
1885 6158 9981
9981 1885 6158
6158 1885 9981
12801 7808 9705
9705 7808 12801
7808 9705 12801
3992 605 10862
10862 605 3992
605 3992 10862
10829 5604 10978
5604 10829 10978
10978 5604 10829
273 8922 9543
9543 273 8922
8922 273 9543
8808 3245 12886
3245 8808 12886
12886 3245 8808
542 570 954
570 542 954
954 542 570
13720 5748 11778
5748 11778 13720
11778 5748 13720
13216 418 11689
418 11689 13216
11689 418 13216
7829 1820 10965
1820 7829 10965
10965 1820 7829
4667 4294 6948
4294 4667 6948
6948 4294 4667
8442 292 1514
292 1514 8442
1514 292 8442
36 980 7411
7411 36 980
980 36 7411
4762 5475 6254
6254 4762 5475
5475 4762 6254
14089 205 11224
11224 205 14089
205 11224 14089
4990 146 7405
146 4990 7405
7405 146 4990
5459 14393 14867
14393 5459 14867
14867 5459 14393
1465 6088 10919
10919 1465 6088
6088 1465 10919
7266 5949 8757
8757 5949 7266
5949 7266 8757
2414 2499 9012
2499 2414 9012
9012 2414 2499
507 4177 10010
10010 507 4177
4177 507 10010
14545 1921 4526
4526 1921 14545
1921 4526 14545
8261 8891 13383
13383 8261 8891
8891 8261 13383
6204 3663 13246
13246 3663 6204
3663 6204 13246
3087 2232 8511
2232 3087 8511
8511 2232 3087
5037 6664 9387
6664 5037 9387
9387 5037 6664
4534 2565 13752
2565 4534 13752
13752 2565 4534
14228 4543 9091
4543 9091 14228
9091 4543 14228
3398 7131 12818
12818 3398 7131
7131 3398 12818
14530 9202 13233
9202 13233 14530
13233 9202 14530
14072 1831 2239
2239 1831 14072
1831 2239 14072
9870 2800 6287
6287 2800 9870
2800 6287 9870
11793 5591 7551
5591 7551 11793
7551 5591 11793
11041 3179 11642
3179 11041 11642
11642 3179 11041
3362 1587 13131
1587 3362 13131
13131 1587 3362
14915 10625 13775
10625 13775 14915
13775 10625 14915
10277 3953 13598
13598 3953 10277
3953 10277 13598
86 4562 13618
13618 86 4562
4562 86 13618
950 11566 13950
11566 950 13950
13950 950 11566
11446 6740 14932
6740 11446 14932
14932 6740 11446
13700 4448 8287
4448 8287 13700
8287 4448 13700
7645 1327 12999
12999 1327 7645
1327 7645 12999
14484 4504 4884
4884 4504 14484
4504 4884 14484
7044 3255 6511
3255 6511 7044
6511 3255 7044
11519 992 4012
4012 992 11519
992 4012 11519
14031 10974 11361
10974 11361 14031
11361 10974 14031
11024 6920 8358
8358 6920 11024
6920 8358 11024
7588 1072 14883
1072 7588 14883
14883 1072 7588
1489 3947 9954
3947 1489 9954
9954 1489 3947
14771 9093 9565
9093 9565 14771
9565 9093 14771
10889 7298 11096
7298 10889 11096
11096 7298 10889
5205 957 12383
957 5205 12383
12383 957 5205
10444 3781 4198
4198 3781 10444
3781 4198 10444
12413 646 1305
646 1305 12413
1305 646 12413
1598 9313 9359
9359 1598 9313
9313 1598 9359
4329 8661 14448
8661 4329 14448
14448 4329 8661
8041 1301 13002
13002 1301 8041
1301 8041 13002
3235 1961 5268
5268 1961 3235
1961 3235 5268
5530 8352 11430
8352 5530 11430
11430 5530 8352
7491 308 2514
2514 308 7491
308 2514 7491
10458 3394 9141
3394 9141 10458
9141 3394 10458
2269 3737 10420
10420 2269 3737
3737 2269 10420
8923 5100 12964
12964 5100 8923
5100 8923 12964
8453 8755 13652
13652 8453 8755
8755 8453 13652
12711 677 1935
677 1935 12711
1935 677 12711
10533 6396 14841
14841 6396 10533
6396 10533 14841
13142 11618 12194
12194 11618 13142
11618 12194 13142
7806 1417 2112
2112 1417 7806
1417 2112 7806
3952 9913 14309
14309 3952 9913
9913 3952 14309
5701 6995 13302
13302 5701 6995
6995 5701 13302
7486 12587 13507
12587 7486 13507
13507 7486 12587
1596 6635 8406
8406 1596 6635
6635 1596 8406
1938 7794 8815
7794 1938 8815
8815 1938 7794
1762 326 14999
326 1762 14999
14999 326 1762
4564 198 1796
1796 198 4564
198 1796 4564
7229 1804 4939
1804 4939 7229
4939 1804 7229
6419 5800 13422
5800 6419 13422
13422 5800 6419
8565 3488 9231
3488 8565 9231
9231 3488 8565
12601 225 4696
4696 225 12601
225 4696 12601
7527 5546 11827
11827 5546 7527
5546 7527 11827
3650 382 8274
382 3650 8274
8274 382 3650
4251 6727 8149
8149 4251 6727
6727 4251 8149
13943 2413 7787
2413 7787 13943
7787 2413 13943
14608 6207 13892
13892 6207 14608
6207 13892 14608
11258 7490 13462
7490 11258 13462
13462 7490 11258
12231 1404 4089
1404 4089 12231
4089 1404 12231
10430 4897 12692
4897 10430 12692
12692 4897 10430
1179 2783 4826
2783 1179 4826
4826 1179 2783
6186 406 2896
2896 406 6186
406 2896 6186
4203 3282 4927
3282 4203 4927
4927 3282 4203
7796 11384 14289
14289 7796 11384
11384 7796 14289
11212 4588 6064
6064 4588 11212
4588 6064 11212
3688 4224 5620
4224 3688 5620
5620 3688 4224
11706 2126 9574
9574 2126 11706
2126 9574 11706
11826 4438 12298
4438 11826 12298
12298 4438 11826
9249 2298 11910
11910 2298 9249
2298 9249 11910
10066 7999 10416
7999 10066 10416
10416 7999 10066
8092 204 6748
204 6748 8092
6748 204 8092
9964 974 10552
10552 974 9964
974 9964 10552
14607 10266 13026
10266 13026 14607
13026 10266 14607
10910 1484 2876
2876 1484 10910
1484 2876 10910
3476 2826 5193
2826 3476 5193
5193 2826 3476
1572 11204 11594
11204 1572 11594
11594 1572 11204
1652 1535 1656
1535 1652 1656
1656 1535 1652
14444 5779 8271
5779 8271 14444
8271 5779 14444
1520 1589 12321
1589 1520 12321
12321 1520 1589
11712 2678 11474
2678 11474 11712
11474 2678 11712
7831 12214 14869
14869 7831 12214
12214 7831 14869
5791 4652 12858
12858 4652 5791
4652 5791 12858
3071 7975 13737
7975 3071 13737
13737 3071 7975
217 2917 4041
4041 217 2917
2917 217 4041
13869 6880 12878
6880 12878 13869
12878 6880 13869
4844 8690 12570
12570 4844 8690
8690 4844 12570
14468 7088 7745
7745 7088 14468
7088 7745 14468
14039 8648 9242
8648 9242 14039
9242 8648 14039
13295 14488 14870
14488 13295 14870
14870 13295 14488
8544 4641 14147
4641 8544 14147
14147 4641 8544
9305 9763 14239
14239 9305 9763
9763 9305 14239
6795 1144 3624
1144 3624 6795
3624 1144 6795
11865 7914 13157
7914 11865 13157
13157 7914 11865
4503 178 14511
178 4503 14511
14511 178 4503
1924 238 13108
13108 238 1924
238 1924 13108
10 2184 11842
11842 10 2184
2184 10 11842
14836 5206 8746
8746 5206 14836
5206 8746 14836
4935 3350 10496
10496 3350 4935
3350 4935 10496
11439 4254 7537
7537 4254 11439
4254 7537 11439
8243 6481 10223
6481 8243 10223
10223 6481 8243
10770 3605 13646
3605 10770 13646
13646 3605 10770
11614 750 2093
2093 750 11614
750 2093 11614
8383 2751 4722
4722 2751 8383
2751 4722 8383
8555 7444 14074
7444 8555 14074
14074 7444 8555
9440 1314 10124
1314 9440 10124
10124 1314 9440
5651 202 7756
7756 202 5651
202 5651 7756
3798 4273 9775
4273 3798 9775
9775 3798 4273
5754 1974 10011
1974 5754 10011
10011 1974 5754
7278 3236 8076
8076 3236 7278
3236 7278 8076
10984 4596 4735
4596 4735 10984
4735 4596 10984
6330 11128 14930
14930 6330 11128
11128 6330 14930
12635 7556 8744
8744 7556 12635
7556 8744 12635
11764 9278 10472
10472 9278 11764
9278 10472 11764
14063 7087 8919
8919 7087 14063
7087 8919 14063
4477 8301 14552
8301 4477 14552
14552 4477 8301
9161 1584 8312
1584 8312 9161
8312 1584 9161
4703 5383 7123
7123 4703 5383
5383 4703 7123
7601 1947 14492
14492 1947 7601
1947 7601 14492
4083 5379 12902
12902 4083 5379
5379 4083 12902
1426 357 820
357 820 1426
820 357 1426
132 4268 11097
11097 132 4268
4268 132 11097
7677 2754 13516
13516 2754 7677
2754 7677 13516
8958 2307 3333
2307 3333 8958
3333 2307 8958
14821 11623 13672
13672 11623 14821
11623 13672 14821
10165 1253 12256
12256 1253 10165
1253 10165 12256
6265 2384 6925
2384 6265 6925
6925 2384 6265
5242 2689 9116
9116 2689 5242
2689 5242 9116
13090 13435 14320
13435 13090 14320
14320 13090 13435
4276 2084 6989
6989 2084 4276
2084 4276 6989
10177 5287 6072
6072 5287 10177
5287 6072 10177
1892 2023 12087
12087 1892 2023
2023 1892 12087
1691 3723 7734
7734 1691 3723
3723 1691 7734
11174 3628 11379
3628 11174 11379
11379 3628 11174
4343 11664 12530
11664 4343 12530
12530 4343 11664
5377 5911 6961
5911 5377 6961
6961 5377 5911
7177 5776 6210
5776 6210 7177
6210 5776 7177
7522 5450 10568
10568 5450 7522
5450 7522 10568
13619 1537 8965
8965 1537 13619
1537 8965 13619
5572 1200 11841
11841 1200 5572
1200 5572 11841
12368 4420 9585
9585 4420 12368
4420 9585 12368
7519 8509 13414
8509 7519 13414
13414 7519 8509
12866 2588 9702
2588 9702 12866
9702 2588 12866
6455 5220 8535
5220 6455 8535
8535 5220 6455
13386 5400 7637
5400 7637 13386
7637 5400 13386
8948 14131 14529
14131 8948 14529
14529 8948 14131
3323 4836 7680
7680 3323 4836
4836 3323 7680
13983 2389 13058
2389 13058 13983
13058 2389 13983
13413 1896 10306
1896 10306 13413
10306 1896 13413
13708 10840 12815
10840 12815 13708
12815 10840 13708
1316 6392 12171
6392 1316 12171
12171 1316 6392
13931 4166 10059
10059 4166 13931
4166 10059 13931
4199 420 7731
420 4199 7731
7731 420 4199
2091 5478 5889
5478 2091 5889
5889 2091 5478
9010 709 12627
709 9010 12627
12627 709 9010
13856 2992 6421
6421 2992 13856
2992 6421 13856
11636 471 11544
471 11544 11636
11544 471 11636
4638 1565 7799
1565 4638 7799
7799 1565 4638
1458 9371 14746
14746 1458 9371
9371 1458 14746
13518 3133 4964
4964 3133 13518
3133 4964 13518
12548 1138 1903
1138 1903 12548
1903 1138 12548
5508 234 10439
10439 234 5508
234 5508 10439
2582 1815 2048
1815 2048 2582
2048 1815 2582
9215 10200 13468
10200 9215 13468
13468 9215 10200
8108 3182 6868
6868 3182 8108
3182 6868 8108
7191 4981 6441
4981 6441 7191
6441 4981 7191
13840 6337 14362
6337 13840 14362
14362 6337 13840
12205 438 7633
7633 438 12205
438 7633 12205
1408 10549 13485
13485 1408 10549
10549 1408 13485
13499 2198 13248
2198 13248 13499
13248 2198 13499
11023 1083 8613
8613 1083 11023
1083 8613 11023
525 2625 8805
8805 525 2625
2625 525 8805
13133 4307 5299
5299 4307 13133
4307 5299 13133
9227 493 10868
493 9227 10868
10868 493 9227
2912 6630 9217
9217 2912 6630
6630 2912 9217
12083 2383 13469
2383 12083 13469
13469 2383 12083
9495 1966 14321
1966 9495 14321
14321 1966 9495
6312 4439 6302
4439 6302 6312
6302 4439 6312
4715 11287 13137
11287 4715 13137
13137 4715 11287
13182 3145 10615
10615 3145 13182
3145 10615 13182
11743 2632 2843
2632 2843 11743
2843 2632 11743
3501 4066 5483
4066 3501 5483
5483 3501 4066
2392 4510 4629
4510 2392 4629
4629 2392 4510
3594 10823 14998
14998 3594 10823
10823 3594 14998
3418 4309 6221
6221 3418 4309
4309 3418 6221
8579 3000 5282
5282 3000 8579
3000 5282 8579
6363 8945 12756
8945 6363 12756
12756 6363 8945
5625 6917 12670
6917 5625 12670
12670 5625 6917
599 11583 13989
11583 599 13989
13989 599 11583
11483 4215 4267
4267 4215 11483
4215 4267 11483
8635 3108 11851
11851 3108 8635
3108 8635 11851
6892 1939 9951
1939 6892 9951
9951 1939 6892
4207 4226 14558
4226 4207 14558
14558 4207 4226
12439 7459 7658
7459 7658 12439
7658 7459 12439
14546 4738 9603
9603 4738 14546
4738 9603 14546
5032 6446 8608
8608 5032 6446
6446 5032 8608
10133 309 1765
309 1765 10133
1765 309 10133
13425 7516 10225
10225 7516 13425
7516 10225 13425
12220 7049 12992
7049 12220 12992
12992 7049 12220
2745 4806 7792
4806 2745 7792
7792 2745 4806
14429 9594 10565
9594 10565 14429
10565 9594 14429
2285 4315 13824
13824 2285 4315
4315 2285 13824
8969 2643 9998
2643 8969 9998
9998 2643 8969
3873 12721 13894
12721 3873 13894
13894 3873 12721
7116 4655 8899
8899 4655 7116
4655 7116 8899
10581 3993 14788
3993 10581 14788
14788 3993 10581
1014 9465 9485
9485 1014 9465
9465 1014 9485
10203 1125 8061
8061 1125 10203
1125 8061 10203
14011 700 13191
700 13191 14011
13191 700 14011
5843 10434 10948
10434 5843 10948
10948 5843 10434
6321 1807 4262
1807 4262 6321
4262 1807 6321
6478 1862 9357
9357 1862 6478
1862 6478 9357
8479 3866 13670
13670 3866 8479
3866 8479 13670
10149 9750 14684
9750 10149 14684
14684 9750 10149
14730 531 9520
9520 531 14730
531 9520 14730
12292 7661 14612
7661 12292 14612
14612 7661 12292
5512 9604 12942
12942 5512 9604
9604 5512 12942
2706 3114 14528
3114 2706 14528
14528 2706 3114
14651 6150 9190
6150 9190 14651
9190 6150 14651
10056 6181 7103
6181 7103 10056
7103 6181 10056
12395 9636 10347
10347 9636 12395
9636 10347 12395
2509 5285 7094
5285 2509 7094
7094 2509 5285
11895 276 9992
9992 276 11895
276 9992 11895
10377 5355 13801
13801 5355 10377
5355 10377 13801
12009 696 11728
696 11728 12009
11728 696 12009
7617 9075 9838
9838 7617 9075
9075 7617 9838
13527 7317 12282
12282 7317 13527
7317 12282 13527
437 7454 10571
7454 437 10571
10571 437 7454
8593 6134 12288
6134 8593 12288
12288 6134 8593
2411 5815 7209
5815 2411 7209
7209 2411 5815
1694 1013 11536
1013 1694 11536
11536 1013 1694
11235 3814 14965
14965 3814 11235
3814 11235 14965
12331 2484 4954
4954 2484 12331
2484 4954 12331
1575 7432 13873
7432 1575 13873
13873 1575 7432
8251 7218 12381
12381 7218 8251
7218 8251 12381
7076 11786 12278
11786 7076 12278
12278 7076 11786
9696 2458 3243
3243 2458 9696
2458 3243 9696
9404 5922 11707
11707 5922 9404
5922 9404 11707
13479 2922 4995
4995 2922 13479
2922 4995 13479
1307 6864 12990
6864 1307 12990
12990 1307 6864
12197 6264 14912
6264 12197 14912
14912 6264 12197
3194 13305 14280
13305 3194 14280
14280 3194 13305
5898 1949 13326
13326 1949 5898
1949 5898 13326
9403 8530 14963
8530 9403 14963
14963 8530 9403
522 8733 13715
8733 522 13715
13715 522 8733
10040 8043 12299
12299 8043 10040
8043 10040 12299
14755 8517 13143
8517 13143 14755
13143 8517 14755
11319 119 14398
14398 119 11319
119 11319 14398
10101 4580 13599
4580 10101 13599
13599 4580 10101
12547 12076 13075
12076 12547 13075
13075 12076 12547
13835 4229 11543
4229 11543 13835
11543 4229 13835
5670 8150 11923
11923 5670 8150
8150 5670 11923
4795 3609 5972
5972 3609 4795
3609 4795 5972
1270 2867 7901
2867 1270 7901
7901 1270 2867
6682 864 7881
864 6682 7881
7881 864 6682
14862 1109 12529
12529 1109 14862
1109 12529 14862
6160 4240 5908
4240 5908 6160
5908 4240 6160
14173 11499 12681
11499 12681 14173
12681 11499 14173
8624 10352 14941
14941 8624 10352
10352 8624 14941
13511 6196 8441
6196 8441 13511
8441 6196 13511
13823 3175 13092
13092 3175 13823
3175 13092 13823
1108 5198 12795
12795 1108 5198
5198 1108 12795
8918 6601 10494
6601 8918 10494
10494 6601 8918
530 2886 3318
2886 530 3318
3318 530 2886
2956 1124 14588
14588 1124 2956
1124 2956 14588
758 2850 6305
2850 758 6305
6305 758 2850
9668 11248 11758
11248 9668 11758
11758 9668 11248
11909 5479 7324
5479 7324 11909
7324 5479 11909
1459 468 10202
468 1459 10202
10202 468 1459
111 786 6354
6354 111 786
786 111 6354
2197 14262 14720
14720 2197 14262
14262 2197 14720
10442 72 5312
72 5312 10442
5312 72 10442
2262 6793 14148
14148 2262 6793
6793 2262 14148
12462 9072 11832
11832 9072 12462
9072 11832 12462
12030 738 2529
738 2529 12030
2529 738 12030
12806 912 3143
912 3143 12806
3143 912 12806
4238 9640 14542
9640 4238 14542
14542 4238 9640
9868 2857 7040
7040 2857 9868
2857 7040 9868
4171 6008 14718
14718 4171 6008
6008 4171 14718
14670 13336 14277
14277 13336 14670
13336 14277 14670
12615 3845 8285
8285 3845 12615
3845 8285 12615
12216 7170 9453
9453 7170 12216
7170 9453 12216
8843 830 1278
1278 830 8843
830 1278 8843
13787 8590 9943
9943 8590 13787
8590 9943 13787
3958 220 2531
220 2531 3958
2531 220 3958
13815 1613 4823
4823 1613 13815
1613 4823 13815
8558 10275 12459
12459 8558 10275
10275 8558 12459
9151 8538 10773
10773 8538 9151
8538 9151 10773
8390 4025 13627
4025 8390 13627
13627 4025 8390
716 341 13239
341 716 13239
13239 341 716
13450 8846 13980
13980 8846 13450
8846 13450 13980
5091 7737 9257
9257 5091 7737
7737 5091 9257
5593 6483 14427
6483 5593 14427
14427 5593 6483
1011 380 11003
380 1011 11003
11003 380 1011
857 11376 14206
14206 857 11376
11376 857 14206
2901 10440 12218
10440 2901 12218
12218 2901 10440
13122 11584 12283
12283 11584 13122
11584 12283 13122
10771 1495 12153
1495 10771 12153
12153 1495 10771
12714 5929 9181
9181 5929 12714
5929 9181 12714
68 4685 9695
9695 68 4685
4685 68 9695
13874 4857 5611
5611 4857 13874
4857 5611 13874
14156 2354 5073
5073 2354 14156
2354 5073 14156
12661 4126 8890
8890 4126 12661
4126 8890 12661
14128 12303 14379
12303 14128 14379
14379 12303 14128
10846 2569 7204
7204 2569 10846
2569 7204 10846
14794 1297 10542
1297 10542 14794
10542 1297 14794
6089 2111 5635
2111 5635 6089
5635 2111 6089
10279 60 8516
8516 60 10279
60 8516 10279
9280 3711 12287
12287 3711 9280
3711 9280 12287
14410 8523 13679
8523 13679 14410
13679 8523 14410
9330 1859 11643
1859 9330 11643
11643 1859 9330
5906 4445 14465
4445 5906 14465
14465 4445 5906
1559 6255 11151
11151 1559 6255
6255 1559 11151
13091 429 4143
4143 429 13091
429 4143 13091
6837 10325 12217
10325 6837 12217
12217 6837 10325
11318 9197 10364
10364 9197 11318
9197 10364 11318
3941 8564 9356
8564 3941 9356
9356 3941 8564
13784 5639 5729
5729 5639 13784
5639 5729 13784
7244 9111 11878
9111 7244 11878
11878 7244 9111
11921 199 14555
14555 199 11921
199 11921 14555
13452 3760 14415
3760 13452 14415
14415 3760 13452
12807 9721 11285
11285 9721 12807
9721 11285 12807
9255 5676 11185
11185 5676 9255
5676 9255 11185
12684 8121 13044
8121 12684 13044
13044 8121 12684
5063 829 14778
829 5063 14778
14778 829 5063
11150 4540 7920
4540 7920 11150
7920 4540 11150
7627 3715 7467
7467 3715 7627
3715 7467 7627
1154 714 2774
2774 714 1154
714 1154 2774
7382 7732 12385
7732 7382 12385
12385 7382 7732
7717 3382 5098
3382 5098 7717
5098 3382 7717
621 8241 9401
8241 621 9401
9401 621 8241
8128 4544 7019
7019 4544 8128
4544 7019 8128
5988 10613 13644
13644 5988 10613
10613 5988 13644
11075 1606 6738
6738 1606 11075
1606 6738 11075
13161 8153 13088
13088 8153 13161
8153 13088 13161
2236 2519 11861
11861 2236 2519
2519 2236 11861
3560 8273 12578
8273 3560 12578
12578 3560 8273
2849 8008 9564
9564 2849 8008
8008 2849 9564
11534 12036 13994
13994 11534 12036
12036 11534 13994
2479 9338 12642
9338 2479 12642
12642 2479 9338
3537 1254 8038
8038 1254 3537
1254 3537 8038
6923 6094 14192
6094 6923 14192
14192 6094 6923
1399 4248 8896
8896 1399 4248
4248 1399 8896
10949 5518 8349
5518 8349 10949
8349 5518 10949
817 95 2169
95 817 2169
2169 95 817
9958 3267 8864
8864 3267 9958
3267 8864 9958
3757 2017 5015
5015 2017 3757
2017 3757 5015
10586 6372 8838
6372 8838 10586
8838 6372 10586
12564 1659 1667
1667 1659 12564
1659 1667 12564
14046 8883 9885
9885 8883 14046
8883 9885 14046
7722 9538 12656
12656 7722 9538
9538 7722 12656
2300 3465 14848
14848 2300 3465
3465 2300 14848
3985 5975 10698
5975 3985 10698
10698 3985 5975
477 8854 10483
8854 477 10483
10483 477 8854
4210 8980 13373
13373 4210 8980
8980 4210 13373
6399 6518 11774
11774 6399 6518
6518 6399 11774
2498 2261 3990
2261 2498 3990
3990 2261 2498
10507 8900 12357
12357 8900 10507
8900 10507 12357
3277 3017 7996
7996 3017 3277
3017 3277 7996
554 120 2002
2002 120 554
120 554 2002
1583 10703 11782
10703 1583 11782
11782 1583 10703
336 1069 2010
2010 336 1069
1069 336 2010
8374 7631 8139
8139 7631 8374
7631 8139 8374
9126 1562 4880
4880 1562 9126
1562 4880 9126
1526 405 8445
8445 405 1526
405 1526 8445
2975 7386 11088
7386 2975 11088
11088 2975 7386
5011 2072 10592
2072 5011 10592
10592 2072 5011
5160 767 12726
767 5160 12726
12726 767 5160
6217 3204 7775
7775 3204 6217
3204 6217 7775
8409 6994 12926
6994 8409 12926
12926 6994 8409
15000 3932 8397
3932 8397 15000
8397 3932 15000
3478 4790 6671
4790 3478 6671
6671 3478 4790
7757 1614 5054
1614 5054 7757
5054 1614 7757
2081 8171 13732
8171 2081 13732
13732 2081 8171
8889 316 908
908 316 8889
316 908 8889
9207 5297 8728
8728 5297 9207
5297 8728 9207
8434 5055 8250
8250 5055 8434
5055 8250 8434
11194 44 2738
2738 44 11194
44 2738 11194
12812 88 8966
8966 88 12812
88 8966 12812
6643 9499 12475
9499 6643 12475
12475 6643 9499
8723 11668 13607
13607 8723 11668
11668 8723 13607
7197 3733 12798
3733 7197 12798
12798 3733 7197
3077 1181 2505
1181 2505 3077
2505 1181 3077
12445 5327 7178
5327 7178 12445
7178 5327 12445
13124 2394 14499
14499 2394 13124
2394 13124 14499
7668 1833 8882
1833 7668 8882
8882 1833 7668
11290 4202 13879
13879 4202 11290
4202 11290 13879
4182 2333 3126
2333 3126 4182
3126 2333 4182
2893 2217 13111
13111 2217 2893
2217 2893 13111
12837 3522 11765
11765 3522 12837
3522 11765 12837
8482 8709 8751
8751 8482 8709
8709 8482 8751
7401 3770 7823
3770 7401 7823
7823 3770 7401
9445 6311 12160
12160 6311 9445
6311 9445 12160
13483 4861 6259
4861 6259 13483
6259 4861 13483
5414 8331 10031
10031 5414 8331
8331 5414 10031
4123 381 5786
381 4123 5786
5786 381 4123
4840 6634 11860
6634 4840 11860
11860 4840 6634
10382 7182 14317
14317 7182 10382
7182 10382 14317
13341 5071 5307
5307 5071 13341
5071 5307 13341
10018 10391 11484
10391 10018 11484
11484 10018 10391
3387 3743 11953
11953 3387 3743
3743 3387 11953
567 3240 5636
5636 567 3240
3240 567 5636
13400 3557 6765
3557 6765 13400
6765 3557 13400
9942 8454 11834
11834 8454 9942
8454 9942 11834
5378 4387 8594
4387 5378 8594
8594 4387 5378
4743 575 5851
5851 575 4743
575 4743 5851
1808 7814 7915
7814 1808 7915
7915 1808 7814
1698 2388 11080
2388 1698 11080
11080 1698 2388
11177 4146 9850
4146 9850 11177
9850 4146 11177
1012 3919 12900
3919 1012 12900
12900 1012 3919
6874 1538 14947
1538 6874 14947
14947 1538 6874
7097 5520 9430
9430 5520 7097
5520 7097 9430
14311 8333 12911
8333 12911 14311
12911 8333 14311
9106 8197 13071
13071 8197 9106
8197 9106 13071
7426 3565 8932
8932 3565 7426
3565 7426 8932
1158 5824 13455
13455 1158 5824
5824 1158 13455
1795 9212 12067
9212 1795 12067
12067 1795 9212
5785 1568 8841
8841 1568 5785
1568 5785 8841
2794 7463 8748
7463 2794 8748
8748 2794 7463
6452 3203 14533
14533 3203 6452
3203 6452 14533
5249 4741 8527
4741 5249 8527
8527 4741 5249
799 6024 12978
12978 799 6024
6024 799 12978
7866 7525 14742
7525 7866 14742
14742 7525 7866
5550 3900 11325
11325 3900 5550
3900 5550 11325
2097 8862 14095
14095 2097 8862
8862 2097 14095
12629 3561 10268
10268 3561 12629
3561 10268 12629
2353 521 4325
521 2353 4325
4325 521 2353
5533 4347 11348
4347 5533 11348
11348 4347 5533
503 8373 13045
13045 503 8373
8373 503 13045
12808 3678 13166
13166 3678 12808
3678 12808 13166
7037 6715 8724
6715 7037 8724
8724 6715 7037
924 6101 11938
6101 924 11938
11938 924 6101
3948 1370 13959
1370 3948 13959
13959 1370 3948
8995 8046 11753
11753 8046 8995
8046 8995 11753
3177 12102 14272
12102 3177 14272
14272 3177 12102
7840 10772 13486
13486 7840 10772
10772 7840 13486
9225 3210 5744
5744 3210 9225
3210 5744 9225
8792 401 11864
401 8792 11864
11864 401 8792
1020 151 6774
6774 151 1020
151 1020 6774
6067 5441 12534
12534 5441 6067
5441 6067 12534
1877 1790 6741
1790 1877 6741
6741 1790 1877
6132 4937 14342
4937 6132 14342
14342 4937 6132
9639 6621 7251
7251 6621 9639
6621 7251 9639
13442 8670 13073
13073 8670 13442
8670 13073 13442
1873 2950 8346
2950 1873 8346
8346 1873 2950
5963 11436 13937
11436 5963 13937
13937 5963 11436
9201 5513 12697
5513 9201 12697
12697 5513 9201
10482 5442 9099
5442 9099 10482
9099 5442 10482
11569 7370 11202
7370 11202 11569
11202 7370 11569
12405 7729 11022
7729 11022 12405
11022 7729 12405
5773 5605 9876
9876 5605 5773
5605 5773 9876
10879 1513 11537
11537 1513 10879
1513 10879 11537
7221 4984 6062
6062 4984 7221
4984 6062 7221
2004 12617 14263
14263 2004 12617
12617 2004 14263
13395 1187 12310
1187 12310 13395
12310 1187 13395
6540 12860 14450
14450 6540 12860
12860 6540 14450
8248 3499 12230
12230 3499 8248
3499 8248 12230
10736 9986 13836
9986 10736 13836
13836 9986 10736
9547 1235 4327
1235 4327 9547
4327 1235 9547
2727 8989 12600
8989 2727 12600
12600 2727 8989
14376 6988 11176
11176 6988 14376
6988 11176 14376
7214 476 5452
476 5452 7214
5452 476 7214
5036 3445 10045
3445 5036 10045
10045 3445 5036
14822 1880 4987
1880 4987 14822
4987 1880 14822
10955 7309 7752
7309 7752 10955
7752 7309 10955
14271 4781 8158
8158 4781 14271
4781 8158 14271
4030 9105 13912
9105 4030 13912
13912 4030 9105
4474 3221 10579
