31794 4819 50096
50096 4819 31794
4819 31794 50096
63615 79563 118816
118816 63615 79563
79563 63615 118816
46792 107016 149296
149296 46792 107016
107016 46792 149296
10074 28187 94342
28187 10074 94342
94342 10074 28187
139693 83936 120136
120136 83936 139693
83936 120136 139693
28985 47052 59381
47052 28985 59381
59381 28985 47052
3479 98560 137731
98560 3479 137731
137731 3479 98560
145433 51678 72590
72590 51678 145433
51678 72590 145433
15327 1343 16984
16984 1343 15327
1343 15327 16984
49414 7859 116997
116997 7859 49414
7859 49414 116997
123826 125699 144210
125699 123826 144210
144210 123826 125699
132525 85948 90616
90616 85948 132525
85948 90616 132525
36850 34917 63604
34917 36850 63604
63604 34917 36850
35531 60547 133500
133500 35531 60547
60547 35531 133500
123372 25910 74570
74570 25910 123372
25910 74570 123372
27273 46484 137757
137757 27273 46484
46484 27273 137757
129888 44015 107353
107353 44015 129888
44015 107353 129888
39601 2537 99018
99018 2537 39601
2537 39601 99018
44655 24775 46366
46366 24775 44655
24775 44655 46366
101318 72387 117080
72387 101318 117080
117080 72387 101318
7691 36752 78036
36752 7691 78036
78036 7691 36752
32820 38000 69726
38000 32820 69726
69726 32820 38000
146654 24456 141834
24456 141834 146654
141834 24456 146654
148552 305 36973
36973 305 148552
305 36973 148552
30735 23781 66845
66845 23781 30735
23781 30735 66845
23174 84586 95897
84586 23174 95897
95897 23174 84586
134201 32339 91983
32339 91983 134201
91983 32339 134201
1653 29006 117575
29006 1653 117575
117575 1653 29006
91533 62217 64083
62217 64083 91533
64083 62217 91533
76946 4487 67319
67319 4487 76946
4487 67319 76946
29392 66900 126574
126574 29392 66900
66900 29392 126574
108731 15077 60284
15077 60284 108731
60284 15077 108731
120067 5557 69469
69469 5557 120067
5557 69469 120067
141721 127897 143242
127897 141721 143242
143242 127897 141721
28976 8475 53467
8475 28976 53467
53467 8475 28976
40808 121294 139443
121294 40808 139443
139443 40808 121294
144808 30089 134082
30089 134082 144808
134082 30089 144808
124269 1701 94032
94032 1701 124269
1701 94032 124269
103953 31460 131466
31460 103953 131466
131466 31460 103953
5199 75715 112830
112830 5199 75715
75715 5199 112830
121003 5832 97278
5832 97278 121003
97278 5832 121003
41207 3030 49410
3030 41207 49410
49410 3030 41207
40616 26818 88418
26818 40616 88418
88418 26818 40616
32991 74410 81984
74410 32991 81984
81984 32991 74410
75248 51783 103280
51783 75248 103280
103280 51783 75248
53066 18428 53978
53978 18428 53066
18428 53066 53978
53007 84702 103462
84702 53007 103462
103462 53007 84702
98067 37912 53990
37912 53990 98067
53990 37912 98067
99588 35334 78679
78679 35334 99588
35334 78679 99588
63277 101263 127512
127512 63277 101263
101263 63277 127512
67021 23928 94394
94394 23928 67021
23928 67021 94394
111923 4850 148135
4850 111923 148135
148135 4850 111923
48917 76917 92550
76917 48917 92550
92550 48917 76917
138177 20119 67974
67974 20119 138177
20119 67974 138177
44841 109602 118892
109602 44841 118892
118892 44841 109602
143278 48570 122685
48570 122685 143278
122685 48570 143278
111293 59256 139176
139176 59256 111293
59256 111293 139176
142401 9990 54890
54890 9990 142401
9990 54890 142401
8306 67047 104241
104241 8306 67047
67047 8306 104241
138906 102333 130562
130562 102333 138906
102333 130562 138906
127107 66470 87911
87911 66470 127107
66470 87911 127107
47625 51064 95851
51064 47625 95851
95851 47625 51064
99318 43297 43430
43297 43430 99318
43430 43297 99318
26884 3099 116374
116374 3099 26884
3099 26884 116374
103480 11838 38085
11838 38085 103480
38085 11838 103480
46633 12294 32944
32944 12294 46633
12294 32944 46633
129122 39127 144561
144561 39127 129122
39127 129122 144561
37595 71317 122880
122880 37595 71317
71317 37595 122880
96002 54620 124791
124791 54620 96002
54620 96002 124791
81796 126334 137338
137338 81796 126334
126334 81796 137338
2540 34006 44125
34006 2540 44125
44125 2540 34006
46916 57233 102020
102020 46916 57233
57233 46916 102020
71701 55092 63795
63795 55092 71701
55092 63795 71701
141656 71128 102032
102032 71128 141656
71128 102032 141656
63306 95146 133904
133904 63306 95146
95146 63306 133904
607 21484 63121
21484 607 63121
63121 607 21484
16149 128005 145265
145265 16149 128005
128005 16149 145265
90411 30399 114258
30399 90411 114258
114258 30399 90411
102428 85004 145776
145776 85004 102428
85004 102428 145776
130708 90761 126381
126381 90761 130708
90761 126381 130708
15949 61827 99919
61827 15949 99919
99919 15949 61827
139429 52152 125977
52152 125977 139429
125977 52152 139429
82698 12987 40070
12987 40070 82698
40070 12987 82698
35938 57298 127072
127072 35938 57298
57298 35938 127072
122440 13543 101081
101081 13543 122440
13543 101081 122440
54349 25445 93603
93603 25445 54349
25445 54349 93603
24912 25320 148571
25320 24912 148571
148571 24912 25320
120739 14529 49394
14529 49394 120739
49394 14529 120739
17595 32176 131446
32176 17595 131446
131446 17595 32176
108448 21252 74502
21252 74502 108448
74502 21252 108448
82592 36546 133275
36546 82592 133275
133275 36546 82592
55297 61739 94364
61739 55297 94364
94364 55297 61739
44657 34399 146129
146129 34399 44657
34399 44657 146129
6024 89562 112666
89562 6024 112666
112666 6024 89562
141052 71382 104964
104964 71382 141052
71382 104964 141052
101619 11158 83492
83492 11158 101619
11158 83492 101619
103057 115496 137011
137011 103057 115496
115496 103057 137011
106403 83569 113850
83569 106403 113850
113850 83569 106403
19911 79951 125918
125918 19911 79951
79951 19911 125918
67016 67241 90185
67241 67016 90185
90185 67016 67241
146816 42363 51091
42363 51091 146816
51091 42363 146816
14687 46028 105838
105838 14687 46028
46028 14687 105838
95155 87734 128241
87734 95155 128241
128241 87734 95155
115046 40270 56613
56613 40270 115046
40270 56613 115046
52253 5242 37611
5242 37611 52253
37611 5242 52253
127616 26978 109852
109852 26978 127616
26978 109852 127616
126387 39379 139608
139608 39379 126387
39379 126387 139608
35113 38121 44585
38121 35113 44585
44585 35113 38121
134106 79430 116215
116215 79430 134106
79430 116215 134106
145492 144739 145514
144739 145492 145514
145514 144739 145492
64258 137278 148480
137278 64258 148480
148480 64258 137278
45878 8982 124360
124360 8982 45878
8982 45878 124360
66579 573 18855
18855 573 66579
573 18855 66579
24191 56900 135050
135050 24191 56900
56900 24191 135050
732 4783 46126
4783 732 46126
46126 732 4783
89384 35699 41868
41868 35699 89384
35699 41868 89384
39620 65187 78008
78008 39620 65187
65187 39620 78008
46407 57110 107936
57110 46407 107936
107936 46407 57110
80555 71531 148982
71531 80555 148982
148982 71531 80555
126190 42703 67151
67151 42703 126190
42703 67151 126190
39298 68446 117635
68446 39298 117635
117635 39298 68446
30527 59555 87023
87023 30527 59555
59555 30527 87023
111932 25710 139398
139398 25710 111932
25710 111932 139398
82319 108853 112371
108853 82319 112371
112371 82319 108853
126173 13233 58356
13233 58356 126173
58356 13233 126173
114261 104952 134245
104952 114261 134245
134245 104952 114261
62973 6765 56374
6765 56374 62973
56374 6765 62973
29173 63537 84486
84486 29173 63537
63537 29173 84486
129571 10237 82920
82920 10237 129571
10237 82920 129571
22358 14570 25151
14570 22358 25151
25151 14570 22358
72240 45924 119258
45924 72240 119258
119258 45924 72240
100273 3546 126985
3546 100273 126985
126985 3546 100273
117788 94467 149768
149768 94467 117788
94467 117788 149768
293 36925 148342
36925 293 148342
148342 293 36925
96081 127075 148322
127075 96081 148322
148322 96081 127075
119144 17252 116147
116147 17252 119144
17252 116147 119144
22646 53641 137976
137976 22646 53641
53641 22646 137976
48423 19343 26822
26822 19343 48423
19343 26822 48423
73257 20766 87078
87078 20766 73257
20766 73257 87078
11404 118546 142724
118546 11404 142724
142724 11404 118546
94614 63040 106427
63040 94614 106427
106427 63040 94614
50447 126114 133075
126114 50447 133075
133075 50447 126114
144242 83454 98137
83454 98137 144242
98137 83454 144242
115241 12350 46629
12350 46629 115241
46629 12350 115241
49054 21752 139361
21752 49054 139361
139361 21752 49054
133809 24862 148127
24862 133809 148127
148127 24862 133809
37316 14392 84142
14392 37316 84142
84142 14392 37316
7803 4095 6213
4095 6213 7803
6213 4095 7803
120091 30939 128364
30939 120091 128364
128364 30939 120091
12610 18933 141962
141962 12610 18933
18933 12610 141962
124 122319 130403
130403 124 122319
122319 124 130403
120400 25089 130148
25089 120400 130148
130148 25089 120400
76569 20599 140684
140684 20599 76569
20599 76569 140684
141432 83757 108047
83757 108047 141432
108047 83757 141432
94460 59102 77632
59102 77632 94460
77632 59102 94460
101879 24892 30148
24892 30148 101879
30148 24892 101879
148323 10889 141914
141914 10889 148323
10889 141914 148323
84829 72603 76848
72603 76848 84829
76848 72603 84829
147197 8735 16031
16031 8735 147197
8735 16031 147197
81705 80742 134444
80742 81705 134444
134444 80742 81705
64968 85401 133712
85401 64968 133712
133712 64968 85401
105244 11352 144983
144983 11352 105244
11352 105244 144983
69158 18961 89735
89735 18961 69158
18961 69158 89735
15211 5042 86353
86353 5042 15211
5042 15211 86353
32828 8190 107853
107853 8190 32828
8190 32828 107853
19872 67150 81431
67150 19872 81431
81431 19872 67150
22519 30045 91341
91341 22519 30045
30045 22519 91341
27344 108024 125630
108024 27344 125630
125630 27344 108024
103939 24841 106414
24841 103939 106414
106414 24841 103939
16130 89394 134806
134806 16130 89394
89394 16130 134806
42162 75861 94719
94719 42162 75861
75861 42162 94719
114804 57476 101918
57476 101918 114804
101918 57476 114804
50788 10430 12815
10430 12815 50788
12815 10430 50788
146403 16657 86248
16657 86248 146403
86248 16657 146403
33832 9524 9805
9805 9524 33832
9524 9805 33832
18666 49540 100703
49540 18666 100703
100703 18666 49540
71370 71898 115047
71898 71370 115047
115047 71370 71898
144835 129032 144045
129032 144045 144835
144045 129032 144835
129207 77869 129696
129696 77869 129207
77869 129207 129696
28940 32256 143245
143245 28940 32256
32256 28940 143245
41382 69313 89108
89108 41382 69313
69313 41382 89108
64538 53885 93283
93283 53885 64538
53885 64538 93283
136197 113359 146383
113359 136197 146383
146383 113359 136197
119001 21803 135830
21803 119001 135830
135830 21803 119001
136737 78952 147461
78952 136737 147461
147461 78952 136737
76802 24468 114330
24468 76802 114330
114330 24468 76802
147075 138228 148272
148272 138228 147075
138228 147075 148272
76316 26876 68707
26876 68707 76316
68707 26876 76316
113812 91851 145483
91851 113812 145483
145483 91851 113812
133530 17014 74528
74528 17014 133530
17014 74528 133530
50380 55003 82623
55003 50380 82623
82623 50380 55003
6572 47125 59049
47125 6572 59049
59049 6572 47125
73899 101137 141082
141082 73899 101137
101137 73899 141082
114069 19948 123478
123478 19948 114069
19948 114069 123478
88062 110556 142639
110556 88062 142639
142639 88062 110556
82670 83609 141652
83609 82670 141652
141652 82670 83609
141581 57815 130613
130613 57815 141581
57815 130613 141581
33984 72423 141452
72423 33984 141452
141452 33984 72423
117704 74636 121476
74636 117704 121476
121476 74636 117704
137571 71346 143503
71346 137571 143503
143503 71346 137571
89778 84686 109402
84686 89778 109402
109402 84686 89778
124921 6788 114800
114800 6788 124921
6788 114800 124921
93046 67958 148643
67958 93046 148643
148643 67958 93046
56356 87919 97279
87919 56356 97279
97279 56356 87919
25845 16060 44104
16060 25845 44104
44104 16060 25845
142176 26846 51033
26846 51033 142176
51033 26846 142176
11967 17769 144735
144735 11967 17769
17769 11967 144735
95849 8514 130892
8514 95849 130892
130892 8514 95849
88806 15018 103681
15018 88806 103681
103681 15018 88806
45650 51018 64507
51018 45650 64507
64507 45650 51018
102708 5724 142865
5724 102708 142865
142865 5724 102708
18120 21100 85661
21100 18120 85661
85661 18120 21100
103066 128148 143184
143184 103066 128148
128148 103066 143184
142978 29804 93121
93121 29804 142978
29804 93121 142978
78982 74092 90644
74092 78982 90644
90644 74092 78982
63218 30386 77991
77991 30386 63218
30386 63218 77991
28660 15207 49021
15207 28660 49021
49021 15207 28660
101811 44817 98199
98199 44817 101811
44817 98199 101811
9963 2506 86750
2506 9963 86750
86750 2506 9963
72031 45309 58091
58091 45309 72031
45309 58091 72031
44968 116522 126405
116522 44968 126405
126405 44968 116522
10083 120039 124626
120039 10083 124626
124626 10083 120039
78854 84447 124353
84447 78854 124353
124353 78854 84447
12191 27996 140067
140067 12191 27996
27996 12191 140067
47359 80887 149397
80887 47359 149397
149397 47359 80887
112197 18060 39986
39986 18060 112197
18060 39986 112197
133920 15362 82467
82467 15362 133920
15362 82467 133920
99885 50883 146039
50883 99885 146039
146039 50883 99885
79113 17520 96447
96447 17520 79113
17520 79113 96447
35632 13696 50009
13696 35632 50009
50009 13696 35632
5563 826 84820
84820 826 5563
826 5563 84820
82256 5308 115007
115007 5308 82256
5308 82256 115007
67926 34223 106227
34223 67926 106227
106227 34223 67926
72400 52464 83426
83426 52464 72400
52464 72400 83426
109792 126498 128751
126498 109792 128751
128751 109792 126498
97310 101594 129180
129180 97310 101594
101594 97310 129180
51068 3117 43384
43384 3117 51068
3117 43384 51068
122196 60559 107312
60559 107312 122196
107312 60559 122196
70251 112468 149758
112468 70251 149758
149758 70251 112468
45419 2516 4409
4409 2516 45419
2516 4409 45419
146965 38558 99005
38558 99005 146965
99005 38558 146965
55143 4033 41287
4033 41287 55143
41287 4033 55143
43987 58343 105964
58343 43987 105964
105964 43987 58343
142519 40865 116639
116639 40865 142519
40865 116639 142519
106299 120869 140454
120869 106299 140454
140454 106299 120869
24343 742 129620
129620 742 24343
742 24343 129620
128293 21707 37019
37019 21707 128293
21707 37019 128293
61161 75957 145594
75957 61161 145594
145594 61161 75957
4035 38490 149246
38490 4035 149246
149246 4035 38490
130682 93150 145112
93150 130682 145112
145112 93150 130682
134761 67 55216
67 55216 134761
55216 67 134761
74368 12502 92955
12502 74368 92955
92955 12502 74368
28602 42973 45870
42973 28602 45870
45870 28602 42973
5117 1783 21924
1783 5117 21924
21924 1783 5117
16126 146237 148095
146237 16126 148095
148095 16126 146237
121418 118654 141398
118654 121418 141398
141398 118654 121418
118494 8081 72919
72919 8081 118494
8081 72919 118494
97620 16636 67855
16636 67855 97620
67855 16636 97620
43552 86063 114856
114856 43552 86063
86063 43552 114856
64524 37147 114512
37147 64524 114512
114512 37147 64524
20919 74305 145121
74305 20919 145121
145121 20919 74305
58233 3280 82872
82872 3280 58233
3280 58233 82872
72036 59432 72514
72514 59432 72036
59432 72036 72514
59196 7877 146923
146923 7877 59196
7877 59196 146923
142386 673 116010
673 116010 142386
116010 673 142386
60016 11786 136264
11786 60016 136264
136264 11786 60016
25199 2768 91580
91580 2768 25199
2768 25199 91580
33634 18096 116356
116356 18096 33634
18096 33634 116356
24647 103912 135658
135658 24647 103912
103912 24647 135658
76621 9721 55376
55376 9721 76621
9721 55376 76621
88069 45474 117819
117819 45474 88069
45474 88069 117819
26428 75039 145581
145581 26428 75039
75039 26428 145581
80424 22363 97476
22363 80424 97476
97476 22363 80424
112262 6507 111639
6507 111639 112262
111639 6507 112262
82449 79240 119383
119383 79240 82449
79240 82449 119383
25831 70776 99870
70776 25831 99870
99870 25831 70776
130471 47282 62818
47282 62818 130471
62818 47282 130471
63172 128082 129330
128082 63172 129330
129330 63172 128082
29475 39281 141908
141908 29475 39281
39281 29475 141908
74668 2355 26220
2355 26220 74668
26220 2355 74668
48117 77301 141798
141798 48117 77301
77301 48117 141798
95053 80455 96462
80455 95053 96462
96462 80455 95053
145097 35808 77184
35808 77184 145097
77184 35808 145097
94305 99004 111144
111144 94305 99004
99004 94305 111144
49539 760 20825
760 20825 49539
20825 760 49539
6967 135021 135656
135656 6967 135021
135021 6967 135656
64712 2335 18854
2335 18854 64712
18854 2335 64712
70267 17672 33547
17672 33547 70267
33547 17672 70267
67124 26162 49770
26162 49770 67124
49770 26162 67124
84817 94592 101380
101380 84817 94592
94592 84817 101380
12628 81023 135860
135860 12628 81023
81023 12628 135860
58935 63673 94449
63673 58935 94449
94449 58935 63673
131884 58689 114195
58689 114195 131884
114195 58689 131884
138699 98331 136417
136417 98331 138699
98331 136417 138699
118088 40190 41769
40190 41769 118088
41769 40190 118088
92174 43287 144583
43287 92174 144583
144583 43287 92174
84135 18370 25327
18370 25327 84135
25327 18370 84135
136986 38603 100679
100679 38603 136986
38603 100679 136986
82429 115376 149727
115376 82429 149727
149727 82429 115376
57161 34221 114647
114647 34221 57161
34221 57161 114647
134317 43879 60511
60511 43879 134317
43879 60511 134317
69483 39472 41916
39472 41916 69483
41916 39472 69483
43234 52565 84580
84580 43234 52565
52565 43234 84580
985 87385 142526
142526 985 87385
87385 985 142526
107140 5079 78339
78339 5079 107140
5079 78339 107140
135898 1628 137995
137995 1628 135898
1628 135898 137995
98420 23574 74194
23574 74194 98420
74194 23574 98420
137820 33393 146848
33393 137820 146848
146848 33393 137820
47467 90266 116763
116763 47467 90266
90266 47467 116763
36427 3316 17029
17029 3316 36427
3316 17029 36427
38854 71022 117400
117400 38854 71022
71022 38854 117400
82603 112883 126412
112883 82603 126412
126412 82603 112883
92205 101675 139329
101675 92205 139329
139329 92205 101675
11167 45173 138144
138144 11167 45173
45173 11167 138144
94696 33156 66023
33156 66023 94696
66023 33156 94696
73121 93498 142136
93498 73121 142136
142136 73121 93498
54658 107689 124991
107689 54658 124991
124991 54658 107689
70000 23636 137002
23636 70000 137002
137002 23636 70000
60072 142173 143653
143653 60072 142173
142173 60072 143653
145789 67697 69748
67697 69748 145789
69748 67697 145789
17971 115678 147077
115678 17971 147077
147077 17971 115678
119419 1228 69443
1228 69443 119419
69443 1228 119419
75098 67934 120855
120855 67934 75098
67934 75098 120855
47935 81408 98424
81408 47935 98424
98424 47935 81408
101928 33548 50807
50807 33548 101928
33548 50807 101928
34398 130749 139707
130749 34398 139707
139707 34398 130749
128649 33019 72500
33019 72500 128649
72500 33019 128649
126401 86098 121148
121148 86098 126401
86098 121148 126401
143959 52031 142300
142300 52031 143959
52031 142300 143959
30929 19289 85278
19289 30929 85278
85278 19289 30929
34570 10611 118955
118955 10611 34570
10611 34570 118955
31936 12797 54807
12797 31936 54807
54807 12797 31936
92885 89998 111371
89998 92885 111371
111371 89998 92885
86563 5746 103819
103819 5746 86563
5746 86563 103819
180 90500 98834
98834 180 90500
90500 180 98834
122233 6769 104517
6769 104517 122233
104517 6769 122233
21614 61120 110459
61120 21614 110459
110459 21614 61120
65916 128181 149509
128181 65916 149509
149509 65916 128181
142888 97717 136194
97717 136194 142888
136194 97717 142888
68816 46410 58117
58117 46410 68816
46410 58117 68816
92157 105270 137737
137737 92157 105270
105270 92157 137737
123687 39594 92222
92222 39594 123687
39594 92222 123687
75290 35828 130136
130136 35828 75290
35828 75290 130136
109296 16388 143045
16388 109296 143045
143045 16388 109296
92600 113592 137974
137974 92600 113592
113592 92600 137974
139381 58965 94961
58965 94961 139381
94961 58965 139381
114849 3955 54014
3955 54014 114849
54014 3955 114849
149126 22773 120415
22773 120415 149126
120415 22773 149126
78716 49924 56540
56540 49924 78716
49924 56540 78716
94358 38627 65722
38627 65722 94358
65722 38627 94358
82927 94978 98646
98646 82927 94978
94978 82927 98646
21706 114184 130047
114184 21706 130047
130047 21706 114184
7723 93426 98738
93426 7723 98738
98738 7723 93426
90026 117464 119859
117464 90026 119859
119859 90026 117464
3136 31262 45242
45242 3136 31262
31262 3136 45242
5560 29218 118796
118796 5560 29218
29218 5560 118796
46796 25856 87910
25856 46796 87910
87910 25856 46796
36943 18360 50353
50353 18360 36943
18360 36943 50353
10014 37056 126340
126340 10014 37056
37056 10014 126340
135530 16588 121206
16588 121206 135530
121206 16588 135530
121075 6678 149301
6678 121075 149301
149301 6678 121075
1741 8606 148499
148499 1741 8606
8606 1741 148499
122813 9066 133754
133754 9066 122813
9066 122813 133754
75658 44271 116819
44271 75658 116819
116819 44271 75658
6409 41677 60975
60975 6409 41677
41677 6409 60975
94662 5805 55060
55060 5805 94662
5805 55060 94662
149523 81979 103603
103603 81979 149523
81979 103603 149523
144853 92966 123149
92966 123149 144853
123149 92966 144853
145769 78020 115637
78020 115637 145769
115637 78020 145769
91225 133128 136043
133128 91225 136043
136043 91225 133128
16517 75343 131090
131090 16517 75343
75343 16517 131090
48571 1996 80427
80427 1996 48571
1996 48571 80427
94031 91016 142303
142303 91016 94031
91016 94031 142303
42286 35496 130254
35496 42286 130254
130254 35496 42286
77339 90339 119619
90339 77339 119619
119619 77339 90339
120733 37666 81099
37666 81099 120733
81099 37666 120733
137411 189 24415
24415 189 137411
189 24415 137411
21945 18451 79801
79801 18451 21945
18451 21945 79801
134865 68709 138457
68709 134865 138457
138457 68709 134865
528 3382 43415
43415 528 3382
3382 528 43415
108097 92646 99472
92646 99472 108097
99472 92646 108097
111869 49070 80189
80189 49070 111869
49070 80189 111869
120657 73977 103801
73977 103801 120657
103801 73977 120657
86165 28854 70765
70765 28854 86165
28854 70765 86165
110615 88610 90662
90662 88610 110615
88610 90662 110615
38120 81871 145293
81871 38120 145293
145293 38120 81871
30183 53330 143431
143431 30183 53330
53330 30183 143431
11288 125761 126427
125761 11288 126427
126427 11288 125761
64062 16631 137546
137546 16631 64062
16631 64062 137546
41197 85877 113967
85877 41197 113967
113967 41197 85877
101454 47853 92353
92353 47853 101454
47853 92353 101454
117226 21437 100702
100702 21437 117226
21437 100702 117226
21258 112646 147904
147904 21258 112646
112646 21258 147904
47539 60598 95261
95261 47539 60598
60598 47539 95261
47961 32651 94555
32651 47961 94555
94555 32651 47961
119449 93775 123264
93775 119449 123264
123264 93775 119449
135927 58789 135976
58789 135927 135976
135976 58789 135927
126242 55421 76017
76017 55421 126242
55421 76017 126242
32906 64720 75108
64720 32906 75108
75108 32906 64720
123840 54018 66775
66775 54018 123840
54018 66775 123840
5742 10672 140907
140907 5742 10672
10672 5742 140907
56740 28141 37671
28141 37671 56740
37671 28141 56740
129216 1702 98110
1702 98110 129216
98110 1702 129216
136444 12123 83893
12123 83893 136444
83893 12123 136444
92056 104767 140198
140198 92056 104767
104767 92056 140198
95368 10312 100580
10312 95368 100580
100580 10312 95368
108390 61419 83494
61419 83494 108390
83494 61419 108390
136794 44145 122310
44145 122310 136794
122310 44145 136794
37414 90133 137467
90133 37414 137467
137467 37414 90133
86817 21983 72738
21983 72738 86817
72738 21983 86817
41346 7635 66890
66890 7635 41346
7635 41346 66890
59669 13972 54757
13972 54757 59669
54757 13972 59669
103556 12358 59597
59597 12358 103556
12358 59597 103556
103190 15473 89958
15473 89958 103190
89958 15473 103190
80949 72564 96903
96903 72564 80949
72564 80949 96903
107328 43288 123869
123869 43288 107328
43288 107328 123869
13410 19831 107094
19831 13410 107094
107094 13410 19831
115531 33747 132222
33747 115531 132222
132222 33747 115531
126218 35054 88619
35054 88619 126218
88619 35054 126218
102998 66101 122307
66101 102998 122307
122307 66101 102998
25513 18281 105522
105522 18281 25513
18281 25513 105522
48157 45927 103420
103420 45927 48157
45927 48157 103420
54131 58628 86153
86153 54131 58628
58628 54131 86153
119414 30518 145340
145340 30518 119414
30518 119414 145340
242 126479 127216
126479 242 127216
127216 242 126479
15103 26119 83649
26119 15103 83649
83649 15103 26119
87942 5727 146887
5727 87942 146887
146887 5727 87942
1522 16053 86918
16053 1522 86918
86918 1522 16053
103166 36649 41161
41161 36649 103166
36649 41161 103166
114738 34453 115267
115267 34453 114738
34453 114738 115267
21648 47579 65348
47579 21648 65348
65348 21648 47579
19255 38751 134578
38751 19255 134578
134578 19255 38751
9576 73303 123037
73303 9576 123037
123037 9576 73303
82346 75766 130917
75766 82346 130917
130917 75766 82346
134974 148977 149468
148977 134974 149468
149468 134974 148977
32446 51954 142113
51954 32446 142113
142113 32446 51954
8228 98282 114990
114990 8228 98282
98282 8228 114990
52700 26532 54230
54230 26532 52700
26532 52700 54230
52489 10415 26299
10415 26299 52489
26299 10415 52489
38026 34119 137233
137233 34119 38026
34119 38026 137233
1246 7460 11634
7460 1246 11634
11634 1246 7460
17667 59159 79161
59159 17667 79161
79161 17667 59159
4235 51393 97019
97019 4235 51393
51393 4235 97019
66941 44383 118950
44383 66941 118950
118950 44383 66941
7356 25681 90227
90227 7356 25681
25681 7356 90227
67259 34503 147080
147080 34503 67259
34503 67259 147080
45085 7259 39447
7259 39447 45085
39447 7259 45085
9109 94051 104321
94051 9109 104321
104321 9109 94051
121898 42178 123240
123240 42178 121898
42178 121898 123240
138567 32891 105083
32891 105083 138567
105083 32891 138567
69911 21072 88180
88180 21072 69911
21072 69911 88180
7109 116510 142729
116510 7109 142729
142729 7109 116510
63582 91644 98022
98022 63582 91644
91644 63582 98022
128625 31202 105561
105561 31202 128625
31202 105561 128625
53470 40875 114940
40875 53470 114940
114940 40875 53470
71063 75506 78899
75506 71063 78899
78899 71063 75506
82278 97334 141075
141075 82278 97334
97334 82278 141075
120187 29921 100969
100969 29921 120187
29921 100969 120187
140442 12245 19647
19647 12245 140442
12245 19647 140442
133378 2092 36292
2092 36292 133378
36292 2092 133378
134063 8893 53693
8893 53693 134063
53693 8893 134063
100175 11166 109421
109421 11166 100175
11166 100175 109421
18899 8462 120494
120494 8462 18899
8462 18899 120494
52329 36255 95098
36255 52329 95098
95098 36255 52329
131286 55785 87760
87760 55785 131286
55785 87760 131286
127589 19738 42316
42316 19738 127589
19738 42316 127589
58255 22774 75369
75369 22774 58255
22774 58255 75369
146207 39898 130124
39898 130124 146207
130124 39898 146207
20311 91411 120672
91411 20311 120672
120672 20311 91411
41909 1954 25468
25468 1954 41909
1954 25468 41909
110279 33021 104428
104428 33021 110279
33021 104428 110279
21625 33367 62171
62171 21625 33367
33367 21625 62171
148390 24284 53546
24284 53546 148390
53546 24284 148390
102865 47228 111974
111974 47228 102865
47228 102865 111974
131676 19085 127878
19085 127878 131676
127878 19085 131676
38184 32124 94711
32124 38184 94711
94711 32124 38184
49653 97667 105283
105283 49653 97667
97667 49653 105283
71791 7897 31966
7897 31966 71791
31966 7897 71791
120745 19248 76893
19248 76893 120745
76893 19248 120745
69202 68937 98773
68937 69202 98773
98773 68937 69202
104753 24275 35741
24275 35741 104753
35741 24275 104753
113910 67541 131490
67541 113910 131490
131490 67541 113910
119066 27441 29134
29134 27441 119066
27441 29134 119066
124743 9114 143092
9114 124743 143092
143092 9114 124743
23409 109606 137619
137619 23409 109606
109606 23409 137619
57338 26917 146242
26917 57338 146242
146242 26917 57338
56899 37037 128350
37037 56899 128350
128350 37037 56899
87163 18070 101925
101925 18070 87163
18070 87163 101925
132025 50971 148714
148714 50971 132025
50971 132025 148714
54016 84576 105805
84576 54016 105805
105805 54016 84576
56362 61597 144308
61597 56362 144308
144308 56362 61597
114876 77051 96974
96974 77051 114876
77051 96974 114876
62829 63128 64418
63128 62829 64418
64418 62829 63128
46498 52425 71457
71457 46498 52425
52425 46498 71457
73344 112391 132151
132151 73344 112391
112391 73344 132151
93075 16430 108318
16430 93075 108318
108318 16430 93075
112568 10748 17770
17770 10748 112568
10748 17770 112568
41629 50997 69865
50997 41629 69865
69865 41629 50997
39314 31226 85680
31226 39314 85680
85680 31226 39314
140953 61572 95069
61572 95069 140953
95069 61572 140953
23241 56357 96802
96802 23241 56357
56357 23241 96802
54017 136759 145841
136759 54017 145841
145841 54017 136759
39571 113655 128105
113655 39571 128105
128105 39571 113655
24176 96029 132082
132082 24176 96029
96029 24176 132082
72064 38089 38926
38089 38926 72064
38926 38089 72064
125061 89142 127080
89142 125061 127080
127080 89142 125061
115752 35957 69428
69428 35957 115752
35957 69428 115752
5527 104845 144896
144896 5527 104845
104845 5527 144896
120613 49000 148814
49000 120613 148814
148814 49000 120613
55816 109177 115213
115213 55816 109177
109177 55816 115213
36461 93756 114291
93756 36461 114291
114291 36461 93756
62735 25239 104128
104128 25239 62735
25239 62735 104128
11501 31753 38736
38736 11501 31753
31753 11501 38736
105380 129298 146044
129298 105380 146044
146044 105380 129298
58486 27937 46164
46164 27937 58486
27937 46164 58486
108522 12127 100281
100281 12127 108522
12127 100281 108522
146491 88054 91515
88054 91515 146491
91515 88054 146491
20814 11845 30062
11845 20814 30062
30062 11845 20814
37102 37904 105975
37904 37102 105975
105975 37102 37904
110119 118419 140159
140159 110119 118419
118419 110119 140159
108237 30604 77447
30604 77447 108237
77447 30604 108237
11949 28026 52290
52290 11949 28026
28026 11949 52290
40845 19249 147549
147549 19249 40845
19249 40845 147549
72606 56842 127425
127425 56842 72606
56842 72606 127425
73089 47776 86006
86006 47776 73089
47776 73089 86006
135823 6757 32453
6757 32453 135823
32453 6757 135823
112390 10782 59087
59087 10782 112390
10782 59087 112390
89790 123762 128382
128382 89790 123762
123762 89790 128382
121144 87844 125809
87844 121144 125809
125809 87844 121144
110392 21164 101264
101264 21164 110392
21164 101264 110392
47753 26691 93402
26691 47753 93402
93402 26691 47753
90637 85016 117181
85016 90637 117181
117181 85016 90637
50454 18541 131379
18541 50454 131379
131379 18541 50454
23584 82114 125502
125502 23584 82114
82114 23584 125502
137639 54461 71250
71250 54461 137639
54461 71250 137639
15213 16587 66148
66148 15213 16587
16587 15213 66148
65017 102128 108791
102128 65017 108791
108791 65017 102128
40649 8174 145793
8174 40649 145793
145793 8174 40649
103076 76228 108209
76228 103076 108209
108209 76228 103076
4439 123828 134556
134556 4439 123828
123828 4439 134556
42345 16604 119223
16604 42345 119223
119223 16604 42345
97139 97205 111726
111726 97139 97205
97205 97139 111726
147267 43686 110460
43686 110460 147267
110460 43686 147267
38189 19843 63791
19843 38189 63791
63791 19843 38189
131521 11781 106334
106334 11781 131521
11781 106334 131521
30184 107009 137760
107009 30184 137760
137760 30184 107009
57717 99164 127161
99164 57717 127161
127161 57717 99164
75371 67168 94588
94588 67168 75371
67168 75371 94588
41637 118819 131936
131936 41637 118819
118819 41637 131936
55649 9229 88502
88502 9229 55649
9229 55649 88502
4509 94506 119755
119755 4509 94506
94506 4509 119755
18350 14665 82945
82945 14665 18350
14665 18350 82945
73353 61531 137120
137120 61531 73353
61531 73353 137120
102634 96594 98670
98670 96594 102634
96594 98670 102634
1746 108247 108810
108247 1746 108810
108810 1746 108247
41101 49232 97617
49232 41101 97617
97617 41101 49232
62071 106513 144922
106513 62071 144922
144922 62071 106513
118176 4776 23948
23948 4776 118176
4776 23948 118176
111126 4180 115822
115822 4180 111126
4180 111126 115822
114414 29615 78281
29615 78281 114414
78281 29615 114414
40883 65156 81080
81080 40883 65156
65156 40883 81080
17052 26402 142421
142421 17052 26402
26402 17052 142421
139698 3491 123750
123750 3491 139698
3491 123750 139698
102977 37555 50902
50902 37555 102977
37555 50902 102977
14767 12471 135623
12471 14767 135623
135623 12471 14767
50979 362 31723
31723 362 50979
362 31723 50979
33678 14838 36463
14838 33678 36463
36463 14838 33678
85237 77183 124038
124038 77183 85237
77183 85237 124038
30345 27316 52305
27316 30345 52305
52305 27316 30345
21149 13605 82476
82476 13605 21149
13605 21149 82476
128449 14167 89538
14167 89538 128449
89538 14167 128449
91286 17141 71828
71828 17141 91286
17141 71828 91286
88867 19190 29609
29609 19190 88867
19190 29609 88867
19643 12512 119187
119187 12512 19643
12512 19643 119187
117441 52222 129578
129578 52222 117441
52222 117441 129578
57040 26521 27599
26521 27599 57040
27599 26521 57040
5976 89681 109264
109264 5976 89681
89681 5976 109264
80757 2514 14115
2514 14115 80757
14115 2514 80757
24817 25763 123417
25763 24817 123417
123417 24817 25763
99786 46245 61130
46245 61130 99786
61130 46245 99786
82257 83226 89152
89152 82257 83226
83226 82257 89152
49999 32643 78540
32643 49999 78540
78540 32643 49999
38396 48839 139950
139950 38396 48839
48839 38396 139950
29412 7729 41497
7729 29412 41497
41497 7729 29412
43028 97255 119613
97255 43028 119613
119613 43028 97255
31984 45948 120108
120108 31984 45948
45948 31984 120108
30469 80088 125802
125802 30469 80088
80088 30469 125802
92763 72241 97531
97531 72241 92763
72241 92763 97531
53504 39361 140685
39361 53504 140685
140685 39361 53504
73699 18343 80970
80970 18343 73699
18343 73699 80970
83100 23624 143028
23624 83100 143028
143028 23624 83100
31028 44165 79944
79944 31028 44165
44165 31028 79944
47371 93350 107114
107114 47371 93350
93350 47371 107114
110524 25662 52753
25662 52753 110524
52753 25662 110524
86904 105724 124429
105724 86904 124429
124429 86904 105724
36608 68316 140520
140520 36608 68316
68316 36608 140520
30099 104979 126193
126193 30099 104979
104979 30099 126193
30765 98682 111367
111367 30765 98682
98682 30765 111367
5508 22510 138861
22510 5508 138861
138861 5508 22510
1456 3518 50910
50910 1456 3518
3518 1456 50910
84287 37920 111626
37920 84287 111626
111626 37920 84287
32887 13319 14860
13319 14860 32887
14860 13319 32887
117897 85279 102543
102543 85279 117897
85279 102543 117897
8564 18065 18259
18065 8564 18259
18259 8564 18065
16140 91733 104334
91733 16140 104334
104334 16140 91733
29628 20937 42633
20937 29628 42633
42633 20937 29628
122651 95522 108630
108630 95522 122651
95522 108630 122651
46959 77081 89315
89315 46959 77081
77081 46959 89315
39288 81060 140225
140225 39288 81060
81060 39288 140225
89023 83797 93997
93997 83797 89023
83797 89023 93997
10797 26938 134607
134607 10797 26938
26938 10797 134607
1417 48434 115722
48434 1417 115722
115722 1417 48434
44541 38869 139502
38869 44541 139502
139502 38869 44541
72126 4950 45146
4950 45146 72126
45146 4950 72126
13633 43367 90188
90188 13633 43367
43367 13633 90188
101689 40581 121012
40581 101689 121012
121012 40581 101689
28698 102183 122146
122146 28698 102183
102183 28698 122146
110359 53355 82254
53355 82254 110359
82254 53355 110359
94440 32968 76827
76827 32968 94440
32968 76827 94440
61062 75507 97021
97021 61062 75507
75507 61062 97021
54393 4119 12242
4119 12242 54393
12242 4119 54393
81836 10984 45127
45127 10984 81836
10984 45127 81836
80110 76217 120894
76217 80110 120894
120894 76217 80110
85057 43929 99022
43929 85057 99022
99022 43929 85057
62172 42413 44483
42413 44483 62172
44483 42413 62172
92299 18048 117823
117823 18048 92299
18048 92299 117823
9317 92457 146459
92457 9317 146459
146459 9317 92457
69214 11246 123995
11246 69214 123995
123995 11246 69214
78655 42658 96498
42658 78655 96498
96498 42658 78655
85177 95441 140979
95441 85177 140979
140979 85177 95441
445 53695 59477
53695 445 59477
59477 445 53695
50876 16962 147601
147601 16962 50876
16962 50876 147601
136679 54577 95300
95300 54577 136679
54577 95300 136679
56403 67927 120831
67927 56403 120831
120831 56403 67927
57149 50866 65359
65359 50866 57149
50866 57149 65359
57570 47173 52071
52071 47173 57570
47173 52071 57570
103691 87146 122135
122135 87146 103691
87146 103691 122135
108503 7049 21112
7049 21112 108503
21112 7049 108503
90091 101713 121323
101713 90091 121323
121323 90091 101713
134924 55444 90245
90245 55444 134924
55444 90245 134924
97281 10141 62802
62802 10141 97281
10141 62802 97281
36553 95534 136338
136338 36553 95534
95534 36553 136338
11727 102341 127248
127248 11727 102341
102341 11727 127248
106206 73859 124515
124515 73859 106206
73859 106206 124515
108441 14503 118124
14503 108441 118124
118124 14503 108441
73541 3092 18100
18100 3092 73541
3092 18100 73541
99099 25475 36771
36771 25475 99099
25475 36771 99099
10140 97770 112108
97770 10140 112108
112108 10140 97770
143109 24558 133050
133050 24558 143109
24558 133050 143109
131854 77030 89473
89473 77030 131854
77030 89473 131854
81286 55240 60017
55240 60017 81286
60017 55240 81286
147762 60076 78980
60076 78980 147762
78980 60076 147762
10035 139825 143124
143124 10035 139825
139825 10035 143124
128779 67913 95478
95478 67913 128779
67913 95478 128779
100013 61344 93913
93913 61344 100013
61344 93913 100013
113681 91668 104843
104843 91668 113681
91668 104843 113681
29814 97435 149322
97435 29814 149322
149322 29814 97435
32418 63659 78651
78651 32418 63659
63659 32418 78651
41831 34920 36091
36091 34920 41831
34920 36091 41831
51391 83995 112686
112686 51391 83995
83995 51391 112686
3095 79211 92306
92306 3095 79211
79211 3095 92306
111020 34671 102459
102459 34671 111020
34671 102459 111020
37098 35477 101431
101431 35477 37098
35477 37098 101431
61694 12313 134491
134491 12313 61694
12313 61694 134491
20229 11216 149907
11216 20229 149907
149907 11216 20229
128692 63701 95154
63701 95154 128692
95154 63701 128692
149811 28018 59629
59629 28018 149811
28018 59629 149811
142217 97609 102309
97609 102309 142217
102309 97609 142217
124098 19775 84172
84172 19775 124098
19775 84172 124098
130376 17518 133749
17518 130376 133749
133749 17518 130376
8207 99965 135432
99965 8207 135432
135432 8207 99965
49094 115206 130488
115206 49094 130488
130488 49094 115206
147481 8210 97936
97936 8210 147481
8210 97936 147481
130846 31866 140165
31866 130846 140165
140165 31866 130846
106689 1155 111561
111561 1155 106689
1155 106689 111561
33320 2584 133552
2584 33320 133552
133552 2584 33320
28803 32217 114149
32217 28803 114149
114149 28803 32217
105264 3068 69504
3068 69504 105264
69504 3068 105264
55360 116655 123216
116655 55360 123216
123216 55360 116655
123153 130108 140862
140862 123153 130108
130108 123153 140862
143459 66395 146952
146952 66395 143459
66395 143459 146952
14437 108381 147194
147194 14437 108381
108381 14437 147194
40306 51182 82149
51182 40306 82149
82149 40306 51182
60996 87755 131032
131032 60996 87755
87755 60996 131032
50692 92272 122898
122898 50692 92272
92272 50692 122898
13141 25900 117346
25900 13141 117346
117346 13141 25900
65167 16966 72510
72510 16966 65167
16966 65167 72510
120539 42338 88893
42338 88893 120539
88893 42338 120539
17722 98024 141898
141898 17722 98024
98024 17722 141898
130697 121787 133610
121787 130697 133610
133610 121787 130697
38356 6932 123138
6932 38356 123138
123138 6932 38356
127140 8565 113542
8565 113542 127140
113542 8565 127140
126684 28015 117756
117756 28015 126684
28015 117756 126684
123482 14746 63104
63104 14746 123482
14746 63104 123482
111395 81323 110151
81323 110151 111395
110151 81323 111395
56592 104545 123954
123954 56592 104545
104545 56592 123954
136199 74429 126008
126008 74429 136199
74429 126008 136199
40758 31282 136139
31282 40758 136139
136139 31282 40758
29786 54512 88187
88187 29786 54512
54512 29786 88187
75339 66907 141111
66907 75339 141111
141111 66907 75339
111385 58473 93080
58473 93080 111385
93080 58473 111385
78937 34352 57547
34352 57547 78937
57547 34352 78937
137378 68220 137297
68220 137297 137378
137297 68220 137378
132669 35538 71760
71760 35538 132669
35538 71760 132669
3047 83865 94273
83865 3047 94273
94273 3047 83865
38680 20716 88891
20716 38680 88891
88891 20716 38680
5233 75301 144738
144738 5233 75301
75301 5233 144738
147932 78962 107210
78962 107210 147932
107210 78962 147932
125344 50626 57468
50626 57468 125344
57468 50626 125344
143989 96736 97518
96736 97518 143989
97518 96736 143989
