9809 5508 10107
5508 9809 10107
10107 5508 9809
7973 3132 14029
3132 7973 14029
14029 3132 7973
2953 3203 6267
6267 2953 3203
3203 2953 6267
13930 5949 7390
7390 5949 13930
5949 7390 13930
9370 1983 7516
7516 1983 9370
1983 7516 9370
10824 9654 10884
9654 10824 10884
10884 9654 10824
11204 6415 8068
6415 8068 11204
8068 6415 11204
14531 6617 7412
6617 7412 14531
7412 6617 14531
4346 9364 10556
9364 4346 10556
10556 4346 9364
2343 5647 8788
8788 2343 5647
5647 2343 8788
6413 1499 5744
1499 5744 6413
5744 1499 6413
523 11185 12957
11185 523 12957
12957 523 11185
4070 1657 12021
12021 1657 4070
1657 4070 12021
7738 2689 5528
2689 5528 7738
5528 2689 7738
6864 334 6027
6027 334 6864
334 6027 6864
13115 6754 12925
12925 6754 13115
6754 12925 13115
1419 6412 6990
6412 1419 6990
6990 1419 6412
154 89 7371
89 154 7371
7371 89 154
10375 3140 5904
3140 5904 10375
5904 3140 10375
944 7259 7771
7771 944 7259
7259 944 7771
8229 787 3137
3137 787 8229
787 3137 8229
11094 6030 10396
10396 6030 11094
6030 10396 11094
8802 7282 13814
13814 7282 8802
7282 8802 13814
12661 7460 14327
7460 12661 14327
14327 7460 12661
663 585 3515
3515 585 663
585 663 3515
13914 1132 13347
1132 13347 13914
13347 1132 13914
6072 10695 11042
11042 6072 10695
10695 6072 11042
3894 9712 10662
9712 3894 10662
10662 3894 9712
545 4748 5155
5155 545 4748
4748 545 5155
7487 8039 10140
10140 7487 8039
8039 7487 10140
9874 220 1154
1154 220 9874
220 1154 9874
13828 3705 5741
3705 5741 13828
5741 3705 13828
2852 4674 11893
4674 2852 11893
11893 2852 4674
2366 3130 4536
3130 2366 4536
4536 2366 3130
7044 9088 12905
12905 7044 9088
9088 7044 12905
3352 5072 12784
5072 3352 12784
12784 3352 5072
7939 3451 13816
3451 7939 13816
13816 3451 7939
12262 3788 12845
3788 12262 12845
12845 3788 12262
9649 4163 4338
4338 4163 9649
4163 4338 9649
5702 2809 4205
2809 4205 5702
4205 2809 5702
5873 1407 14976
14976 1407 5873
1407 5873 14976
1855 6565 13269
6565 1855 13269
13269 1855 6565
13462 8751 9335
8751 9335 13462
9335 8751 13462
13691 1879 6612
6612 1879 13691
1879 6612 13691
13862 2811 8165
2811 8165 13862
8165 2811 13862
5201 478 2402
2402 478 5201
478 2402 5201
3757 3938 9864
3938 3757 9864
9864 3757 3938
12271 7083 11876
11876 7083 12271
7083 11876 12271
3018 3370 10842
3370 3018 10842
10842 3018 3370
2428 4348 5839
5839 2428 4348
4348 2428 5839
1074 7085 8598
8598 1074 7085
7085 1074 8598
257 2002 14018
2002 257 14018
14018 257 2002
2465 11333 12102
11333 2465 12102
12102 2465 11333
5379 806 14726
806 5379 14726
14726 806 5379
4979 5403 6451
5403 4979 6451
6451 4979 5403
6144 11532 12182
12182 6144 11532
11532 6144 12182
2911 3889 4407
3889 2911 4407
4407 2911 3889
92 4286 8651
8651 92 4286
4286 92 8651
8098 12310 12627
12627 8098 12310
12310 8098 12627
714 12031 12552
12552 714 12031
12031 714 12552
7173 4950 13239
13239 4950 7173
4950 7173 13239
13068 1363 7955
1363 7955 13068
7955 1363 13068
14131 235 5530
235 5530 14131
5530 235 14131
13553 8783 10858
8783 10858 13553
10858 8783 13553
13875 2232 4196
2232 4196 13875
4196 2232 13875
7294 753 9831
753 7294 9831
9831 753 7294
4769 8357 9193
9193 4769 8357
8357 4769 9193
9687 4606 7499
7499 4606 9687
4606 7499 9687
1961 8782 11411
8782 1961 11411
11411 1961 8782
10199 3768 4099
4099 3768 10199
3768 4099 10199
9729 1601 3948
3948 1601 9729
1601 3948 9729
4985 13677 14444
14444 4985 13677
13677 4985 14444
10974 6408 6970
6408 6970 10974
6970 6408 10974
9 8514 13968
13968 9 8514
8514 9 13968
10071 10469 11904
10469 10071 11904
11904 10071 10469
9509 11210 13742
13742 9509 11210
11210 9509 13742
12967 5617 7739
7739 5617 12967
5617 7739 12967
11004 11168 14744
14744 11004 11168
11168 11004 14744
999 12466 14931
14931 999 12466
12466 999 14931
3118 13299 13717
13299 3118 13717
13717 3118 13299
9766 7047 7589
7047 7589 9766
7589 7047 9766
13995 3899 14484
14484 3899 13995
3899 13995 14484
2816 2318 12284
12284 2318 2816
2318 2816 12284
6631 5797 12530
5797 6631 12530
12530 5797 6631
6424 12200 12958
12200 6424 12958
12958 6424 12200
10432 2883 5919
5919 2883 10432
2883 5919 10432
11719 1635 8941
8941 1635 11719
1635 8941 11719
1423 12266 13634
13634 1423 12266
12266 1423 13634
9096 4334 12374
12374 4334 9096
4334 9096 12374
2710 776 3083
3083 776 2710
776 2710 3083
799 6573 10327
6573 799 10327
10327 799 6573
14698 3887 4162
4162 3887 14698
3887 4162 14698
5711 7786 9131
7786 5711 9131
9131 5711 7786
4529 3251 13723
13723 3251 4529
3251 4529 13723
2682 554 2993
554 2682 2993
2993 554 2682
14910 4128 14252
14252 4128 14910
4128 14252 14910
9177 11782 13389
13389 9177 11782
11782 9177 13389
11011 9079 11688
9079 11011 11688
11688 9079 11011
1053 4322 5600
4322 1053 5600
5600 1053 4322
11914 1917 5553
1917 5553 11914
5553 1917 11914
12775 3453 5931
5931 3453 12775
3453 5931 12775
8662 1460 5117
5117 1460 8662
1460 5117 8662
13388 5734 12963
12963 5734 13388
5734 12963 13388
6371 6356 11339
11339 6356 6371
6356 6371 11339
14507 3949 11598
11598 3949 14507
3949 11598 14507
9284 4310 5632
4310 5632 9284
5632 4310 9284
3337 2855 12027
12027 2855 3337
2855 3337 12027
1233 2707 5671
5671 1233 2707
2707 1233 5671
1905 1399 12160
1399 1905 12160
12160 1399 1905
3507 8411 12429
8411 3507 12429
12429 3507 8411
4879 420 3585
3585 420 4879
420 3585 4879
2493 9672 14055
9672 2493 14055
14055 2493 9672
3214 3225 10332
10332 3214 3225
3225 3214 10332
12787 1508 10624
10624 1508 12787
1508 10624 12787
11861 536 1872
1872 536 11861
536 1872 11861
13906 8563 13350
8563 13350 13906
13350 8563 13906
10954 10350 12153
10350 10954 12153
12153 10350 10954
2399 6684 10194
6684 2399 10194
10194 2399 6684
13689 9595 11625
11625 9595 13689
9595 11625 13689
3645 6664 11701
11701 3645 6664
6664 3645 11701
14640 906 5418
5418 906 14640
906 5418 14640
12279 8545 10753
10753 8545 12279
8545 10753 12279
3086 2225 6873
6873 2225 3086
2225 3086 6873
14814 11345 13375
13375 11345 14814
11345 13375 14814
3692 3689 5021
3689 3692 5021
5021 3689 3692
14541 1595 3499
1595 3499 14541
3499 1595 14541
7907 215 11066
11066 215 7907
215 7907 11066
3245 384 3852
384 3245 3852
3852 384 3245
1617 8765 11111
8765 1617 11111
11111 1617 8765
1672 4650 5962
5962 1672 4650
4650 1672 5962
8155 1671 8279
8279 1671 8155
1671 8155 8279
14026 8161 9972
9972 8161 14026
8161 9972 14026
3865 1870 5601
5601 1870 3865
1870 3865 5601
11711 2925 3289
3289 2925 11711
2925 3289 11711
4633 7595 11292
7595 4633 11292
11292 4633 7595
9372 11604 11883
11604 9372 11883
11883 9372 11604
6238 1091 1284
1284 1091 6238
1091 1284 6238
8097 818 3736
3736 818 8097
818 3736 8097
2873 11135 12259
11135 2873 12259
12259 2873 11135
14011 6066 6446
6066 6446 14011
6446 6066 14011
11564 9981 10372
10372 9981 11564
9981 10372 11564
3349 1541 7067
1541 3349 7067
7067 1541 3349
10665 4920 5273
5273 4920 10665
4920 5273 10665
1117 270 14590
270 1117 14590
14590 270 1117
14278 9845 12716
12716 9845 14278
9845 12716 14278
1958 7963 10269
10269 1958 7963
7963 1958 10269
4964 2466 10153
10153 2466 4964
2466 4964 10153
1688 396 8585
8585 396 1688
396 1688 8585
13539 2792 3290
3290 2792 13539
2792 3290 13539
9903 8679 9762
9762 8679 9903
8679 9762 9903
13054 3357 8884
8884 3357 13054
3357 8884 13054
13352 2827 9619
9619 2827 13352
2827 9619 13352
8995 501 11787
501 8995 11787
11787 501 8995
8184 4069 6305
4069 6305 8184
6305 4069 8184
10414 5228 8587
5228 8587 10414
8587 5228 10414
6561 5579 7474
7474 5579 6561
5579 6561 7474
7441 594 7795
594 7441 7795
7795 594 7441
6871 452 9904
452 6871 9904
9904 452 6871
10855 12518 14132
12518 10855 14132
14132 10855 12518
1586 3459 8358
3459 1586 8358
8358 1586 3459
3586 7686 10120
10120 3586 7686
7686 3586 10120
2690 2580 10362
10362 2580 2690
2580 2690 10362
291 3263 6261
3263 291 6261
6261 291 3263
11219 3653 4376
3653 4376 11219
4376 3653 11219
12543 10352 10700
10352 10700 12543
10700 10352 12543
4997 1771 7276
7276 1771 4997
1771 4997 7276
2157 3813 13639
3813 2157 13639
13639 2157 3813
2401 10336 11751
11751 2401 10336
10336 2401 11751
14392 5149 6712
5149 6712 14392
6712 5149 14392
12595 5190 6827
6827 5190 12595
5190 6827 12595
12800 438 8424
8424 438 12800
438 8424 12800
13042 9645 14453
9645 13042 14453
14453 9645 13042
13802 3047 14706
3047 13802 14706
14706 3047 13802
14543 3826 4555
3826 4555 14543
4555 3826 14543
14485 915 3824
3824 915 14485
915 3824 14485
6756 12728 13976
12728 6756 13976
13976 6756 12728
8571 1731 12937
1731 8571 12937
12937 1731 8571
1164 11830 13558
11830 1164 13558
13558 1164 11830
13897 9097 11613
11613 9097 13897
9097 11613 13897
12214 14158 14939
14939 12214 14158
14158 12214 14939
2750 11813 14353
11813 2750 14353
14353 2750 11813
4517 3707 3897
3897 3707 4517
3707 3897 4517
3035 1531 2805
2805 1531 3035
1531 2805 3035
10088 7488 11958
7488 10088 11958
11958 7488 10088
3882 11222 11809
11809 3882 11222
11222 3882 11809
1877 9374 12934
12934 1877 9374
9374 1877 12934
6550 1610 12876
12876 1610 6550
1610 6550 12876
11263 4532 7591
4532 7591 11263
7591 4532 11263
13811 10555 11151
10555 11151 13811
11151 10555 13811
6086 2905 12058
12058 2905 6086
2905 6086 12058
3211 5036 13710
5036 3211 13710
13710 3211 5036
480 406 8388
8388 406 480
406 480 8388
8457 3091 8215
8215 3091 8457
3091 8215 8457
3565 2161 10230
10230 2161 3565
2161 3565 10230
14867 5567 8144
8144 5567 14867
5567 8144 14867
5223 3886 11340
11340 3886 5223
3886 5223 11340
1040 1009 11649
1009 1040 11649
11649 1009 1040
13485 1661 9462
1661 9462 13485
9462 1661 13485
458 7057 8417
7057 458 8417
8417 458 7057
9127 2110 8398
2110 8398 9127
8398 2110 9127
6215 9220 10127
9220 6215 10127
10127 6215 9220
14075 3421 6734
3421 6734 14075
6734 3421 14075
5151 11603 12922
12922 5151 11603
11603 5151 12922
8710 6206 6279
6206 6279 8710
6279 6206 8710
956 3967 7712
7712 956 3967
3967 956 7712
984 9512 11927
9512 984 11927
11927 984 9512
4067 6359 8871
8871 4067 6359
6359 4067 8871
8696 8034 10272
10272 8034 8696
8034 8696 10272
6534 4617 8381
4617 6534 8381
8381 4617 6534
4564 8645 10831
10831 4564 8645
8645 4564 10831
14978 558 4252
558 4252 14978
4252 558 14978
5274 2076 11770
2076 5274 11770
11770 2076 5274
5808 1156 11610
1156 5808 11610
11610 1156 5808
205 8061 13979
13979 205 8061
8061 205 13979
9196 10289 12717
10289 9196 12717
12717 9196 10289
8845 2121 8470
2121 8470 8845
8470 2121 8845
736 4942 8754
8754 736 4942
4942 736 8754
12672 8588 9024
9024 8588 12672
8588 9024 12672
3843 7603 11808
11808 3843 7603
7603 3843 11808
2635 2657 6285
2657 2635 6285
6285 2635 2657
1562 10552 12194
10552 1562 12194
12194 1562 10552
6707 6151 14407
14407 6151 6707
6151 6707 14407
11423 8127 14358
8127 11423 14358
14358 8127 11423
4547 479 1569
479 1569 4547
1569 479 4547
136 8089 13924
8089 136 13924
13924 136 8089
6668 9921 11708
9921 6668 11708
11708 6668 9921
660 2114 8510
2114 660 8510
8510 660 2114
2414 5358 12011
12011 2414 5358
5358 2414 12011
4186 4061 12268
12268 4061 4186
4061 4186 12268
14009 3911 14251
14251 3911 14009
3911 14009 14251
5514 522 10522
10522 522 5514
522 5514 10522
11692 8511 10591
10591 8511 11692
8511 10591 11692
6411 11392 11983
11392 6411 11983
11983 6411 11392
3413 7943 9895
9895 3413 7943
7943 3413 9895
8787 2863 13520
2863 8787 13520
13520 2863 8787
9467 6124 6805
6124 6805 9467
6805 6124 9467
8907 1755 7842
7842 1755 8907
1755 7842 8907
7836 7225 14368
7225 7836 14368
14368 7225 7836
7986 2045 4262
4262 2045 7986
2045 4262 7986
2439 518 11620
11620 518 2439
518 2439 11620
2154 12792 13074
12792 2154 13074
13074 2154 12792
241 6836 13159
13159 241 6836
6836 241 13159
8714 2658 9280
9280 2658 8714
2658 8714 9280
8029 3135 9644
3135 8029 9644
9644 3135 8029
6095 875 9966
9966 875 6095
875 6095 9966
14117 6430 10600
10600 6430 14117
6430 10600 14117
816 2576 10474
2576 816 10474
10474 816 2576
13215 8900 11760
11760 8900 13215
8900 11760 13215
9178 1515 5326
5326 1515 9178
1515 5326 9178
3345 4062 7614
7614 3345 4062
4062 3345 7614
2022 7157 13571
13571 2022 7157
7157 2022 13571
3363 301 2192
301 2192 3363
2192 301 3363
13075 6420 10181
10181 6420 13075
6420 10181 13075
4446 7108 14088
14088 4446 7108
7108 4446 14088
9190 6678 13916
13916 6678 9190
6678 9190 13916
11156 2221 3434
2221 3434 11156
3434 2221 11156
2734 9505 10832
9505 2734 10832
10832 2734 9505
2717 803 11409
11409 803 2717
803 2717 11409
13969 171 6658
171 6658 13969
6658 171 13969
7608 4437 12679
4437 7608 12679
12679 4437 7608
6377 2101 9748
2101 6377 9748
9748 2101 6377
14582 3221 6410
3221 6410 14582
6410 3221 14582
3540 6660 7694
7694 3540 6660
6660 3540 7694
6183 830 12942
12942 830 6183
830 6183 12942
1999 4824 6076
4824 1999 6076
6076 1999 4824
12251 3064 8081
3064 8081 12251
8081 3064 12251
14799 2510 6461
2510 6461 14799
6461 2510 14799
14079 8300 9890
8300 9890 14079
9890 8300 14079
5271 10244 11021
11021 5271 10244
10244 5271 11021
10300 2368 9381
9381 2368 10300
2368 9381 10300
8583 10854 12899
10854 8583 12899
12899 8583 10854
2277 6769 9673
6769 2277 9673
9673 2277 6769
13097 6984 10164
10164 6984 13097
6984 10164 13097
5920 147 8489
8489 147 5920
147 5920 8489
7772 5981 9992
9992 5981 7772
5981 7772 9992
11657 4854 8211
8211 4854 11657
4854 8211 11657
5141 5943 10105
10105 5141 5943
5943 5141 10105
9635 3623 4324
3623 4324 9635
4324 3623 9635
7152 6008 9558
9558 6008 7152
6008 7152 9558
5279 6732 9191
6732 5279 9191
9191 5279 6732
1356 2897 5554
2897 1356 5554
5554 1356 2897
336 5070 8467
8467 336 5070
5070 336 8467
9663 8504 10708
8504 9663 10708
10708 8504 9663
11675 4108 11835
11835 4108 11675
4108 11675 11835
3034 751 2857
751 2857 3034
2857 751 3034
1097 5451 11549
11549 1097 5451
5451 1097 11549
2422 7999 9065
9065 2422 7999
7999 2422 9065
8950 4843 12662
12662 4843 8950
4843 8950 12662
10990 4355 4501
4501 4355 10990
4355 4501 10990
492 2815 12874
12874 492 2815
2815 492 12874
6557 1190 13426
1190 6557 13426
13426 1190 6557
2143 12772 14394
12772 2143 14394
14394 2143 12772
14419 9503 12327
9503 12327 14419
12327 9503 14419
8026 10013 12095
10013 8026 12095
12095 8026 10013
6423 12421 14784
14784 6423 12421
12421 6423 14784
2552 6569 8049
6569 2552 8049
8049 2552 6569
263 2496 3758
3758 263 2496
2496 263 3758
3764 990 10964
10964 990 3764
990 3764 10964
8182 416 14949
416 8182 14949
14949 416 8182
9697 3120 13430
3120 9697 13430
13430 3120 9697
12578 4980 7477
4980 7477 12578
7477 4980 12578
13926 7828 13176
7828 13176 13926
13176 7828 13926
8725 473 14123
473 8725 14123
14123 473 8725
131 3553 12778
12778 131 3553
3553 131 12778
10305 5077 12494
12494 5077 10305
5077 10305 12494
5751 1599 12040
12040 1599 5751
1599 5751 12040
1227 9431 9743
9743 1227 9431
9431 1227 9743
4575 8056 11127
11127 4575 8056
8056 4575 11127
7803 653 13900
653 7803 13900
13900 653 7803
12244 2070 14450
14450 2070 12244
2070 12244 14450
7017 4086 5582
5582 4086 7017
4086 5582 7017
2880 3148 12655
3148 2880 12655
12655 2880 3148
7167 5129 6284
5129 6284 7167
6284 5129 7167
3169 2384 6880
2384 3169 6880
6880 2384 3169
5109 2969 6675
6675 2969 5109
2969 5109 6675
6634 5501 9003
9003 5501 6634
5501 6634 9003
11825 5 11821
5 11821 11825
11821 5 11825
9165 2113 6404
6404 2113 9165
2113 6404 9165
7178 5277 9727
5277 7178 9727
9727 5277 7178
4767 890 8117
890 4767 8117
8117 890 4767
4592 13584 14382
14382 4592 13584
13584 4592 14382
2884 2082 11853
2082 2884 11853
11853 2082 2884
11772 6694 12419
6694 11772 12419
12419 6694 11772
2462 1544 10971
10971 1544 2462
1544 2462 10971
11582 5788 7985
5788 7985 11582
7985 5788 11582
4272 1754 6905
6905 1754 4272
1754 4272 6905
3382 727 13692
13692 727 3382
727 3382 13692
4623 7436 7794
7794 4623 7436
7436 4623 7794
2662 1410 12420
1410 2662 12420
12420 1410 2662
8292 7094 9790
7094 8292 9790
9790 7094 8292
8077 1433 3046
3046 1433 8077
1433 3046 8077
6351 4455 5496
4455 5496 6351
5496 4455 6351
9362 9389 10058
10058 9362 9389
9389 9362 10058
8346 13769 14785
14785 8346 13769
13769 8346 14785
9858 7727 12623
12623 7727 9858
7727 9858 12623
14738 5575 10891
10891 5575 14738
5575 10891 14738
409 6469 8715
6469 409 8715
8715 409 6469
4896 7988 11590
7988 4896 11590
11590 4896 7988
10326 1623 3822
1623 3822 10326
3822 1623 10326
6750 20 6155
20 6155 6750
6155 20 6750
6548 289 1935
1935 289 6548
289 1935 6548
7918 4155 6201
6201 4155 7918
4155 6201 7918
12622 11109 13461
13461 11109 12622
11109 12622 13461
7502 11806 12450
11806 7502 12450
12450 7502 11806
2468 4425 10837
4425 2468 10837
10837 2468 4425
3362 4445 9119
9119 3362 4445
4445 3362 9119
13095 11328 14474
11328 13095 14474
14474 11328 13095
8221 477 1294
477 1294 8221
1294 477 8221
7088 5685 12436
12436 5685 7088
5685 7088 12436
5956 4595 14627
14627 4595 5956
4595 5956 14627
2083 6804 13196
6804 2083 13196
13196 2083 6804
5394 4106 5745
5745 4106 5394
4106 5394 5745
1840 3503 10491
3503 1840 10491
10491 1840 3503
6735 3319 5917
3319 5917 6735
5917 3319 6735
10266 5285 6517
5285 6517 10266
6517 5285 10266
9105 7392 14277
14277 7392 9105
7392 9105 14277
13566 6331 14426
14426 6331 13566
6331 13566 14426
10888 2842 13185
2842 10888 13185
13185 2842 10888
400 8429 11039
11039 400 8429
8429 400 11039
7594 496 6727
496 6727 7594
6727 496 7594
11655 2173 9345
9345 2173 11655
2173 9345 11655
12346 244 10449
10449 244 12346
244 10449 12346
9699 4597 9400
4597 9400 9699
9400 4597 9699
14059 4400 5381
5381 4400 14059
4400 5381 14059
7840 5825 12696
12696 5825 7840
5825 7840 12696
3322 3014 10947
10947 3014 3322
3014 3322 10947
5003 9688 11980
11980 5003 9688
9688 5003 11980
4211 3269 13481
3269 4211 13481
13481 3269 4211
2808 5812 7799
5812 2808 7799
7799 2808 5812
1395 5775 13281
13281 1395 5775
5775 1395 13281
6093 6212 11487
11487 6093 6212
6212 6093 11487
2691 2775 3170
3170 2691 2775
2775 2691 3170
10216 77 10082
10082 77 10216
77 10082 10216
8652 4125 4242
4125 4242 8652
4242 4125 8652
12196 5800 11137
11137 5800 12196
5800 11137 12196
10039 6052 10871
10871 6052 10039
6052 10039 10871
5348 8006 11528
11528 5348 8006
8006 5348 11528
13669 6889 9476
6889 9476 13669
9476 6889 13669
10765 2670 10308
2670 10308 10765
10308 2670 10765
13596 6891 11699
6891 11699 13596
11699 6891 13596
12180 115 8774
8774 115 12180
115 8774 12180
10380 3415 3663
3663 3415 10380
3415 3663 10380
4405 2782 12901
2782 4405 12901
12901 2782 4405
2719 7312 8692
7312 2719 8692
8692 2719 7312
6185 13016 14495
13016 6185 14495
14495 6185 13016
1690 151 9357
9357 151 1690
151 1690 9357
828 2485 10408
2485 828 10408
10408 828 2485
7946 306 13085
13085 306 7946
306 7946 13085
10235 9287 9944
9944 9287 10235
9287 9944 10235
9815 3679 14459
3679 9815 14459
14459 3679 9815
7236 1379 11173
1379 7236 11173
11173 1379 7236
7414 1630 14956
1630 7414 14956
14956 1630 7414
7891 5057 6506
6506 5057 7891
5057 6506 7891
1667 8257 11894
11894 1667 8257
8257 1667 11894
7151 5718 10048
5718 7151 10048
10048 5718 7151
2979 1160 7895
7895 1160 2979
1160 2979 7895
13962 13660 14511
14511 13660 13962
13660 13962 14511
10585 6609 10358
6609 10358 10585
10358 6609 10585
5466 3556 12947
12947 3556 5466
3556 5466 12947
14160 2404 13037
13037 2404 14160
2404 13037 14160
2737 3875 8909
8909 2737 3875
3875 2737 8909
6271 3024 10063
10063 3024 6271
3024 6271 10063
10037 3543 9945
3543 9945 10037
9945 3543 10037
13956 10448 10599
10448 10599 13956
10599 10448 13956
13274 10425 11572
10425 11572 13274
11572 10425 13274
10646 2621 12223
2621 10646 12223
12223 2621 10646
917 2122 4386
4386 917 2122
2122 917 4386
3308 2294 12158
12158 2294 3308
2294 3308 12158
11646 4561 9423
4561 9423 11646
9423 4561 11646
3570 1545 14851
1545 3570 14851
14851 1545 3570
7844 1220 11107
11107 1220 7844
1220 7844 11107
1354 237 1359
1359 237 1354
237 1354 1359
8132 1413 12997
1413 8132 12997
12997 1413 8132
14566 3576 12409
3576 12409 14566
12409 3576 14566
3818 192 1217
192 1217 3818
1217 192 3818
8567 4630 14465
4630 8567 14465
14465 4630 8567
8943 791 9366
791 8943 9366
9366 791 8943
7950 9926 10403
10403 7950 9926
9926 7950 10403
11467 7321 7624
7624 7321 11467
7321 7624 11467
5540 5069 8373
8373 5069 5540
5069 5540 8373
2733 6849 11165
11165 2733 6849
6849 2733 11165
1728 547 6643
6643 547 1728
547 1728 6643
12664 8219 13585
13585 8219 12664
8219 12664 13585
8013 782 1183
782 1183 8013
1183 782 8013
8768 5728 14294
14294 5728 8768
5728 8768 14294
12554 52 6143
6143 52 12554
52 6143 12554
13086 1412 11689
11689 1412 13086
1412 11689 13086
14413 769 8072
769 8072 14413
8072 769 14413
6242 2079 9585
2079 6242 9585
9585 2079 6242
572 3311 12531
3311 572 12531
12531 572 3311
1134 254 14316
254 1134 14316
14316 254 1134
7602 5447 5675
5675 5447 7602
5447 5675 7602
8903 928 14499
14499 928 8903
928 8903 14499
14315 1696 8335
8335 1696 14315
1696 8335 14315
11220 2218 2334
2218 2334 11220
2334 2218 11220
14675 2764 7408
7408 2764 14675
2764 7408 14675
2056 5127 9468
9468 2056 5127
5127 2056 9468
14176 6597 13856
6597 13856 14176
13856 6597 14176
48 1695 8602
8602 48 1695
1695 48 8602
7798 8254 9322
8254 7798 9322
9322 7798 8254
3571 1127 1727
1727 1127 3571
1127 1727 3571
14129 2037 6352
6352 2037 14129
2037 6352 14129
14114 153 11730
153 11730 14114
11730 153 14114
11783 2678 7633
7633 2678 11783
2678 7633 11783
6971 14216 14943
14943 6971 14216
14216 6971 14943
8216 7308 11863
11863 7308 8216
7308 8216 11863
6130 3559 4691
3559 4691 6130
4691 3559 6130
12804 4065 14367
14367 4065 12804
4065 12804 14367
13522 8644 13198
13198 8644 13522
8644 13198 13522
3113 3182 3608
3182 3113 3608
3608 3113 3182
3206 9484 11166
9484 3206 11166
11166 3206 9484
4077 3664 10148
3664 4077 10148
10148 3664 4077
690 3458 13397
13397 690 3458
3458 690 13397
202 5952 14887
5952 202 14887
14887 202 5952
13740 3611 13564
13564 3611 13740
3611 13564 13740
12487 8605 14096
14096 8605 12487
8605 12487 14096
2862 1792 4230
1792 2862 4230
4230 1792 2862
4450 12274 12843
12843 4450 12274
12274 4450 12843
13614 1904 5887
1904 5887 13614
5887 1904 13614
7817 6777 8082
6777 7817 8082
8082 6777 7817
1228 8382 9150
8382 1228 9150
9150 1228 8382
12752 7556 12293
12293 7556 12752
7556 12293 12752
14993 2390 8340
8340 2390 14993
2390 8340 14993
8383 13852 14653
14653 8383 13852
13852 8383 14653
1257 11233 12821
11233 1257 12821
12821 1257 11233
2211 5880 7710
7710 2211 5880
5880 2211 7710
14912 5146 7015
7015 5146 14912
5146 7015 14912
11399 2704 10631
2704 10631 11399
10631 2704 11399
13776 2526 6265
2526 6265 13776
6265 2526 13776
4935 4258 9359
4258 4935 9359
9359 4258 4935
14569 1367 1949
1367 1949 14569
1949 1367 14569
9564 1126 13843
1126 9564 13843
13843 1126 9564
7598 3819 5897
3819 5897 7598
5897 3819 7598
13363 2396 11472
2396 11472 13363
11472 2396 13363
2330 6035 6995
6995 2330 6035
6035 2330 6995
13400 2602 5650
2602 5650 13400
5650 2602 13400
9569 542 14266
14266 542 9569
542 9569 14266
5758 1712 3609
1712 3609 5758
3609 1712 5758
7132 7037 13698
7037 7132 13698
13698 7037 7132
12193 8103 8808
8808 8103 12193
8103 8808 12193
10346 401 11381
11381 401 10346
401 10346 11381
10197 1706 3256
3256 1706 10197
1706 3256 10197
9072 8678 14431
14431 8678 9072
8678 9072 14431
7515 638 7038
638 7038 7515
7038 638 7515
7877 9137 9261
9137 7877 9261
9261 7877 9137
5570 3568 7982
7982 3568 5570
3568 5570 7982
10543 611 10382
611 10382 10543
10382 611 10543
14313 27 6419
27 6419 14313
6419 27 14313
7439 872 12093
12093 872 7439
872 7439 12093
11479 2505 11631
11631 2505 11479
2505 11479 11631
5629 2651 5062
5062 2651 5629
2651 5062 5629
7324 304 10725
10725 304 7324
304 7324 10725
14260 6824 9453
6824 9453 14260
9453 6824 14260
12398 1703 12542
1703 12398 12542
12542 1703 12398
12245 90 3832
90 3832 12245
3832 90 12245
7327 9625 14083
14083 7327 9625
9625 7327 14083
11858 6220 12835
12835 6220 11858
6220 11858 12835
411 8690 9386
8690 411 9386
9386 411 8690
8738 4031 7587
7587 4031 8738
4031 7587 8738
569 11232 13738
11232 569 13738
13738 569 11232
6628 2480 3963
3963 2480 6628
2480 3963 6628
11907 10386 11714
10386 11714 11907
11714 10386 11907
13679 12376 12882
12376 12882 13679
12882 12376 13679
5295 93 1492
1492 93 5295
93 1492 5295
7685 2774 3038
2774 3038 7685
3038 2774 7685
9891 2054 8612
8612 2054 9891
2054 8612 9891
3837 1551 2219
1551 2219 3837
2219 1551 3837
6603 3728 3905
3905 3728 6603
3728 3905 6603
2568 1310 13179
13179 1310 2568
1310 2568 13179
2227 491 14221
491 2227 14221
14221 491 2227
7482 2521 6812
6812 2521 7482
2521 6812 7482
1030 4184 10059
4184 1030 10059
10059 1030 4184
9200 1726 9465
1726 9200 9465
9465 1726 9200
1185 5636 5654
5654 1185 5636
5636 1185 5654
8957 3372 10465
10465 3372 8957
3372 8957 10465
3913 7613 13225
13225 3913 7613
7613 3913 13225
9552 7397 9820
9820 7397 9552
7397 9552 9820
3287 8728 13090
8728 3287 13090
13090 3287 8728
2554 5901 6622
5901 2554 6622
6622 2554 5901
10109 7532 14509
14509 7532 10109
7532 10109 14509
4795 5132 13703
5132 4795 13703
13703 4795 5132
4059 8265 13519
13519 4059 8265
8265 4059 13519
9422 10541 13940
13940 9422 10541
10541 9422 13940
9528 13599 14525
14525 9528 13599
13599 9528 14525
11739 2135 2561
2135 2561 11739
2561 2135 11739
9420 4531 6705
4531 6705 9420
6705 4531 9420
7121 4224 12330
4224 7121 12330
12330 4224 7121
7742 7868 14148
14148 7742 7868
7868 7742 14148
8450 6490 13782
13782 6490 8450
6490 8450 13782
5083 3444 4119
4119 3444 5083
3444 4119 5083
5925 7429 14759
14759 5925 7429
7429 5925 14759
5872 3862 10345
3862 5872 10345
10345 3862 5872
3622 6214 14502
14502 3622 6214
6214 3622 14502
6269 3691 12550
12550 3691 6269
3691 6269 12550
3594 4396 10794
4396 3594 10794
10794 3594 4396
9308 1432 4873
4873 1432 9308
1432 4873 9308
9554 2624 5058
2624 5058 9554
5058 2624 9554
9498 2444 10499
10499 2444 9498
2444 9498 10499
5075 82 4596
82 4596 5075
4596 82 5075
8079 1828 4131
1828 4131 8079
4131 1828 8079
3893 943 10897
10897 943 3893
943 3893 10897
12204 11175 13232
11175 12204 13232
13232 11175 12204
17 8643 8704
8704 17 8643
8643 17 8704
4709 12048 14736
14736 4709 12048
12048 4709 14736
3172 7303 13390
7303 3172 13390
13390 3172 7303
4193 4036 13620
13620 4036 4193
4036 4193 13620
5985 1449 7068
7068 1449 5985
1449 5985 7068
9020 12601 13671
13671 9020 12601
12601 9020 13671
12508 5783 11162
5783 11162 12508
11162 5783 12508
10919 2239 8294
2239 8294 10919
8294 2239 10919
910 4816 10163
4816 910 10163
10163 910 4816
11546 2446 7588
7588 2446 11546
2446 7588 11546
11946 6731 10731
10731 6731 11946
6731 10731 11946
13533 10626 11762
10626 11762 13533
11762 10626 13533
5229 6246 11909
11909 5229 6246
6246 5229 11909
6606 2388 11032
2388 6606 11032
11032 2388 6606
12673 6114 9379
6114 9379 12673
9379 6114 12673
3107 12126 14537
14537 3107 12126
12126 3107 14537
8617 9398 12270
9398 8617 12270
12270 8617 9398
13548 9997 14794
14794 9997 13548
9997 13548 14794
1179 762 11326
11326 762 1179
762 1179 11326
9830 7735 11446
7735 9830 11446
11446 7735 9830
13589 2177 12912
2177 12912 13589
12912 2177 13589
11768 6344 11591
6344 11591 11768
11591 6344 11768
14080 1571 5609
5609 1571 14080
1571 5609 14080
14219 117 13170
13170 117 14219
117 13170 14219
9159 1085 11445
11445 1085 9159
1085 9159 11445
4877 165 7210
165 4877 7210
7210 165 4877
4226 11115 11181
11115 4226 11181
11181 4226 11115
11234 2397 3416
2397 3416 11234
3416 2397 11234
14058 3026 3361
3361 3026 14058
3026 3361 14058
10265 6321 7377
6321 7377 10265
7377 6321 10265
5683 1480 12309
12309 1480 5683
1480 5683 12309
3109 3072 8709
3072 3109 8709
8709 3072 3109
4960 10319 10719
10319 4960 10719
10719 4960 10319
13468 12571 13889
12571 13468 13889
13889 12571 13468
10933 2482 6946
6946 2482 10933
2482 6946 10933
1198 1803 5574
1803 1198 5574
5574 1198 1803
246 4593 10047
10047 246 4593
4593 246 10047
3189 2249 13896
2249 3189 13896
13896 2249 3189
260 6337 10924
6337 260 10924
10924 260 6337
7779 13094 14093
14093 7779 13094
13094 7779 14093
14681 170 4856
170 4856 14681
4856 170 14681
8547 10532 12936
12936 8547 10532
10532 8547 12936
6375 3215 9299
3215 6375 9299
9299 3215 6375
3569 1180 11440
11440 1180 3569
1180 3569 11440
4053 705 14159
14159 705 4053
705 4053 14159
14841 323 11424
323 11424 14841
11424 323 14841
9181 2167 10042
2167 9181 10042
10042 2167 9181
8323 1780 12629
1780 8323 12629
12629 1780 8323
1677 5216 9616
5216 1677 9616
9616 1677 5216
13192 10992 14320
10992 13192 14320
14320 10992 13192
12060 7305 10810
10810 7305 12060
7305 10810 12060
4239 5094 5123
5123 4239 5094
5094 4239 5123
4821 2380 9195
9195 2380 4821
2380 4821 9195
9813 2190 5230
2190 5230 9813
5230 2190 9813
6578 1846 12005
12005 1846 6578
1846 6578 12005
6126 5202 5716
5716 5202 6126
5202 5716 6126
1811 4629 9765
4629 1811 9765
9765 1811 4629
14998 8981 12210
12210 8981 14998
8981 12210 14998
8562 7434 9201
7434 8562 9201
9201 7434 8562
11769 2817 3487
2817 3487 11769
3487 2817 11769
14345 2975 13064
2975 13064 14345
13064 2975 14345
4194 763 13092
763 4194 13092
13092 763 4194
3259 4989 10299
10299 3259 4989
4989 3259 10299
5676 12447 14818
12447 5676 14818
14818 5676 12447
10143 2727 4735
4735 2727 10143
2727 4735 10143
13565 1609 14264
1609 13565 14264
14264 1609 13565
6494 11457 13394
11457 6494 13394
13394 6494 11457
10836 9067 13544
9067 10836 13544
13544 9067 10836
4360 3959 11160
3959 4360 11160
11160 3959 4360
3497 3437 13629
3437 3497 13629
13629 3437 3497
10987 4835 8851
4835 8851 10987
8851 4835 10987
7898 1638 12468
1638 7898 12468
12468 1638 7898
3079 5365 8548
8548 3079 5365
5365 3079 8548
5450 695 14911
14911 695 5450
695 5450 14911
2266 3851 10413
3851 2266 10413
10413 2266 3851
4035 2141 10742
2141 4035 10742
10742 2141 4035
4857 635 1339
1339 635 4857
635 1339 4857
10274 4426 14904
14904 4426 10274
4426 10274 14904
2652 2511 7299
2511 2652 7299
7299 2511 2652
1579 3115 8322
8322 1579 3115
3115 1579 8322
14446 2107 5665
2107 5665 14446
5665 2107 14446
12977 3530 12012
12012 3530 12977
3530 12012 12977
3600 3052 14520
14520 3052 3600
3052 3600 14520
1259 6523 11025
11025 1259 6523
6523 1259 11025
3992 3747 9077
9077 3747 3992
3747 3992 9077
252 13121 13133
13121 252 13133
13133 252 13121
3373 5286 14783
14783 3373 5286
5286 3373 14783
8538 627 9397
627 8538 9397
9397 627 8538
4798 1578 13292
13292 1578 4798
1578 4798 13292
133 3267 14958
14958 133 3267
3267 133 14958
1724 7687 14573
14573 1724 7687
7687 1724 14573
3782 7568 8149
7568 3782 8149
8149 3782 7568
11348 5502 14105
14105 5502 11348
5502 11348 14105
12669 2771 5990
2771 5990 12669
5990 2771 12669
10249 880 1679
880 1679 10249
1679 880 10249
6651 12480 12675
12675 6651 12480
12480 6651 12675
8443 4675 13004
13004 4675 8443
4675 8443 13004
5604 11019 12134
11019 5604 12134
12134 5604 11019
1226 1341 5368
1341 1226 5368
5368 1226 1341
10802 2476 7880
7880 2476 10802
2476 7880 10802
8145 5563 14697
14697 5563 8145
5563 8145 14697
1886 199 309
309 199 1886
199 309 1886
12123 1006 13523
13523 1006 12123
1006 12123 13523
3774 1349 13824
1349 3774 13824
13824 1349 3774
4032 12055 13399
13399 4032 12055
12055 4032 13399
7855 8973 9413
8973 7855 9413
9413 7855 8973
8396 10587 13480
13480 8396 10587
10587 8396 13480
14133 2787 5360
2787 5360 14133
5360 2787 14133
4883 1900 13337
1900 4883 13337
13337 1900 4883
11415 2369 9086
9086 2369 11415
2369 9086 11415
7883 3809 9826
9826 3809 7883
3809 7883 9826
13119 11121 13046
11121 13046 13119
13046 11121 13119
1080 7479 9763
9763 1080 7479
7479 1080 9763
12989 11476 13650
11476 12989 13650
13650 11476 12989
2457 1831 11555
1831 2457 11555
11555 1831 2457
2300 1975 12473
1975 2300 12473
12473 1975 2300
5835 6447 8711
8711 5835 6447
6447 5835 8711
5764 7330 13764
7330 5764 13764
13764 5764 7330
4500 10330 13384
13384 4500 10330
10330 4500 13384
3490 8065 12375
12375 3490 8065
8065 3490 12375
13560 1673 3006
1673 3006 13560
3006 1673 13560
1820 9116 14234
9116 1820 14234
14234 1820 9116
6839 1118 6842
6842 1118 6839
1118 6839 6842
13280 74 11184
11184 74 13280
74 11184 13280
10172 2144 4255
2144 4255 10172
4255 2144 10172
9953 3125 8441
3125 8441 9953
8441 3125 9953
7092 10862 12339
12339 7092 10862
10862 7092 12339
12395 9310 12106
12106 9310 12395
9310 12106 12395
12000 7165 14122
7165 12000 14122
14122 7165 12000
3200 9231 9733
9733 3200 9231
9231 3200 9733
2206 6325 10452
10452 2206 6325
6325 2206 10452
5958 1839 10764
10764 1839 5958
1839 5958 10764
11124 3544 5889
5889 3544 11124
3544 5889 11124
14389 9242 13885
13885 9242 14389
9242 13885 14389
6818 6936 7355
6936 6818 7355
7355 6818 6936
12345 7352 8112
7352 8112 12345
8112 7352 12345
3402 8042 11419
11419 3402 8042
8042 3402 11419
4755 549 6742
549 4755 6742
6742 549 4755
11209 3550 11300
3550 11209 11300
11300 3550 11209
10880 5921 11703
5921 10880 11703
11703 5921 10880
11740 5479 10281
10281 5479 11740
5479 10281 11740
6835 2169 7804
2169 6835 7804
7804 2169 6835
12022 5259 6676
5259 6676 12022
6676 5259 12022
3789 8558 12946
12946 3789 8558
8558 3789 12946
780 13374 14770
13374 780 14770
14770 780 13374
4074 6796 11072
6796 4074 11072
11072 4074 6796
404 3680 10848
10848 404 3680
3680 404 10848
6088 2957 8380
2957 6088 8380
8380 2957 6088
4129 1152 9839
1152 4129 9839
9839 1152 4129
1013 4109 10503
10503 1013 4109
4109 1013 10503
3555 3243 4871
4871 3243 3555
3243 3555 4871
10953 3756 10903
10903 3756 10953
3756 10903 10953
6915 2071 12529
12529 2071 6915
2071 6915 12529
12332 10692 11071
11071 10692 12332
10692 11071 12332
8695 9523 12978
12978 8695 9523
9523 8695 12978
1818 7372 12211
12211 1818 7372
7372 1818 12211
2676 10243 10378
10243 2676 10378
10378 2676 10243
10516 3271 9704
9704 3271 10516
3271 9704 10516
1113 9203 14460
14460 1113 9203
9203 1113 14460
8685 4112 9084
9084 4112 8685
4112 8685 9084
3527 8954 14774
14774 3527 8954
8954 3527 14774
10142 2868 10024
2868 10024 10142
10024 2868 10142
12086 3488 11587
3488 11587 12086
11587 3488 12086
3620 983 986
983 986 3620
986 983 3620
9192 7031 7183
7183 7031 9192
7031 7183 9192
8923 6902 14729
14729 6902 8923
6902 8923 14729
12338 7354 8178
8178 7354 12338
7354 8178 12338
11388 7882 14587
14587 7882 11388
7882 11388 14587
12435 827 9680
9680 827 12435
827 9680 12435
12351 3807 4586
3807 4586 12351
4586 3807 12351
14545 62 3849
62 3849 14545
3849 62 14545
3970 162 4494
4494 162 3970
162 3970 4494
5819 8772 14378
8772 5819 14378
14378 5819 8772
338 5269 5822
5269 338 5822
5822 338 5269
4527 3374 5440
5440 3374 4527
3374 4527 5440
6807 14052 14866
14866 6807 14052
14052 6807 14866
2958 5612 11867
11867 2958 5612
5612 2958 11867
8818 335 8572
8572 335 8818
335 8572 8818
8330 3394 14163
3394 8330 14163
14163 3394 8330
14740 6718 10619
10619 6718 14740
6718 10619 14740
4534 10867 11128
11128 4534 10867
10867 4534 11128
13414 5488 7504
7504 5488 13414
5488 7504 13414
2311 2252 13329
13329 2252 2311
2252 2311 13329
6903 10334 12353
12353 6903 10334
10334 6903 12353
4008 1205 8984
8984 1205 4008
1205 4008 8984
1324 9726 13466
13466 1324 9726
9726 1324 13466
10471 319 7106
7106 319 10471
319 7106 10471
8990 4393 9666
9666 4393 8990
4393 8990 9666
12582 6507 7846
7846 6507 12582
6507 7846 12582
9403 8434 14553
8434 9403 14553
14553 8434 9403
13908 5906 12225
12225 5906 13908
5906 12225 13908
7295 3409 14098
14098 3409 7295
3409 7295 14098
4791 10227 12652
10227 4791 12652
12652 4791 10227
14827 4083 5012
5012 4083 14827
4083 5012 14827
7815 8942 13818
8942 7815 13818
13818 7815 8942
13116 6546 12287
6546 12287 13116
12287 6546 13116
11213 2694 4076
4076 2694 11213
2694 4076 11213
10049 8988 11616
8988 10049 11616
11616 8988 10049
633 7472 14597
14597 633 7472
7472 633 14597
6686 1502 4385
4385 1502 6686
1502 4385 6686
6770 2904 12635
12635 2904 6770
2904 6770 12635
10176 2840 3419
2840 3419 10176
3419 2840 10176
14228 1645 9309
1645 9309 14228
9309 1645 14228
10402 1350 9638
1350 9638 10402
9638 1350 10402
11748 1683 2570
2570 1683 11748
1683 2570 11748
11295 4084 12094
4084 11295 12094
12094 4084 11295
9888 3628 10922
10922 3628 9888
3628 9888 10922
7906 4853 7268
4853 7268 7906
7268 4853 7906
6254 5518 10538
5518 6254 10538
10538 5518 6254
13658 6986 11627
6986 11627 13658
11627 6986 13658
4850 12893 14944
12893 4850 14944
14944 4850 12893
12616 11058 14614
14614 11058 12616
11058 12616 14614
11383 7938 11819
11819 7938 11383
7938 11383 11819
10598 12645 14933
14933 10598 12645
12645 10598 14933
14663 1172 9621
9621 1172 14663
1172 9621 14663
6248 1416 5130
5130 1416 6248
1416 5130 6248
7810 9984 11243
9984 7810 11243
11243 7810 9984
107 11308 12586
12586 107 11308
11308 107 12586
12630 7141 12596
12596 7141 12630
7141 12596 12630
7149 2504 12706
2504 7149 12706
12706 2504 7149
125 10498 11240
11240 125 10498
10498 125 11240
5558 7917 11003
11003 5558 7917
7917 5558 11003
1293 2194 8308
2194 1293 8308
8308 1293 2194
5478 14074 14168
14168 5478 14074
14074 5478 14168
11439 947 14341
947 11439 14341
14341 947 11439
9373 3615 5297
3615 5297 9373
5297 3615 9373
13107 4029 11866
4029 11866 13107
11866 4029 13107
10467 3682 4574
4574 3682 10467
3682 4574 10467
4246 935 9360
935 4246 9360
9360 935 4246
13722 2530 8766
2530 8766 13722
8766 2530 13722
7640 2001 12169
12169 2001 7640
2001 7640 12169
813 7331 8010
8010 813 7331
7331 813 8010
13148 621 7171
7171 621 13148
621 7171 13148
7601 4033 11763
4033 7601 11763
11763 4033 7601
1991 8522 12482
12482 1991 8522
8522 1991 12482
6022 3754 13383
3754 6022 13383
13383 3754 6022
9273 4894 7958
4894 7958 9273
7958 4894 9273
7806 1216 2464
1216 2464 7806
2464 1216 7806
7164 1079 12089
12089 1079 7164
1079 7164 12089
10900 3947 10960
10960 3947 10900
3947 10900 10960
14695 6700 9952
6700 9952 14695
9952 6700 14695
1264 3537 6074
3537 1264 6074
6074 1264 3537
13265 3265 5120
3265 5120 13265
5120 3265 13265
9937 11764 12913
12913 9937 11764
11764 9937 12913
1747 10909 11433
11433 1747 10909
10909 1747 11433
11989 2055 5817
2055 5817 11989
5817 2055 11989
9933 593 5163
5163 593 9933
593 5163 9933
3447 6268 9495
9495 3447 6268
6268 3447 9495
13158 4585 12437
12437 4585 13158
4585 12437 13158
804 988 10761
988 804 10761
10761 804 988
3971 85 14249
85 3971 14249
14249 85 3971
1430 10209 14292
10209 1430 14292
14292 1430 10209
8806 8741 10073
10073 8741 8806
8741 8806 10073
12838 2705 12880
2705 12838 12880
12880 2705 12838
10863 5135 10404
10404 5135 10863
5135 10404 10863
9268 528 9255
9255 528 9268
528 9255 9268
888 6962 8502
6962 888 8502
8502 888 6962
9556 924 6943
6943 924 9556
924 6943 9556
3007 5983 8250
8250 3007 5983
5983 3007 8250
11229 5456 5828
5456 5828 11229
5828 5456 11229
7116 3114 8121
8121 3114 7116
3114 7116 8121
14139 3307 12520
12520 3307 14139
3307 12520 14139
10787 10988 11365
11365 10787 10988
10988 10787 11365
11779 3554 7435
3554 7435 11779
7435 3554 11779
8376 10525 14501
10525 8376 14501
14501 8376 10525
14193 2803 8683
8683 2803 14193
2803 8683 14193
9905 4859 9660
9660 4859 9905
4859 9660 9905
11461 4414 11574
4414 11461 11574
11574 4414 11461
2259 5018 5521
5521 2259 5018
5018 2259 5521
12242 1881 8119
1881 8119 12242
8119 1881 12242
5040 489 4138
489 4138 5040
4138 489 5040
2912 8566 12577
12577 2912 8566
8566 2912 12577
655 75 3632
3632 75 655
75 655 3632
2758 7035 13082
7035 2758 13082
13082 2758 7035
14336 5960 10057
5960 10057 14336
10057 5960 14336
1587 4677 9188
4677 1587 9188
9188 1587 4677
12296 10240 10520
10520 10240 12296
10240 10520 12296
7214 1682 14696
1682 7214 14696
14696 1682 7214
13401 8130 9757
9757 8130 13401
8130 9757 13401
2246 393 11273
393 2246 11273
11273 393 2246
5799 3580 14657
3580 5799 14657
14657 3580 5799
3606 3354 7091
3354 3606 7091
7091 3354 3606
10658 425 12539
425 10658 12539
12539 425 10658
14990 6710 10379
10379 6710 14990
6710 10379 14990
4379 1224 6588
1224 4379 6588
6588 1224 4379
13289 5361 13027
5361 13027 13289
13027 5361 13289
5161 417 1184
417 1184 5161
1184 417 5161
14069 826 6645
826 6645 14069
6645 826 14069
445 6892 7192
6892 445 7192
7192 445 6892
3943 6272 11847
11847 3943 6272
6272 3943 11847
8009 7347 14224
14224 7347 8009
7347 8009 14224
10365 14119 14850
14119 10365 14850
14850 10365 14119
14226 12015 13473
12015 13473 14226
13473 12015 14226
6958 8975 10780
8975 6958 10780
10780 6958 8975
210 86 5251
5251 86 210
86 210 5251
7709 2693 10182
10182 2693 7709
2693 7709 10182
1832 729 1871
729 1832 1871
1871 729 1832
12057 4947 14183
14183 4947 12057
4947 12057 14183
4956 5378 14713
14713 4956 5378
5378 4956 14713
2997 5097 5965
5097 2997 5965
5965 2997 5097
6993 1463 8133
1463 6993 8133
8133 1463 6993
4101 6925 12228
6925 4101 12228
12228 4101 6925
6833 7618 12087
12087 6833 7618
7618 6833 12087
