978 149 678
149 678 978
678 149 978
1085 346 1330
346 1085 1330
1330 346 1085
466 1359 1364
1364 466 1359
1359 466 1364
542 167 718
718 167 542
167 542 718
1382 916 985
916 985 1382
985 916 1382
749 222 929
222 749 929
929 222 749
689 7 306
306 7 689
7 306 689
1377 1088 1256
1088 1256 1377
1256 1088 1377
241 10 400
400 10 241
10 241 400
952 343 409
343 409 952
409 343 952
830 568 683
683 568 830
568 683 830
1128 266 717
266 717 1128
717 266 1128
423 449 797
797 423 449
449 423 797
1152 111 1369
1369 111 1152
111 1152 1369
1099 144 706
144 706 1099
706 144 1099
105 472 739
472 105 739
739 105 472
563 65 1189
65 563 1189
1189 65 563
427 378 1069
1069 378 427
378 427 1069
1114 673 1185
673 1114 1185
1185 673 1114
899 864 1166
864 899 1166
1166 864 899
745 501 700
501 700 745
700 501 745
783 825 1366
1366 783 825
825 783 1366
1288 16 1334
16 1288 1334
1334 16 1288
1468 171 1325
1325 171 1468
171 1325 1468
1471 491 921
491 921 1471
921 491 1471
1176 388 957
388 957 1176
957 388 1176
616 221 625
221 616 625
625 221 616
1055 1190 1196
1196 1055 1190
1190 1055 1196
1482 147 708
147 708 1482
708 147 1482
1129 511 1329
1329 511 1129
511 1129 1329
1453 31 709
31 709 1453
709 31 1453
767 141 753
753 141 767
141 753 767
1458 769 879
769 879 1458
879 769 1458
1278 811 847
811 847 1278
847 811 1278
1439 318 1496
318 1439 1496
1496 318 1439
1314 418 940
418 940 1314
940 418 1314
932 326 567
567 326 932
326 567 932
304 642 1302
642 304 1302
1302 304 642
826 1289 1409
1409 826 1289
1289 826 1409
1037 152 1463
1463 152 1037
152 1037 1463
1188 662 1092
1092 662 1188
662 1092 1188
728 1077 1435
1435 728 1077
1077 728 1435
905 763 800
800 763 905
763 800 905
473 584 1087
584 473 1087
1087 473 584
479 303 499
303 479 499
499 303 479
538 55 62
55 62 538
62 55 538
1097 338 381
338 381 1097
381 338 1097
485 120 490
120 485 490
490 120 485
443 686 758
758 443 686
686 443 758
1253 1019 1411
1411 1019 1253
1019 1253 1411
806 410 992
992 410 806
410 806 992
1279 251 781
781 251 1279
251 781 1279
1247 95 677
677 95 1247
95 677 1247
852 151 1113
151 852 1113
1113 151 852
816 383 674
383 674 816
674 383 816
913 1214 1319
1319 913 1214
1214 913 1319
1123 258 1094
258 1094 1123
1094 258 1123
386 988 1002
988 386 1002
1002 386 988
71 774 1015
774 71 1015
1015 71 774
688 48 1342
1342 48 688
48 688 1342
242 778 1304
1304 242 778
778 242 1304
628 1429 1454
1454 628 1429
1429 628 1454
777 337 1024
337 777 1024
1024 337 777
393 136 936
936 136 393
136 393 936
965 296 300
296 300 965
300 296 965
661 790 1481
1481 661 790
790 661 1481
1143 532 1119
532 1119 1143
1119 532 1143
358 274 470
470 274 358
274 358 470
44 619 1081
1081 44 619
619 44 1081
127 212 1021
212 127 1021
1021 127 212
1194 1153 1385
1385 1153 1194
1153 1194 1385
164 236 546
236 164 546
546 164 236
153 32 349
32 153 349
349 32 153
297 51 773
51 297 773
773 51 297
220 417 506
506 220 417
417 220 506
1340 309 1320
309 1320 1340
1320 309 1340
1405 524 572
572 524 1405
524 572 1405
1082 131 299
131 299 1082
299 131 1082
1075 1173 1357
1173 1075 1357
1357 1075 1173
1285 8 150
8 150 1285
150 8 1285
1255 901 1360
1360 901 1255
901 1255 1360
124 352 612
612 124 352
352 124 612
902 227 406
227 406 902
406 227 902
860 1209 1376
1376 860 1209
1209 860 1376
520 1391 1414
1414 520 1391
1391 520 1414
897 1061 1271
1271 897 1061
1061 897 1271
863 440 475
440 475 863
475 440 863
75 314 325
314 75 325
325 75 314
353 123 505
123 353 505
505 123 353
1480 265 445
445 265 1480
265 445 1480
1073 807 1136
807 1073 1136
1136 807 1073
188 218 561
218 188 561
561 188 218
804 52 1494
52 804 1494
1494 52 804
1023 1395 1491
1491 1023 1395
1395 1023 1491
92 2 276
2 92 276
276 2 92
1187 73 110
73 110 1187
110 73 1187
939 264 586
586 264 939
264 586 939
412 17 138
17 138 412
138 17 412
1338 243 782
782 243 1338
243 782 1338
272 102 867
867 102 272
102 272 867
854 301 954
301 854 954
954 301 854
1461 579 1375
1375 579 1461
579 1375 1461
4 792 1419
792 4 1419
1419 4 792
239 362 784
362 239 784
784 239 362
970 650 1175
1175 650 970
650 970 1175
89 738 871
738 89 871
871 89 738
201 193 975
975 193 201
193 201 975
1307 198 731
198 731 1307
731 198 1307
125 823 1138
823 125 1138
1138 125 823
315 703 1312
703 315 1312
1312 315 703
751 268 1108
1108 268 751
268 751 1108
1056 903 982
903 982 1056
982 903 1056
1195 736 1008
1008 736 1195
736 1008 1195
117 176 962
962 117 176
176 117 962
1341 49 1242
49 1242 1341
1242 49 1341
1028 704 873
873 704 1028
704 873 1028
246 77 1267
1267 77 246
77 246 1267
1145 119 639
639 119 1145
119 639 1145
833 240 906
906 240 833
240 833 906
840 27 1003
1003 27 840
27 840 1003
1368 597 701
701 597 1368
597 701 1368
750 1072 1226
1226 750 1072
1072 750 1226
805 1030 1134
1030 805 1134
1134 805 1030
1402 292 1371
1371 292 1402
292 1371 1402
257 112 810
810 112 257
112 257 810
1406 733 757
757 733 1406
733 757 1406
328 787 1057
787 328 1057
1057 328 787
91 133 1144
133 91 1144
1144 91 133
106 910 995
995 106 910
910 106 995
624 1163 1445
1445 624 1163
1163 624 1445
999 209 752
752 209 999
209 752 999
224 438 498
438 224 498
498 224 438
1046 887 968
968 887 1046
887 968 1046
569 463 722
722 463 569
463 569 722
238 36 849
849 36 238
36 238 849
1386 838 1417
1417 838 1386
838 1386 1417
1447 197 600
600 197 1447
197 600 1447
865 161 571
161 571 865
571 161 865
834 512 953
512 834 953
953 512 834
360 464 727
464 360 727
727 360 464
1470 182 1286
182 1286 1470
1286 182 1470
596 679 844
844 596 679
679 596 844
866 420 604
604 420 866
420 604 866
1333 359 1294
359 1294 1333
1294 359 1333
1465 335 1229
1229 335 1465
335 1229 1465
497 191 559
559 191 497
191 497 559
981 19 1339
1339 19 981
19 981 1339
1133 324 1213
1213 324 1133
324 1133 1213
1083 86 401
401 86 1083
86 401 1083
720 217 663
217 663 720
663 217 720
534 59 1215
1215 59 534
59 534 1215
869 76 96
76 96 869
96 76 869
551 457 1068
457 551 1068
1068 457 551
632 329 643
643 329 632
329 632 643
87 419 1378
419 87 1378
1378 87 419
291 351 898
898 291 351
351 291 898
316 371 1080
371 316 1080
1080 316 371
148 132 607
132 148 607
607 132 148
1096 711 937
937 711 1096
711 937 1096
1109 482 547
547 482 1109
482 547 1109
1495 488 1264
488 1264 1495
1264 488 1495
22 183 282
183 22 282
282 22 183
1487 177 1446
177 1446 1487
1446 177 1487
159 754 911
911 159 754
754 159 911
573 1031 1455
1031 573 1455
1455 573 1031
891 114 1171
114 891 1171
1171 114 891
670 814 1220
1220 670 814
814 670 1220
1442 648 1237
1237 648 1442
648 1237 1442
1449 850 1135
850 1135 1449
1135 850 1449
872 50 424
424 50 872
50 424 872
959 695 1475
1475 695 959
695 959 1475
98 344 1110
1110 98 344
344 98 1110
1293 140 375
375 140 1293
140 375 1293
1090 68 459
68 459 1090
459 68 1090
944 90 1165
1165 90 944
90 944 1165
654 317 672
672 317 654
317 654 672
1365 387 404
387 404 1365
404 387 1365
477 1167 1337
1337 477 1167
1167 477 1337
1500 248 723
723 248 1500
248 723 1500
522 287 1182
1182 287 522
287 522 1182
1027 1151 1246
1246 1027 1151
1151 1027 1246
513 407 1335
1335 407 513
407 513 1335
415 121 514
121 415 514
514 121 415
129 69 924
69 129 924
924 69 129
80 819 1162
1162 80 819
819 80 1162
369 444 1476
1476 369 444
444 369 1476
271 169 618
618 169 271
169 271 618
269 456 675
456 269 675
675 269 456
817 78 1041
1041 78 817
78 817 1041
1350 820 1210
1210 820 1350
820 1210 1350
108 356 553
553 108 356
356 108 553
1035 170 799
170 799 1035
799 170 1035
926 1315 1367
1315 926 1367
1367 926 1315
206 629 846
629 206 846
846 206 629
228 145 715
145 228 715
715 145 228
574 617 1063
1063 574 617
617 574 1063
1428 450 1238
1238 450 1428
450 1238 1428
883 611 687
611 687 883
687 611 883
1296 431 680
431 680 1296
680 431 1296
233 25 1025
1025 25 233
25 233 1025
861 63 1178
63 861 1178
1178 63 861
429 1089 1362
1362 429 1089
1089 429 1362
1102 210 696
210 696 1102
696 210 1102
772 285 540
285 540 772
540 285 772
500 275 1159
1159 275 500
275 500 1159
1001 494 1460
494 1001 1460
1460 494 1001
1462 669 724
724 669 1462
669 724 1462
1254 294 770
294 770 1254
770 294 1254
230 1164 1235
1164 230 1235
1235 230 1164
223 552 575
552 223 575
575 223 552
137 15 1198
1198 15 137
15 137 1198
1497 435 582
582 435 1497
435 582 1497
1207 319 1193
1193 319 1207
319 1193 1207
1308 967 1322
967 1308 1322
1322 967 1308
1323 1016 1045
1016 1045 1323
1045 1016 1323
396 376 956
376 396 956
956 376 396
1310 229 555
555 229 1310
229 555 1310
1346 354 626
354 626 1346
626 354 1346
46 1199 1425
1199 46 1425
1425 46 1199
667 255 1257
1257 255 667
255 667 1257
653 1124 1154
1124 653 1154
1154 653 1124
162 42 237
237 42 162
42 162 237
812 1202 1484
1484 812 1202
1202 812 1484
1372 665 990
665 990 1372
990 665 1372
13 759 1052
759 13 1052
1052 13 759
134 310 775
310 134 775
775 134 310
918 746 821
746 821 918
821 746 918
1361 67 831
67 831 1361
831 67 1361
732 487 605
487 605 732
605 487 732
907 196 1259
1259 196 907
196 907 1259
1103 518 519
518 519 1103
519 518 1103
697 818 876
818 697 876
876 697 818
118 332 1106
332 118 1106
1106 118 332
637 794 1370
1370 637 794
794 637 1370
949 340 1011
1011 340 949
340 949 1011
1074 368 1434
1434 368 1074
368 1074 1434
260 293 1060
293 260 1060
1060 260 293
232 528 562
562 232 528
528 232 562
526 256 655
256 526 655
655 256 526
1261 462 765
462 765 1261
765 462 1261
1168 94 391
94 391 1168
391 94 1168
741 541 713
541 713 741
713 541 741
776 556 1356
1356 556 776
556 776 1356
11 721 760
760 11 721
721 11 760
994 495 1150
1150 495 994
495 994 1150
828 1062 1206
1206 828 1062
1062 828 1206
977 622 848
622 848 977
848 622 977
493 684 1248
684 493 1248
1248 493 684
857 521 1318
1318 521 857
521 857 1318
588 481 744
481 588 744
744 481 588
549 442 1067
1067 442 549
442 549 1067
41 610 1059
1059 41 610
610 41 1059
951 397 1230
397 951 1230
1230 397 951
1033 593 1071
1071 593 1033
593 1033 1071
1384 976 1459
976 1384 1459
1459 976 1384
454 915 1036
1036 454 915
915 454 1036
1260 279 441
279 441 1260
441 279 1260
504 1026 1137
1026 504 1137
1137 504 1026
630 207 1050
207 630 1050
1050 207 630
1336 357 1488
357 1336 1488
1488 357 1336
1130 627 1017
627 1017 1130
1017 627 1130
743 333 1412
1412 333 743
333 743 1412
414 374 594
594 374 414
374 414 594
875 115 1436
1436 115 875
115 875 1436
592 154 570
154 570 592
570 154 592
933 79 1303
1303 79 933
79 933 1303
948 289 1192
1192 289 948
289 948 1192
786 64 930
930 64 786
64 786 930
405 24 868
24 405 868
868 24 405
57 755 1416
755 57 1416
1416 57 755
1358 859 1352
1352 859 1358
859 1352 1358
986 598 890
598 890 986
890 598 986
1234 583 682
682 583 1234
583 682 1234
1149 822 1098
1098 822 1149
822 1098 1149
647 1022 1263
1263 647 1022
1022 647 1263
216 798 1231
1231 216 798
798 216 1231
1078 74 931
74 931 1078
931 74 1078
676 194 1250
1250 194 676
194 676 1250
609 305 716
716 305 609
305 609 716
322 254 1280
254 322 1280
1280 254 322
702 904 1474
904 702 1474
1474 702 904
1222 946 1292
1292 946 1222
946 1222 1292
1139 277 370
277 370 1139
370 277 1139
295 737 1131
737 295 1131
1131 295 737
1421 29 1381
29 1381 1421
1381 29 1421
851 478 1441
478 851 1441
1441 478 851
126 380 1283
380 126 1283
1283 126 380
307 502 796
796 307 502
502 307 796
1241 122 606
122 606 1241
606 122 1241
180 339 881
339 180 881
881 180 339
1433 341 641
641 341 1433
341 641 1433
1473 845 1316
845 1316 1473
1316 845 1473
433 413 1125
1125 413 433
413 433 1125
987 298 585
585 298 987
298 585 987
517 245 458
458 245 517
245 458 517
327 764 1353
1353 327 764
764 327 1353
947 793 1486
1486 793 947
793 947 1486
280 163 1273
1273 163 280
163 280 1273
1354 186 1444
186 1354 1444
1444 186 1354
128 489 1275
1275 128 489
489 128 1275
565 886 980
886 565 980
980 565 886
1239 366 1262
1262 366 1239
366 1239 1262
558 602 1084
602 558 1084
1084 558 602
1161 12 321
12 321 1161
321 12 1161
1211 636 1177
636 1177 1211
1177 636 1211
202 878 1179
878 202 1179
1179 202 878
1396 460 938
938 460 1396
460 938 1396
809 100 1043
1043 100 809
100 809 1043
82 1116 1490
1116 82 1490
1490 82 1116
1034 771 963
771 963 1034
963 771 1034
1240 578 1422
1422 578 1240
578 1240 1422
389 61 244
244 61 389
61 244 389
364 835 1076
835 364 1076
1076 364 835
590 165 1343
1343 165 590
165 590 1343
658 725 942
725 658 942
942 658 725
1274 533 1485
533 1274 1485
1485 533 1274
455 527 877
877 455 527
527 455 877
516 208 1451
208 516 1451
1451 208 516
694 20 664
664 20 694
20 664 694
1489 633 1079
1079 633 1489
633 1079 1489
649 885 1005
1005 649 885
885 649 1005
824 958 1389
958 824 1389
1389 824 958
1233 219 426
426 219 1233
219 426 1233
503 780 1224
780 503 1224
1224 503 780
1499 226 1390
1390 226 1499
226 1390 1499
922 671 1309
1309 671 922
671 922 1309
38 408 666
408 38 666
666 38 408
53 1058 1269
1058 53 1269
1269 53 1058
768 174 1232
174 768 1232
1232 174 768
591 740 1479
740 591 1479
1479 591 740
766 1268 1427
1427 766 1268
1268 766 1427
1010 172 1120
1120 172 1010
172 1010 1120
803 1227 1426
1227 803 1426
1426 803 1227
1326 81 334
334 81 1326
81 334 1326
390 843 1174
843 390 1174
1174 390 843
730 155 1218
155 730 1218
1218 155 730
656 651 1469
651 656 1469
1469 651 656
734 261 1431
1431 261 734
261 734 1431
428 483 1483
483 428 1483
1483 428 483
1258 842 1121
842 1121 1258
1121 842 1258
178 14 779
14 178 779
779 14 178
476 6 1104
1104 6 476
6 476 1104
525 685 1290
685 525 1290
1290 525 685
1049 421 1205
1205 421 1049
421 1049 1205
1299 1272 1452
1272 1299 1452
1452 1272 1299
1018 425 603
425 603 1018
603 425 1018
1393 832 1186
1186 832 1393
832 1186 1393
1054 928 1155
1155 928 1054
928 1054 1155
331 640 1251
1251 331 640
640 331 1251
1306 166 545
166 545 1306
545 166 1306
972 181 184
181 184 972
184 181 972
1344 492 960
960 492 1344
492 960 1344
330 934 996
996 330 934
934 330 996
991 72 536
72 536 991
536 72 991
45 270 1223
1223 45 270
270 45 1223
225 313 523
313 225 523
523 225 313
439 1093 1398
1398 439 1093
1093 439 1398
537 484 896
896 484 537
484 537 896
1400 1047 1201
1201 1047 1400
1047 1201 1400
34 211 1410
211 34 1410
1410 34 211
589 1197 1394
1197 589 1394
1394 589 1197
855 403 1126
403 855 1126
1126 403 855
1070 1 507
1 507 1070
507 1 1070
801 480 644
480 644 801
644 480 801
1252 361 836
836 361 1252
361 836 1252
1321 312 363
363 312 1321
312 363 1321
971 88 496
88 496 971
496 88 971
719 973 1051
1051 719 973
973 719 1051
705 646 1112
646 705 1112
1112 646 705
914 1403 1408
1403 914 1408
1408 914 1403
1298 252 761
252 761 1298
761 252 1298
1048 1013 1032
1032 1013 1048
1013 1032 1048
130 827 1009
827 130 1009
1009 130 827
712 1180 1287
1180 712 1287
1287 712 1180
1438 93 411
93 411 1438
411 93 1438
909 283 1282
1282 283 909
283 909 1282
35 70 690
690 35 70
70 35 690
43 190 635
190 43 635
635 43 190
1331 281 320
320 281 1331
281 320 1331
1156 613 1066
1066 613 1156
613 1066 1156
142 1266 1456
1266 142 1456
1456 142 1266
1387 84 342
84 342 1387
342 84 1387
1415 446 471
446 471 1415
471 446 1415
945 23 85
85 23 945
23 85 945
101 795 1181
1181 101 795
795 101 1181
710 557 1313
1313 557 710
557 710 1313
402 698 1295
1295 402 698
698 402 1295
660 355 1184
1184 355 660
355 660 1184
1183 858 1392
1392 858 1183
858 1183 1392
347 37 247
37 247 347
247 37 347
398 785 1332
785 398 1332
1332 398 785
1170 104 1118
1118 104 1170
104 1118 1170
539 474 1064
474 539 1064
1064 474 539
33 373 377
373 33 377
377 33 373
747 808 912
808 747 912
912 747 808
614 26 1217
26 614 1217
1217 26 614
1212 395 888
395 888 1212
888 395 1212
1418 447 510
510 447 1418
447 510 1418
1265 430 997
430 997 1265
997 430 1265
1127 748 884
748 884 1127
884 748 1127
1399 214 451
451 214 1399
214 451 1399
179 615 1457
615 179 1457
1457 179 615
173 83 729
83 173 729
729 83 173
432 382 989
382 432 989
989 382 432
1236 350 1038
1038 350 1236
350 1038 1236
253 608 1132
608 253 1132
1132 253 608
434 1147 1317
1147 434 1317
1317 434 1147
657 422 1014
422 657 1014
1014 422 657
791 469 692
469 692 791
692 469 791
54 707 1432
1432 54 707
707 54 1432
103 39 920
39 103 920
920 39 103
789 1191 1440
1191 789 1440
1440 789 1191
1146 139 168
168 139 1146
139 168 1146
416 160 1379
1379 160 416
160 416 1379
195 234 1277
234 195 1277
1277 195 234
392 99 943
99 392 943
943 99 392
1478 862 882
882 862 1478
862 882 1478
1105 935 998
935 998 1105
998 935 1105
917 113 979
113 917 979
979 113 917
199 18 1328
18 199 1328
1328 18 199
735 566 969
566 735 969
969 566 735
1245 47 925
47 925 1245
925 47 1245
1363 58 955
58 955 1363
955 58 1363
66 185 577
577 66 185
185 66 577
1039 515 623
623 515 1039
515 623 1039
802 109 205
109 205 802
205 109 802
894 40 192
192 40 894
40 192 894
1430 452 1355
1355 452 1430
452 1355 1430
620 97 870
97 620 870
870 97 620
437 576 693
576 437 693
693 437 576
187 311 1200
1200 187 311
311 187 1200
278 893 1012
893 278 1012
1012 278 893
157 286 634
634 157 286
286 157 634
1095 1122 1208
1122 1095 1208
1208 1095 1122
308 250 1219
1219 250 308
250 308 1219
1117 143 1407
1407 143 1117
143 1117 1407
60 974 1327
1327 60 974
974 60 1327
1492 1228 1397
1228 1397 1492
1397 1228 1492
1300 1020 1472
1472 1020 1300
1020 1300 1472
262 200 1244
1244 200 262
200 262 1244
3 509 554
554 3 509
509 3 554
1291 813 1284
1284 813 1291
813 1284 1291
508 189 1351
189 508 1351
1351 189 508
1158 1040 1107
1040 1107 1158
1107 1040 1158
9 1169 1276
1276 9 1169
1169 9 1276
249 336 1423
336 249 1423
1423 249 336
587 263 379
263 379 587
379 263 587
215 548 599
548 215 599
599 215 548
1380 1006 1493
1493 1006 1380
1006 1380 1493
923 365 631
365 631 923
631 365 923
531 560 788
560 531 788
788 531 560
839 1281 1311
1281 839 1311
1311 839 1281
984 372 453
453 372 984
372 453 984
135 348 950
950 135 348
348 135 950
1477 837 908
908 837 1477
837 908 1477
1347 146 564
564 146 1347
146 564 1347
288 394 1464
1464 288 394
394 288 1464
290 302 550
302 290 550
550 290 302
1140 465 1042
465 1042 1140
1042 465 1140
993 158 966
966 158 993
158 966 993
756 941 1142
941 756 1142
1142 756 941
900 468 544
468 544 900
544 468 900
659 467 595
595 467 659
467 595 659
856 961 1225
1225 856 961
961 856 1225
259 204 1301
1301 204 259
204 259 1301
1203 21 699
699 21 1203
21 699 1203
1270 714 726
714 726 1270
726 714 1270
1374 1053 1157
1157 1053 1374
1053 1157 1374
56 399 1100
399 56 1100
1100 56 399
1044 880 1424
880 1044 1424
1424 880 1044
621 116 645
116 621 645
645 116 621
1160 581 601
581 601 1160
601 581 1160
203 384 927
384 203 927
927 203 384
448 461 1297
461 448 1297
1297 448 461
1148 691 1007
1007 691 1148
691 1007 1148
323 1086 1221
1086 323 1221
1221 323 1086
436 345 874
874 345 436
345 436 874
486 895 1000
1000 486 895
895 486 1000
742 529 1443
1443 529 742
529 742 1443
1004 668 1383
1383 668 1004
668 1004 1383
1141 543 1029
543 1029 1141
1029 543 1141
1448 156 762
156 762 1448
762 156 1448
889 815 1172
1172 815 889
815 889 1172
1345 30 1091
30 1091 1345
1091 30 1345
535 107 829
829 107 535
107 535 829
385 1404 1450
1450 385 1404
1404 385 1450
1349 1216 1324
1324 1216 1349
1216 1324 1349
530 892 1111
892 530 1111
1111 530 892
213 1249 1373
1373 213 1249
1249 213 1373
1204 1305 1467
1305 1204 1467
1467 1204 1305
235 841 964
841 235 964
964 235 841
1413 983 1498
1498 983 1413
983 1413 1498
638 231 681
681 231 638
231 638 681
1420 580 1401
1401 580 1420
580 1401 1420
5 175 273
273 5 175
175 5 273
1101 284 853
853 284 1101
284 853 1101
1065 28 652
28 652 1065
652 28 1065
1243 267 1388
267 1243 1388
1388 267 1243
919 1115 1348
1115 919 1348
1348 919 1115
1437 367 1466
1466 367 1437
367 1437 1466
