662 1208 1468
1468 662 1208
1208 662 1468
1309 819 971
819 971 1309
971 819 1309
727 769 1142
1142 727 769
769 727 1142
107 18 1236
18 107 1236
1236 18 107
901 621 629
621 629 901
629 621 901
968 736 1234
736 968 1234
1234 736 968
1248 615 1349
615 1248 1349
1349 615 1248
157 1113 1228
1228 157 1113
1113 157 1228
1277 430 710
430 710 1277
710 430 1277
399 897 1262
897 399 1262
1262 399 897
1285 180 758
758 180 1285
180 758 1285
579 111 617
617 111 579
111 579 617
229 1360 1489
1489 229 1360
1360 229 1489
643 979 1421
1421 643 979
979 643 1421
1317 352 1246
352 1246 1317
1246 352 1317
1403 314 415
314 415 1403
415 314 1403
295 163 1454
1454 163 295
163 295 1454
652 176 1345
176 652 1345
1345 176 652
587 63 269
269 63 587
63 269 587
963 467 594
594 467 963
467 594 963
807 48 1049
48 807 1049
1049 48 807
432 1169 1455
1455 432 1169
1169 432 1455
1054 212 1188
1188 212 1054
212 1054 1188
1265 914 945
945 914 1265
914 945 1265
725 381 1020
381 725 1020
1020 381 725
417 584 1145
584 417 1145
1145 417 584
1466 717 749
749 717 1466
717 749 1466
1425 770 774
774 770 1425
770 774 1425
582 17 261
17 261 582
261 17 582
724 220 1180
1180 220 724
220 724 1180
404 175 279
279 175 404
175 279 404
1022 260 1329
260 1022 1329
1329 260 1022
825 1037 1141
1141 825 1037
1037 825 1141
633 266 392
392 266 633
266 392 633
1490 104 1201
1201 104 1490
104 1201 1490
1097 178 995
178 995 1097
995 178 1097
848 316 458
458 316 848
316 458 848
912 847 1480
1480 847 912
847 912 1480
1275 1063 1353
1063 1275 1353
1353 1063 1275
348 356 685
356 348 685
685 348 356
181 991 1002
1002 181 991
991 181 1002
1006 30 1157
1157 30 1006
30 1006 1157
1214 611 821
611 821 1214
821 611 1214
1377 35 742
35 742 1377
742 35 1377
485 20 921
921 20 485
20 485 921
533 345 588
588 345 533
345 533 588
1009 60 1391
60 1009 1391
1391 60 1009
410 618 1439
618 410 1439
1439 410 618
1237 256 1469
1469 256 1237
256 1237 1469
1227 1295 1443
1443 1227 1295
1295 1227 1443
1061 74 92
92 74 1061
74 92 1061
58 744 808
744 58 808
808 58 744
561 149 471
149 471 561
471 149 561
730 466 1497
1497 466 730
466 730 1497
1029 129 1274
1274 129 1029
129 1029 1274
373 850 994
850 373 994
994 373 850
1202 243 1205
1205 243 1202
243 1202 1205
476 189 1458
1458 189 476
189 476 1458
977 8 1292
8 977 1292
1292 8 977
1315 146 700
700 146 1315
146 700 1315
970 369 947
947 369 970
369 947 970
1168 812 954
954 812 1168
812 954 1168
1158 525 1244
525 1158 1244
1244 525 1158
556 1017 1024
1024 556 1017
1017 556 1024
329 378 654
654 329 378
378 329 654
787 252 709
252 709 787
709 252 787
28 165 775
165 28 775
775 28 165
405 908 988
988 405 908
908 405 988
68 817 896
817 68 896
896 68 817
628 400 1465
400 628 1465
1465 400 628
1222 757 1155
757 1155 1222
1155 757 1222
1171 566 967
967 566 1171
566 967 1171
334 1247 1356
1356 334 1247
1247 334 1356
574 162 484
162 484 574
484 162 574
1004 589 1193
1193 589 1004
589 1004 1193
610 271 368
368 271 610
271 368 610
1338 822 927
822 927 1338
927 822 1338
153 194 1131
194 153 1131
1131 153 194
997 133 625
625 133 997
133 625 997
1197 114 362
362 114 1197
114 362 1197
715 515 562
562 515 715
515 562 715
495 1194 1312
1194 495 1312
1312 495 1194
1492 253 974
253 974 1492
974 253 1492
185 528 1422
528 185 1422
1422 185 528
16 1073 1351
1073 16 1351
1351 16 1073
844 692 1322
692 844 1322
1322 692 844
517 3 541
3 517 541
541 3 517
283 851 1167
851 283 1167
1167 283 851
1413 64 124
64 124 1413
124 64 1413
981 835 1080
835 981 1080
1080 835 981
786 73 899
899 73 786
73 786 899
353 1153 1495
1153 353 1495
1495 353 1153
1102 791 1047
1047 791 1102
791 1047 1102
1284 842 1346
842 1284 1346
1346 842 1284
421 393 959
959 393 421
393 421 959
56 49 207
207 49 56
49 56 207
1254 694 1250
694 1250 1254
1250 694 1254
86 965 1224
965 86 1224
1224 86 965
869 680 849
680 849 869
849 680 869
1333 707 1408
707 1333 1408
1408 707 1333
748 740 933
740 748 933
933 740 748
1302 319 591
319 591 1302
591 319 1302
317 24 1331
1331 24 317
24 317 1331
949 493 834
493 834 949
834 493 949
192 1320 1393
1320 192 1393
1393 192 1320
660 818 1086
1086 660 818
818 660 1086
321 106 1483
106 321 1483
1483 106 321
597 215 637
637 215 597
215 597 637
1363 140 669
669 140 1363
140 669 1363
1 1124 1213
1213 1 1124
1124 1 1213
370 855 916
855 370 916
916 370 855
332 1121 1461
1121 332 1461
1461 332 1121
984 128 1223
1223 128 984
128 984 1223
874 387 557
387 557 874
557 387 874
98 505 1255
505 98 1255
1255 98 505
288 166 227
166 227 288
227 166 288
937 1350 1431
1431 937 1350
1350 937 1431
1271 1108 1411
1108 1271 1411
1411 1108 1271
167 335 530
530 167 335
335 167 530
1414 771 806
806 771 1414
771 806 1414
1186 249 596
596 249 1186
249 596 1186
1000 661 1038
661 1000 1038
1038 661 1000
1092 1368 1500
1500 1092 1368
1368 1092 1500
962 895 902
895 902 962
902 895 962
810 816 1380
1380 810 816
816 810 1380
733 196 1105
196 733 1105
1105 196 733
1025 359 852
852 359 1025
359 852 1025
1012 315 571
571 315 1012
315 571 1012
759 683 802
802 683 759
683 759 802
545 438 1481
438 545 1481
1481 438 545
800 436 875
436 800 875
875 436 800
1361 518 735
518 735 1361
735 518 1361
1187 586 1303
1303 586 1187
586 1187 1303
510 671 1217
671 510 1217
1217 510 671
1387 1011 1109
1011 1109 1387
1109 1011 1387
1170 755 1494
1494 755 1170
755 1170 1494
721 413 509
413 509 721
509 413 721
305 728 1008
1008 305 728
728 305 1008
747 926 1031
926 747 1031
1031 747 926
1281 462 1445
1445 462 1281
462 1281 1445
870 811 1307
811 870 1307
1307 811 870
743 382 656
382 656 743
656 382 743
1070 361 500
361 500 1070
500 361 1070
96 676 1098
676 96 1098
1098 96 676
90 168 961
168 90 961
961 90 168
296 1216 1378
1378 296 1216
1216 296 1378
877 402 1065
1065 402 877
402 877 1065
919 230 779
779 230 919
230 779 919
1426 531 931
531 931 1426
931 531 1426
452 40 160
40 160 452
160 40 452
26 521 1352
1352 26 521
521 26 1352
435 135 179
135 179 435
179 135 435
1143 630 1474
1474 630 1143
630 1143 1474
234 768 1069
1069 234 768
768 234 1069
1375 82 396
396 82 1375
82 396 1375
195 674 1084
674 195 1084
1084 195 674
126 138 346
138 126 346
346 126 138
1424 907 1090
1090 907 1424
907 1090 1424
783 861 993
861 783 993
993 783 861
1230 134 1470
1470 134 1230
134 1230 1470
952 583 1359
583 952 1359
1359 583 952
412 62 765
765 62 412
62 412 765
1267 285 642
285 642 1267
642 285 1267
606 446 1219
1219 446 606
446 606 1219
553 856 1257
1257 553 856
856 553 1257
973 513 1264
513 973 1264
1264 513 973
1415 115 258
115 258 1415
258 115 1415
302 174 406
174 302 406
406 174 302
638 913 1260
1260 638 913
913 638 1260
1042 403 1446
1446 403 1042
403 1042 1446
1357 605 1001
1001 605 1357
605 1001 1357
385 121 1154
121 385 1154
1154 121 385
1366 1164 1343
1343 1164 1366
1164 1343 1366
890 788 1019
788 890 1019
1019 788 890
1122 306 1308
1308 306 1122
306 1122 1308
1252 734 1294
1294 734 1252
734 1252 1294
752 117 1390
1390 117 752
117 752 1390
100 455 1111
1111 100 455
455 100 1111
448 328 1301
328 448 1301
1301 328 448
427 4 103
103 4 427
4 103 427
338 670 876
670 338 876
876 338 670
1126 795 1311
1311 795 1126
795 1126 1311
739 1030 1405
1030 739 1405
1405 739 1030
172 193 773
773 172 193
193 172 773
1475 280 1060
1060 280 1475
280 1060 1475
1395 91 836
91 836 1395
836 91 1395
872 651 1316
1316 651 872
651 872 1316
892 113 1210
1210 113 892
113 892 1210
542 39 794
39 542 794
794 39 542
1321 881 1397
881 1321 1397
1397 881 1321
127 559 1181
1181 127 559
559 127 1181
690 210 935
210 690 935
935 210 690
688 492 1440
1440 492 688
492 688 1440
667 909 1444
909 667 1444
1444 667 909
732 78 290
290 78 732
78 290 732
474 1083 1273
1273 474 1083
1083 474 1273
706 199 1258
199 706 1258
1258 199 706
1119 936 1374
1374 936 1119
936 1119 1374
1196 291 1064
291 1064 1196
1064 291 1196
846 270 504
504 270 846
270 504 846
612 1066 1178
1178 612 1066
1066 612 1178
303 520 873
520 303 873
873 303 520
745 767 1290
767 745 1290
1290 745 767
312 1147 1382
1147 312 1382
1382 312 1147
526 1305 1477
1477 526 1305
1305 526 1477
1095 1253 1451
1451 1095 1253
1253 1095 1451
154 298 829
829 154 298
298 154 829
206 177 422
422 177 206
177 206 422
519 327 1088
327 519 1088
1088 327 519
1435 219 514
514 219 1435
219 514 1435
879 473 1334
473 879 1334
1334 473 879
57 204 1016
204 57 1016
1016 57 204
1354 760 1388
760 1354 1388
1388 760 1354
1075 576 1146
1146 576 1075
576 1075 1146
1472 191 354
354 191 1472
191 354 1472
1282 72 331
72 331 1282
331 72 1282
34 171 465
171 34 465
465 34 171
503 300 1325
1325 300 503
300 503 1325
83 1015 1499
1015 83 1499
1499 83 1015
14 374 729
729 14 374
374 14 729
1287 675 695
695 675 1287
675 695 1287
365 911 1448
1448 365 911
911 365 1448
439 326 1231
326 439 1231
1231 326 439
1132 475 1371
1371 475 1132
475 1132 1371
622 1283 1400
1400 622 1283
1283 622 1400
792 159 232
232 159 792
159 232 792
922 143 1007
143 922 1007
1007 143 922
548 122 957
122 548 957
957 122 548
236 240 511
511 236 240
240 236 511
536 888 1226
1226 536 888
888 536 1226
1330 341 1344
341 1330 1344
1344 341 1330
309 284 1339
1339 284 309
284 309 1339
854 274 1432
274 854 1432
1432 274 854
883 1040 1059
1040 883 1059
1059 883 1040
635 233 641
641 233 635
233 635 641
1062 147 1052
1052 147 1062
147 1052 1062
89 384 804
804 89 384
384 89 804
1203 944 1135
1135 944 1203
944 1135 1203
158 828 1160
828 158 1160
1160 158 828
457 843 1420
1420 457 843
843 457 1420
237 187 1245
187 237 1245
1245 187 237
391 923 1243
923 391 1243
1243 391 923
1332 88 342
88 342 1332
342 88 1332
1074 1112 1478
1478 1074 1112
1112 1074 1478
1384 1251 1434
1434 1251 1384
1251 1384 1434
801 718 750
718 750 801
750 718 801
420 546 1057
1057 420 546
546 420 1057
1266 1077 1279
1077 1266 1279
1279 1077 1266
1396 593 1286
1286 593 1396
593 1286 1396
197 54 754
754 54 197
54 197 754
112 281 1278
1278 112 281
281 112 1278
797 823 998
998 797 823
823 797 998
501 978 1407
1407 501 978
978 501 1407
1161 569 1163
569 1161 1163
1163 569 1161
268 349 351
351 268 349
349 268 351
1045 23 904
23 904 1045
904 23 1045
1381 450 1209
450 1209 1381
1209 450 1381
472 440 1467
1467 440 472
440 472 1467
1218 1347 1471
1347 1218 1471
1471 1218 1347
784 653 859
859 653 784
653 784 859
324 543 865
543 324 865
865 324 543
910 287 463
287 463 910
463 287 910
1450 502 956
502 956 1450
956 502 1450
714 906 1433
1433 714 906
906 714 1433
1437 120 955
955 120 1437
120 955 1437
1028 853 951
951 853 1028
853 951 1028
1370 483 889
889 483 1370
483 889 1370
80 241 953
241 80 953
953 80 241
425 871 1327
871 425 1327
1327 425 871
1082 639 1096
1096 639 1082
639 1082 1096
1068 275 778
275 778 1068
778 275 1068
340 1190 1239
1239 340 1190
1190 340 1239
780 395 1087
1087 395 780
395 780 1087
920 608 1272
608 920 1272
1272 608 920
603 686 1326
686 603 1326
1326 603 686
647 75 453
75 453 647
453 75 647
377 379 1423
379 377 1423
1423 377 379
31 534 824
824 31 534
534 31 824
1185 626 1079
1079 626 1185
626 1079 1185
1447 782 1138
782 1138 1447
1138 782 1447
1479 323 720
323 720 1479
720 323 1479
885 109 1081
1081 109 885
109 885 1081
999 235 950
235 950 999
950 235 999
1133 987 1460
987 1133 1460
1460 987 1133
1340 1023 1198
1023 1198 1340
1198 1023 1340
1476 151 248
248 151 1476
151 248 1476
682 672 918
918 672 682
672 682 918
375 1134 1270
1270 375 1134
1134 375 1270
1071 636 1055
636 1055 1071
1055 636 1071
1151 299 1212
1212 299 1151
299 1151 1212
468 1249 1376
1376 468 1249
1249 468 1376
408 411 1319
1319 408 411
411 408 1319
840 761 1183
1183 761 840
761 840 1183
712 1039 1418
1418 712 1039
1039 712 1418
677 599 697
599 677 697
697 599 677
350 344 1114
344 350 1114
1114 344 350
202 698 1261
698 202 1261
1261 202 698
726 798 1369
1369 726 798
798 726 1369
1056 915 1044
1044 915 1056
915 1044 1056
772 447 815
447 772 815
815 447 772
969 602 1128
602 969 1128
1128 602 969
55 94 156
94 55 156
156 55 94
1129 209 1140
209 1129 1140
1140 209 1129
930 1021 1093
1021 930 1093
1093 930 1021
1125 711 1348
711 1125 1348
1348 711 1125
1078 481 1318
1318 481 1078
481 1078 1318
97 623 1189
623 97 1189
1189 97 623
1184 516 723
516 723 1184
723 516 1184
1288 231 703
703 231 1288
231 703 1288
29 1428 1482
1482 29 1428
1428 29 1482
1094 964 1036
1036 964 1094
964 1036 1094
575 131 689
131 575 689
689 131 575
333 294 567
567 294 333
294 333 567
563 1156 1398
1156 563 1398
1398 563 1156
763 38 665
38 665 763
665 38 763
460 267 1137
1137 267 460
267 460 1137
523 325 1417
325 523 1417
1417 325 523
1256 409 1100
409 1100 1256
1100 409 1256
644 101 551
101 551 644
551 101 644
731 441 1053
441 731 1053
1053 441 731
882 426 762
762 426 882
426 762 882
570 12 532
12 532 570
532 12 570
607 61 1099
61 607 1099
1099 61 607
322 318 696
318 322 696
696 318 322
932 148 887
148 887 932
887 148 932
934 619 862
862 619 934
619 862 934
1385 506 1177
506 1177 1385
1177 506 1385
265 785 864
785 265 864
864 265 785
891 130 137
130 137 891
137 130 891
1220 182 407
407 182 1220
182 407 1220
32 282 753
282 32 753
753 32 282
1051 658 1498
658 1051 1498
1498 658 1051
940 990 1085
990 940 1085
1085 940 990
766 77 1206
1206 77 766
77 766 1206
1032 15 966
966 15 1032
15 966 1032
1269 250 976
250 976 1269
976 250 1269
69 632 1438
632 69 1438
1438 69 632
366 155 442
155 366 442
442 155 366
244 186 487
186 244 487
487 186 244
790 1003 1389
1003 790 1389
1389 790 1003
958 102 494
494 102 958
102 494 958
1410 431 496
496 431 1410
431 496 1410
960 307 1386
1386 307 960
307 960 1386
433 67 903
67 433 903
903 67 433
1291 577 1241
1241 577 1291
577 1241 1291
310 27 1221
1221 27 310
27 310 1221
512 598 756
598 512 756
756 512 598
1027 444 1033
1033 444 1027
444 1027 1033
547 200 255
255 200 547
200 255 547
544 781 1179
781 544 1179
1179 544 781
585 9 1399
9 585 1399
1399 9 585
76 428 595
595 76 428
428 76 595
884 568 1328
568 884 1328
1328 568 884
70 308 1409
1409 70 308
308 70 1409
809 383 701
701 383 809
383 701 809
799 203 1392
203 799 1392
1392 203 799
1412 293 631
631 293 1412
293 631 1412
132 292 604
604 132 292
292 132 604
208 705 776
705 208 776
776 208 705
613 19 659
19 613 659
659 19 613
1207 11 1404
1404 11 1207
11 1207 1404
1364 1127 1462
1127 1364 1462
1462 1127 1364
1419 449 946
946 449 1419
449 946 1419
1191 188 1355
1355 188 1191
188 1191 1355
1449 376 898
376 898 1449
898 376 1449
228 796 1159
1159 228 796
796 228 1159
538 10 529
10 529 538
529 10 538
386 578 928
578 386 928
928 386 578
649 246 1304
1304 246 649
246 649 1304
84 364 398
398 84 364
364 84 398
1192 614 722
614 722 1192
722 614 1192
1324 454 1148
454 1148 1324
1148 454 1324
600 136 1486
136 600 1486
1486 136 600
125 217 657
657 125 217
217 125 657
1362 225 423
423 225 1362
225 423 1362
764 1289 1459
1459 764 1289
1289 764 1459
297 2 678
678 2 297
2 297 678
1429 211 666
666 211 1429
211 666 1429
304 609 1276
609 304 1276
1276 304 609
1104 337 1300
337 1104 1300
1300 337 1104
226 41 170
41 170 226
170 41 226
99 216 1298
1298 99 216
216 99 1298
1299 640 1406
640 1299 1406
1406 640 1299
687 833 880
880 687 833
833 687 880
169 201 789
789 169 201
201 169 789
1117 673 866
673 866 1117
866 673 1117
837 419 558
558 419 837
419 558 837
924 434 668
668 434 924
434 668 924
1174 164 416
164 416 1174
416 164 1174
499 37 831
831 37 499
37 499 831
1101 699 1337
699 1101 1337
1337 699 1101
713 213 498
498 213 713
213 498 713
144 390 456
456 144 390
390 144 456
793 46 1442
46 793 1442
1442 46 793
477 1310 1383
1383 477 1310
1310 477 1383
1416 1072 1115
1115 1072 1416
1072 1115 1416
414 986 1050
1050 414 986
986 414 1050
36 276 1035
1035 36 276
276 36 1035
259 737 1150
737 259 1150
1150 259 737
1493 221 1176
221 1176 1493
1176 221 1493
1215 777 1166
1166 777 1215
777 1166 1215
389 145 320
145 320 389
320 145 389
1046 401 648
401 648 1046
648 401 1046
59 1110 1211
1110 59 1211
1211 59 1110
380 858 1199
1199 380 858
858 380 1199
719 25 1076
1076 25 719
25 719 1076
429 272 539
272 429 539
539 272 429
580 52 222
222 52 580
52 222 580
1139 311 1041
1041 311 1139
311 1041 1139
286 357 1484
357 286 1484
1484 286 357
470 13 108
13 108 470
108 13 470
716 424 488
488 424 716
424 488 716
893 943 1427
1427 893 943
943 893 1427
983 540 624
624 540 983
540 624 983
264 355 437
355 264 437
437 264 355
573 461 1463
461 573 1463
1463 461 573
482 620 1453
1453 482 620
620 482 1453
1296 469 704
469 704 1296
704 469 1296
627 443 650
650 443 627
443 627 650
830 6 1014
1014 6 830
6 830 1014
479 263 497
497 263 479
263 479 497
1313 508 972
508 972 1313
972 508 1313
1120 43 71
71 43 1120
43 71 1120
198 7 581
581 7 198
7 198 581
50 105 601
601 50 105
105 50 601
223 95 820
820 95 223
95 223 820
218 1293 1491
1293 218 1491
1491 218 1293
1436 51 336
336 51 1436
51 336 1436
838 459 738
738 459 838
459 738 838
1268 681 746
681 746 1268
746 681 1268
367 592 996
592 367 996
996 367 592
522 564 1238
564 522 1238
1238 522 564
183 42 1043
42 183 1043
1043 42 183
142 832 1402
1402 142 832
832 142 1402
1235 939 1229
1229 939 1235
939 1229 1235
868 489 894
894 489 868
489 868 894
247 87 478
478 87 247
87 247 478
190 184 857
184 190 857
857 184 190
1485 358 1242
1242 358 1485
358 1242 1485
1165 257 537
257 537 1165
537 257 1165
1394 139 552
552 139 1394
139 552 1394
238 85 161
85 161 238
161 85 238
289 363 549
549 289 363
363 289 549
554 813 1048
1048 554 813
813 554 1048
565 47 1067
47 565 1067
1067 47 565
535 527 985
985 527 535
527 535 985
1473 239 860
239 860 1473
860 239 1473
1106 21 116
21 116 1106
116 21 1106
173 277 524
277 173 524
524 173 277
975 152 1173
1173 152 975
152 975 1173
867 360 948
948 360 867
360 867 948
480 313 1306
1306 313 480
313 480 1306
550 53 1487
53 550 1487
1487 53 550
1367 645 845
645 845 1367
845 645 1367
1013 693 1496
693 1013 1496
1496 693 1013
224 814 1116
1116 224 814
814 224 1116
242 5 273
273 5 242
5 242 273
1026 1225 1323
1225 1026 1323
1323 1026 1225
1118 245 1200
1200 245 1118
245 1118 1200
886 989 1456
989 886 1456
1456 886 989
905 110 1175
1175 110 905
110 905 1175
691 803 980
803 691 980
980 691 803
45 388 1488
388 45 1488
1488 45 388
1336 339 451
451 339 1336
339 451 1336
1058 119 1372
1372 119 1058
119 1058 1372
1149 572 1401
572 1149 1401
1401 572 1149
65 1034 1464
1464 65 1034
1034 65 1464
708 66 938
938 66 708
66 708 938
1152 79 1263
79 1152 1263
1263 79 1152
343 254 1314
1314 254 343
254 343 1314
841 397 1136
1136 397 841
397 841 1136
1233 278 827
827 278 1233
278 827 1233
925 555 664
555 664 925
664 555 925
1259 507 1195
1195 507 1259
507 1195 1259
1341 1232 1342
1232 1341 1342
1342 1232 1341
982 942 1089
942 982 1089
1089 942 982
863 805 1240
1240 805 863
805 863 1240
634 679 1144
679 634 1144
1144 634 679
371 262 929
262 371 929
929 262 371
826 941 1452
941 826 1452
1452 826 941
751 741 1091
1091 741 751
741 751 1091
878 150 1379
150 878 1379
1379 150 878
118 486 684
486 118 684
684 118 486
22 123 1103
123 22 1103
1103 22 123
1182 251 347
251 347 1182
347 251 1182
1162 663 1430
1430 663 1162
663 1162 1430
655 372 1457
1457 372 655
372 655 1457
464 214 900
214 464 900
900 214 464
560 616 1204
616 560 1204
1204 560 616
1280 301 992
301 992 1280
992 301 1280
445 1018 1297
1297 445 1018
1018 445 1297
702 33 590
33 590 702
590 33 702
1123 205 1335
1335 205 1123
205 1123 1335
1010 1358 1365
1358 1010 1365
1365 1010 1358
418 1130 1441
1441 418 1130
1130 418 1441
1373 646 1172
646 1172 1373
1172 646 1373
93 141 491
491 93 141
141 93 491
330 917 1107
1107 330 917
917 330 1107
839 44 1005
1005 44 839
44 839 1005
394 81 490
81 394 490
490 81 394
