7701 1448 11387
1448 7701 11387
11387 1448 7701
12983 12244 14514
12244 12983 14514
14514 12244 12983
1019 1968 3954
1968 1019 3954
3954 1019 1968
13673 8135 14785
14785 8135 13673
8135 13673 14785
7161 2546 5173
5173 2546 7161
2546 5173 7161
6903 2574 8755
2574 6903 8755
8755 2574 6903
10482 3308 7677
3308 7677 10482
7677 3308 10482
14544 3155 14151
3155 14151 14544
14151 3155 14544
9707 2809 10754
10754 2809 9707
2809 9707 10754
3731 5318 11365
5318 3731 11365
11365 3731 5318
8978 5534 13274
5534 8978 13274
13274 5534 8978
8267 3949 10980
10980 3949 8267
3949 8267 10980
3521 5079 12650
12650 3521 5079
5079 3521 12650
8453 6749 13488
13488 6749 8453
6749 8453 13488
14410 9447 13530
13530 9447 14410
9447 13530 14410
10649 88 7275
7275 88 10649
88 7275 10649
10349 13000 14158
13000 10349 14158
14158 10349 13000
10192 389 1325
1325 389 10192
389 1325 10192
11014 11276 12610
11276 11014 12610
12610 11014 11276
1733 1724 4268
1724 1733 4268
4268 1724 1733
14758 3290 10905
3290 10905 14758
10905 3290 14758
8740 12710 14802
14802 8740 12710
12710 8740 14802
755 13140 14145
13140 755 14145
14145 755 13140
14090 6598 14052
6598 14052 14090
14052 6598 14090
2483 11249 11844
11844 2483 11249
11249 2483 11844
5309 7940 11380
11380 5309 7940
7940 5309 11380
12185 5330 10973
10973 5330 12185
5330 10973 12185
1178 589 12451
12451 589 1178
589 1178 12451
7544 6030 8607
6030 7544 8607
8607 6030 7544
9203 2393 7116
2393 7116 9203
7116 2393 9203
9452 2938 14186
14186 2938 9452
2938 9452 14186
4420 8456 12726
12726 4420 8456
8456 4420 12726
7327 3032 7250
7250 3032 7327
3032 7250 7327
13984 4960 5303
4960 5303 13984
5303 4960 13984
7706 879 6885
6885 879 7706
879 6885 7706
307 11646 14808
11646 307 14808
14808 307 11646
9679 1579 10903
10903 1579 9679
1579 9679 10903
12718 5171 9283
5171 9283 12718
9283 5171 12718
8601 181 12933
12933 181 8601
181 8601 12933
8192 1428 3976
1428 3976 8192
3976 1428 8192
8739 238 6091
6091 238 8739
238 6091 8739
9977 5552 9435
5552 9435 9977
9435 5552 9977
11673 8454 9859
9859 8454 11673
8454 9859 11673
6383 5584 10836
10836 5584 6383
5584 6383 10836
8630 6936 14419
6936 8630 14419
14419 6936 8630
5355 1258 12908
12908 1258 5355
1258 5355 12908
3983 5062 6307
5062 3983 6307
6307 3983 5062
409 1798 9482
9482 409 1798
1798 409 9482
4197 10919 14196
10919 4197 14196
14196 4197 10919
201 3579 6937
3579 201 6937
6937 201 3579
14828 8587 13045
13045 8587 14828
8587 13045 14828
718 9057 12769
9057 718 12769
12769 718 9057
3839 3841 8185
8185 3839 3841
3841 3839 8185
13495 1273 4284
1273 4284 13495
4284 1273 13495
4523 4977 13176
13176 4523 4977
4977 4523 13176
3342 671 13429
13429 671 3342
671 3342 13429
5193 6512 9436
9436 5193 6512
6512 5193 9436
12324 5026 9823
5026 9823 12324
9823 5026 12324
7998 2152 7099
2152 7099 7998
7099 2152 7998
5483 1131 3784
1131 3784 5483
3784 1131 5483
3298 2223 7132
7132 2223 3298
2223 3298 7132
6704 10983 11055
10983 6704 11055
11055 6704 10983
8888 64 3133
64 3133 8888
3133 64 8888
10101 1338 5644
1338 5644 10101
5644 1338 10101
9016 4785 14891
14891 4785 9016
4785 9016 14891
231 2249 10969
2249 231 10969
10969 231 2249
13924 553 14532
553 13924 14532
14532 553 13924
7660 2833 7186
2833 7186 7660
7186 2833 7660
8976 8493 14739
14739 8493 8976
8493 8976 14739
11292 8392 11884
11884 8392 11292
8392 11292 11884
13437 6862 14331
14331 6862 13437
6862 13437 14331
5965 1008 12598
12598 1008 5965
1008 5965 12598
11516 2671 10856
2671 10856 11516
10856 2671 11516
10586 3779 13765
3779 10586 13765
13765 3779 10586
14760 6692 12065
12065 6692 14760
6692 12065 14760
7076 6324 7812
6324 7076 7812
7812 6324 7076
11472 10886 13261
10886 11472 13261
13261 10886 11472
5338 1712 14764
1712 5338 14764
14764 1712 5338
6744 243 14842
14842 243 6744
243 6744 14842
13492 6502 7889
7889 6502 13492
6502 7889 13492
8997 1649 10828
10828 1649 8997
1649 8997 10828
5417 7433 9520
7433 5417 9520
9520 5417 7433
12773 3334 7519
3334 7519 12773
7519 3334 12773
1348 7154 13939
7154 1348 13939
13939 1348 7154
1059 11798 12828
11798 1059 12828
12828 1059 11798
3852 4003 6263
6263 3852 4003
4003 3852 6263
5830 937 3204
3204 937 5830
937 3204 5830
6443 7834 12671
12671 6443 7834
7834 6443 12671
3270 4139 14356
14356 3270 4139
4139 3270 14356
6040 4702 4987
4987 4702 6040
4702 4987 6040
12133 803 4076
4076 803 12133
803 4076 12133
6033 1694 5852
1694 5852 6033
5852 1694 6033
5288 3492 6844
6844 3492 5288
3492 5288 6844
1221 10323 13621
13621 1221 10323
10323 1221 13621
6462 13817 14523
14523 6462 13817
13817 6462 14523
784 714 13232
714 784 13232
13232 714 784
13893 2958 5231
5231 2958 13893
2958 5231 13893
740 3879 6085
3879 740 6085
6085 740 3879
7122 2644 6659
6659 2644 7122
2644 6659 7122
6034 1703 13029
1703 6034 13029
13029 1703 6034
9379 1135 9149
9149 1135 9379
1135 9149 9379
10372 8098 9332
9332 8098 10372
8098 9332 10372
6580 7801 13681
7801 6580 13681
13681 6580 7801
2160 250 6489
250 2160 6489
6489 250 2160
1487 3527 7806
3527 1487 7806
7806 1487 3527
3031 1172 13021
13021 1172 3031
1172 3031 13021
11833 9245 13524
9245 11833 13524
13524 9245 11833
3055 1545 10796
10796 1545 3055
1545 3055 10796
2267 4088 5889
4088 2267 5889
5889 2267 4088
5269 178 10452
10452 178 5269
178 5269 10452
1041 10737 14535
14535 1041 10737
10737 1041 14535
335 8551 11316
8551 335 11316
11316 335 8551
12791 543 9923
9923 543 12791
543 9923 12791
3578 5579 9507
9507 3578 5579
5579 3578 9507
6005 3093 14138
14138 3093 6005
3093 6005 14138
8399 4706 6640
4706 6640 8399
6640 4706 8399
6211 3891 7119
7119 3891 6211
3891 6211 7119
10777 2303 8231
8231 2303 10777
2303 8231 10777
7403 12042 14277
14277 7403 12042
12042 7403 14277
1635 6712 12266
6712 1635 12266
12266 1635 6712
7406 1828 7847
7847 1828 7406
1828 7406 7847
6723 5176 12148
5176 6723 12148
12148 5176 6723
1951 7436 7973
7973 1951 7436
7436 1951 7973
10529 8634 14873
8634 10529 14873
14873 8634 10529
4132 4350 7594
7594 4132 4350
4350 4132 7594
12681 616 7278
616 7278 12681
7278 616 12681
9662 9560 13656
13656 9560 9662
9560 9662 13656
6061 9534 13389
13389 6061 9534
9534 6061 13389
13868 5469 10102
10102 5469 13868
5469 10102 13868
10838 14056 14475
14475 10838 14056
14056 10838 14475
14807 6396 10655
6396 10655 14807
10655 6396 14807
3744 2132 7118
2132 3744 7118
7118 2132 3744
9888 11160 13217
13217 9888 11160
11160 9888 13217
13878 3663 6688
6688 3663 13878
3663 6688 13878
14586 2312 9755
9755 2312 14586
2312 9755 14586
13329 7153 8589
8589 7153 13329
7153 8589 13329
10843 2380 6690
6690 2380 10843
2380 6690 10843
3568 5082 13783
5082 3568 13783
13783 3568 5082
11208 6224 14207
14207 6224 11208
6224 11208 14207
1486 6670 7765
7765 1486 6670
6670 1486 7765
13497 1975 6794
1975 6794 13497
6794 1975 13497
1250 288 2771
288 1250 2771
2771 288 1250
6416 2416 3424
2416 3424 6416
3424 2416 6416
11501 5732 7098
5732 7098 11501
7098 5732 11501
13313 8920 9331
9331 8920 13313
8920 9331 13313
562 2572 13757
2572 562 13757
13757 562 2572
5878 1985 14585
1985 5878 14585
14585 1985 5878
388 3026 3356
3356 388 3026
3026 388 3356
8270 1894 9716
9716 1894 8270
1894 8270 9716
11417 3234 7861
7861 3234 11417
3234 7861 11417
8893 1565 12800
12800 1565 8893
1565 8893 12800
3176 14267 14811
14811 3176 14267
14267 3176 14811
4031 3979 4599
4599 3979 4031
3979 4031 4599
10354 4582 8861
8861 4582 10354
4582 8861 10354
2234 5199 13459
13459 2234 5199
5199 2234 13459
11604 2975 13168
2975 11604 13168
13168 2975 11604
13250 595 7069
7069 595 13250
595 7069 13250
1249 5921 12793
12793 1249 5921
5921 1249 12793
1229 7793 8060
8060 1229 7793
7793 1229 8060
535 902 13016
13016 535 902
902 535 13016
6626 4558 4780
4558 4780 6626
4780 4558 6626
11668 8016 11355
8016 11355 11668
11355 8016 11668
472 10174 14032
10174 472 14032
14032 472 10174
2458 3416 6620
3416 2458 6620
6620 2458 3416
7945 6828 7287
7287 6828 7945
6828 7287 7945
10362 2263 5675
2263 5675 10362
5675 2263 10362
14269 377 12316
377 12316 14269
12316 377 14269
9639 392 5801
392 5801 9639
5801 392 9639
1149 3857 8598
8598 1149 3857
3857 1149 8598
8904 6121 8793
6121 8793 8904
8793 6121 8904
12755 14038 14501
14038 12755 14501
14501 12755 14038
13098 4224 9141
9141 4224 13098
4224 9141 13098
4799 4909 8323
4909 4799 8323
8323 4799 4909
11533 2047 10786
2047 10786 11533
10786 2047 11533
4678 434 5136
5136 434 4678
434 4678 5136
1807 8918 12670
12670 1807 8918
8918 1807 12670
3535 3750 14525
3750 3535 14525
14525 3535 3750
6169 8800 10875
10875 6169 8800
8800 6169 10875
5489 5650 13759
13759 5489 5650
5650 5489 13759
2914 5841 9487
9487 2914 5841
5841 2914 9487
1961 10155 10333
10155 1961 10333
10333 1961 10155
11687 6504 11712
11712 6504 11687
6504 11687 11712
11346 8529 10408
8529 10408 11346
10408 8529 11346
13315 4893 5225
4893 5225 13315
5225 4893 13315
950 5468 8280
8280 950 5468
5468 950 8280
5849 3964 5258
5258 3964 5849
3964 5258 5849
9199 623 4438
4438 623 9199
623 4438 9199
4862 3165 13914
3165 4862 13914
13914 3165 4862
8841 3741 9505
3741 8841 9505
9505 3741 8841
1224 467 4609
4609 467 1224
467 1224 4609
8839 5821 9082
5821 8839 9082
9082 5821 8839
9292 10286 10346
10286 9292 10346
10346 9292 10286
6431 3360 5683
5683 3360 6431
3360 5683 6431
8941 7839 7910
7839 7910 8941
7910 7839 8941
10928 10153 14140
10153 10928 14140
14140 10153 10928
13332 306 1997
1997 306 13332
306 1997 13332
882 759 1165
759 882 1165
1165 759 882
14451 1915 11512
1915 11512 14451
11512 1915 14451
10069 8211 12680
8211 10069 12680
12680 8211 10069
6917 8973 13626
8973 6917 13626
13626 6917 8973
10518 6385 12831
12831 6385 10518
6385 10518 12831
13069 1108 9752
1108 9752 13069
9752 1108 13069
10942 12287 12652
12652 10942 12287
12287 10942 12652
2665 3869 6099
6099 2665 3869
3869 2665 6099
4095 1347 7467
7467 1347 4095
1347 4095 7467
14669 3400 7400
3400 7400 14669
7400 3400 14669
4922 1567 12020
1567 4922 12020
12020 1567 4922
4789 5305 14413
14413 4789 5305
5305 4789 14413
14652 9734 12412
12412 9734 14652
9734 12412 14652
1096 4146 12588
12588 1096 4146
4146 1096 12588
5001 5479 10560
10560 5001 5479
5479 5001 10560
8212 10797 10890
10890 8212 10797
10797 8212 10890
1430 1193 6748
1193 1430 6748
6748 1193 1430
11524 5203 8940
8940 5203 11524
5203 8940 11524
12605 1048 13613
13613 1048 12605
1048 12605 13613
2199 3089 7286
3089 2199 7286
7286 2199 3089
8021 104 5776
5776 104 8021
104 5776 8021
9916 1195 7197
7197 1195 9916
1195 7197 9916
1494 5711 9386
5711 1494 9386
9386 1494 5711
11709 8921 10488
10488 8921 11709
8921 10488 11709
1539 8008 13361
13361 1539 8008
8008 1539 13361
5749 1139 5487
1139 5487 5749
5487 1139 5749
11181 582 4866
582 4866 11181
4866 582 11181
8476 460 7696
7696 460 8476
460 7696 8476
9490 7566 11682
7566 9490 11682
11682 7566 9490
7117 2761 3117
3117 2761 7117
2761 3117 7117
14823 4400 10706
10706 4400 14823
4400 10706 14823
14045 5327 8908
5327 8908 14045
8908 5327 14045
5795 5315 12949
5315 5795 12949
12949 5315 5795
9952 11239 12870
12870 9952 11239
11239 9952 12870
11377 10508 12580
12580 10508 11377
10508 11377 12580
9863 2753 3626
2753 3626 9863
3626 2753 9863
9766 2601 5973
5973 2601 9766
2601 5973 9766
8130 10832 13533
13533 8130 10832
10832 8130 13533
12532 696 9257
696 9257 12532
9257 696 12532
3213 12093 12249
12093 3213 12249
12249 3213 12093
10653 6300 7683
7683 6300 10653
6300 7683 10653
7676 3885 13786
13786 3885 7676
3885 7676 13786
11050 3407 13262
13262 3407 11050
3407 11050 13262
9656 10471 12203
10471 9656 12203
12203 9656 10471
6928 3033 12024
12024 3033 6928
3033 6928 12024
1833 8678 14355
8678 1833 14355
14355 1833 8678
14924 1840 10676
1840 10676 14924
10676 1840 14924
8806 6722 10659
6722 8806 10659
10659 6722 8806
14332 2299 9260
2299 9260 14332
9260 2299 14332
172 4378 14338
4378 172 14338
14338 172 4378
7549 1298 12601
1298 7549 12601
12601 1298 7549
6565 414 8862
414 6565 8862
8862 414 6565
10238 3071 10447
10447 3071 10238
3071 10238 10447
8737 919 14279
919 8737 14279
14279 919 8737
14612 6068 14173
6068 14173 14612
14173 6068 14612
2026 11301 14317
14317 2026 11301
11301 2026 14317
14412 1444 5040
1444 5040 14412
5040 1444 14412
1405 6745 13477
6745 1405 13477
13477 1405 6745
13603 8275 11061
11061 8275 13603
8275 11061 13603
9169 4207 6046
4207 6046 9169
6046 4207 9169
14339 4020 6123
4020 6123 14339
6123 4020 14339
14228 999 1795
1795 999 14228
999 1795 14228
12322 9406 12833
9406 12322 12833
12833 9406 12322
12410 5066 14310
5066 12410 14310
14310 5066 12410
565 1118 5317
1118 565 5317
5317 565 1118
1589 8152 14643
8152 1589 14643
14643 1589 8152
3174 6905 8461
6905 3174 8461
8461 3174 6905
13670 9659 11630
9659 11630 13670
11630 9659 13670
12768 44 629
629 44 12768
44 629 12768
12928 12971 13097
12971 12928 13097
13097 12928 12971
11781 6484 14668
14668 6484 11781
6484 11781 14668
968 4202 11805
4202 968 11805
11805 968 4202
8833 833 7503
7503 833 8833
833 7503 8833
11281 3616 14711
14711 3616 11281
3616 11281 14711
2747 7917 9112
7917 2747 9112
9112 2747 7917
9127 5285 13762
5285 9127 13762
13762 5285 9127
400 6538 8901
6538 400 8901
8901 400 6538
13068 3815 6126
6126 3815 13068
3815 6126 13068
720 2219 7313
7313 720 2219
2219 720 7313
8290 3060 7091
3060 7091 8290
7091 3060 8290
13471 3216 8333
8333 3216 13471
3216 8333 13471
4501 2442 10287
10287 2442 4501
2442 4501 10287
13712 3524 3786
3786 3524 13712
3524 3786 13712
13189 2238 8260
8260 2238 13189
2238 8260 13189
4263 6521 12925
6521 4263 12925
12925 4263 6521
4354 2260 11528
2260 4354 11528
11528 2260 4354
12818 9865 14594
9865 12818 14594
14594 9865 12818
4476 4375 14390
14390 4375 4476
4375 4476 14390
2890 853 13760
853 2890 13760
13760 853 2890
5114 3708 9819
9819 3708 5114
3708 5114 9819
13863 3006 10864
3006 10864 13863
10864 3006 13863
6517 972 1933
972 1933 6517
1933 972 6517
6709 11506 11618
11618 6709 11506
11506 6709 11618
5254 26 13259
13259 26 5254
26 5254 13259
7500 350 1220
350 1220 7500
1220 350 7500
4859 8250 14620
14620 4859 8250
8250 4859 14620
14901 3022 10517
3022 10517 14901
10517 3022 14901
800 5820 14170
5820 800 14170
14170 800 5820
3833 9312 14042
9312 3833 14042
14042 3833 9312
7311 593 11333
11333 593 7311
593 7311 11333
4285 3803 4183
3803 4183 4285
4183 3803 4285
6372 7414 8762
7414 6372 8762
8762 6372 7414
10511 7498 14261
7498 10511 14261
14261 7498 10511
5589 8196 10129
8196 5589 10129
10129 5589 8196
4850 11085 12508
11085 4850 12508
12508 4850 11085
6346 5790 10904
10904 5790 6346
5790 6346 10904
2608 6294 14374
14374 2608 6294
6294 2608 14374
14113 1471 3922
1471 3922 14113
3922 1471 14113
8927 325 1255
1255 325 8927
325 1255 8927
6167 10555 13658
13658 6167 10555
10555 6167 13658
12669 2247 14513
14513 2247 12669
2247 12669 14513
10759 6468 7970
6468 7970 10759
7970 6468 10759
6017 6115 9367
6115 6017 9367
9367 6017 6115
2697 4143 7865
7865 2697 4143
4143 2697 7865
12876 4404 13554
4404 12876 13554
13554 4404 12876
14009 3432 4710
4710 3432 14009
3432 4710 14009
13993 693 12296
693 12296 13993
12296 693 13993
10764 995 1416
995 1416 10764
1416 995 10764
207 3512 12963
12963 207 3512
3512 207 12963
5854 5451 5896
5451 5854 5896
5896 5451 5854
7876 3014 11564
11564 3014 7876
3014 7876 11564
8733 7603 9983
9983 7603 8733
7603 8733 9983
4950 1308 1787
1787 1308 4950
1308 1787 4950
6345 1899 5131
1899 5131 6345
5131 1899 6345
6612 3640 5376
5376 3640 6612
3640 5376 6612
8891 7568 13747
7568 8891 13747
13747 7568 8891
10784 3931 9912
3931 9912 10784
9912 3931 10784
13503 6295 8407
8407 6295 13503
6295 8407 13503
6925 7716 10989
10989 6925 7716
7716 6925 10989
13947 10607 12849
12849 10607 13947
10607 12849 13947
6453 5023 13474
5023 6453 13474
13474 5023 6453
8443 112 7714
7714 112 8443
112 7714 8443
7523 5158 10906
5158 7523 10906
10906 5158 7523
2839 12582 14822
14822 2839 12582
12582 2839 14822
11028 3806 5221
3806 5221 11028
5221 3806 11028
14626 6463 11706
6463 11706 14626
11706 6463 14626
912 3189 4069
4069 912 3189
3189 912 4069
2976 7415 12050
12050 2976 7415
7415 2976 12050
9023 14025 14571
14571 9023 14025
14025 9023 14571
12207 10477 12483
12483 10477 12207
10477 12207 12483
8977 1622 13705
1622 8977 13705
13705 1622 8977
3278 10095 13172
13172 3278 10095
10095 3278 13172
11849 772 5331
5331 772 11849
772 5331 11849
5812 11132 13990
11132 5812 13990
13990 5812 11132
4824 12549 14039
14039 4824 12549
12549 4824 14039
8223 412 7543
412 7543 8223
7543 412 8223
7794 1343 8259
8259 1343 7794
1343 7794 8259
14391 227 5918
5918 227 14391
227 5918 14391
11296 5558 9261
5558 9261 11296
9261 5558 11296
6269 5701 6297
5701 6269 6297
6297 5701 6269
1189 1781 14395
1781 1189 14395
14395 1189 1781
5055 9191 14028
14028 5055 9191
9191 5055 14028
6469 6337 13355
13355 6337 6469
6337 6469 13355
4826 619 13034
619 4826 13034
13034 619 4826
9427 11090 12226
11090 9427 12226
12226 9427 11090
14830 3981 13433
3981 13433 14830
13433 3981 14830
7827 5836 12784
12784 5836 7827
5836 7827 12784
13309 3808 6578
6578 3808 13309
3808 6578 13309
3013 1928 11806
11806 1928 3013
1928 3013 11806
11755 3286 6676
6676 3286 11755
3286 6676 11755
6461 10538 11122
11122 6461 10538
10538 6461 11122
1400 11187 13996
13996 1400 11187
11187 1400 13996
11887 3655 14222
3655 11887 14222
14222 3655 11887
1071 10936 13770
13770 1071 10936
10936 1071 13770
13737 1000 6501
6501 1000 13737
1000 6501 13737
6409 923 4287
923 4287 6409
4287 923 6409
371 8512 10658
10658 371 8512
8512 371 10658
5780 9025 10442
10442 5780 9025
9025 5780 10442
8094 766 14466
14466 766 8094
766 8094 14466
11865 413 12426
12426 413 11865
413 11865 12426
1835 2661 9467
9467 1835 2661
2661 1835 9467
4844 8370 13226
13226 4844 8370
8370 4844 13226
13549 13630 13937
13937 13549 13630
13630 13549 13937
9239 8053 9345
8053 9239 9345
9345 8053 9239
14730 1824 4425
1824 4425 14730
4425 1824 14730
132 13084 13725
13725 132 13084
13084 132 13725
10941 2427 11131
2427 10941 11131
11131 2427 10941
9844 10146 13399
10146 9844 13399
13399 9844 10146
8811 9610 13050
9610 8811 13050
13050 8811 9610
3023 1805 14769
14769 1805 3023
1805 3023 14769
8358 3439 7744
7744 3439 8358
3439 7744 8358
4827 1563 4714
1563 4714 4827
4714 1563 4827
487 14601 14927
14927 487 14601
14601 487 14927
7317 7636 12406
7636 7317 12406
12406 7317 7636
11171 117 9015
9015 117 11171
117 9015 11171
14688 2348 2412
2348 2412 14688
2412 2348 14688
6685 723 1425
1425 723 6685
723 1425 6685
874 2309 2902
2309 874 2902
2902 874 2309
7193 8769 9470
9470 7193 8769
8769 7193 9470
11955 2000 12461
2000 11955 12461
12461 2000 11955
10999 9020 11983
11983 9020 10999
9020 10999 11983
5909 2341 12262
2341 5909 12262
12262 2341 5909
4215 430 12914
430 4215 12914
12914 430 4215
1690 5785 9840
9840 1690 5785
5785 1690 9840
5520 1645 8137
1645 5520 8137
8137 1645 5520
4258 8239 10603
8239 4258 10603
10603 4258 8239
10036 1336 11359
11359 1336 10036
1336 10036 11359
10061 2361 7034
7034 2361 10061
2361 7034 10061
1861 3469 12869
12869 1861 3469
3469 1861 12869
7693 3971 12124
12124 3971 7693
3971 7693 12124
9442 2131 8855
8855 2131 9442
2131 8855 9442
5042 9763 9942
9763 5042 9942
9942 5042 9763
9745 2103 8972
2103 8972 9745
8972 2103 9745
9515 1632 14180
1632 9515 14180
14180 1632 9515
566 2088 14494
14494 566 2088
2088 566 14494
12935 1046 8657
8657 1046 12935
1046 8657 12935
3819 2307 8246
2307 3819 8246
8246 2307 3819
12885 6221 14810
6221 12885 14810
14810 6221 12885
1212 10839 12170
10839 1212 12170
12170 1212 10839
11985 7707 11878
7707 11878 11985
11878 7707 11985
14321 4167 11052
4167 11052 14321
11052 4167 14321
7104 1207 1686
1686 1207 7104
1207 1686 7104
8052 1678 14497
14497 1678 8052
1678 8052 14497
11192 199 7709
7709 199 11192
199 7709 11192
8134 11006 12123
11006 8134 12123
12123 8134 11006
12765 2936 7102
2936 7102 12765
7102 2936 12765
7988 4860 7294
4860 7294 7988
7294 4860 7988
102 2610 8191
8191 102 2610
2610 102 8191
5569 13179 14495
14495 5569 13179
13179 5569 14495
5151 10644 11716
10644 5151 11716
11716 5151 10644
6313 10970 14022
10970 6313 14022
14022 6313 10970
3938 9593 14068
9593 3938 14068
14068 3938 9593
12216 5825 14975
5825 12216 14975
14975 5825 12216
12905 3319 9091
3319 9091 12905
9091 3319 12905
4462 13802 14646
14646 4462 13802
13802 4462 14646
6100 6120 9834
9834 6100 6120
6120 6100 9834
4834 6293 10224
10224 4834 6293
6293 4834 10224
12494 11317 12734
12734 11317 12494
11317 12494 12734
2305 2195 12754
12754 2195 2305
2195 2305 12754
6208 3318 7974
3318 6208 7974
7974 3318 6208
14311 12061 12786
12061 12786 14311
12786 12061 14311
3901 710 14888
710 3901 14888
14888 710 3901
5020 6910 8890
6910 5020 8890
8890 5020 6910
2953 584 2780
584 2780 2953
2780 584 2953
7402 3966 5773
3966 5773 7402
5773 3966 7402
6730 1163 10281
1163 6730 10281
10281 1163 6730
1363 6446 10894
6446 1363 10894
10894 1363 6446
1587 2614 9528
2614 1587 9528
9528 1587 2614
11318 4442 5990
4442 5990 11318
5990 4442 11318
3467 11690 12742
11690 3467 12742
12742 3467 11690
5085 2356 8748
8748 2356 5085
2356 5085 8748
13824 12221 13684
13684 12221 13824
12221 13684 13824
6422 5104 6842
5104 6422 6842
6842 5104 6422
9853 1815 5515
5515 1815 9853
1815 5515 9853
13707 8651 8715
8651 8715 13707
8715 8651 13707
1431 5191 12245
12245 1431 5191
5191 1431 12245
555 346 9689
9689 346 555
346 555 9689
10725 4312 13921
4312 10725 13921
13921 4312 10725
13403 8673 10476
10476 8673 13403
8673 10476 13403
10290 14583 14983
14583 10290 14983
14983 10290 14583
3506 9056 13864
9056 3506 13864
13864 3506 9056
1716 1436 5127
5127 1436 1716
1436 1716 5127
8926 3810 13529
3810 8926 13529
13529 3810 8926
7209 5415 6110
5415 6110 7209
6110 5415 7209
5997 5389 12987
12987 5389 5997
5389 5997 12987
12517 2573 9323
2573 9323 12517
9323 2573 12517
9686 1114 8836
1114 8836 9686
8836 1114 9686
10808 4656 10654
4656 10654 10808
10654 4656 10808
961 13009 14864
13009 961 14864
14864 961 13009
12555 2554 9847
2554 9847 12555
9847 2554 12555
8508 3686 4907
3686 4907 8508
4907 3686 8508
1858 648 2563
648 1858 2563
2563 648 1858
1654 3160 7933
3160 1654 7933
7933 1654 3160
6671 440 8981
8981 440 6671
440 6671 8981
14644 8567 14750
14750 8567 14644
8567 14644 14750
5972 4808 11295
11295 4808 5972
4808 5972 11295
1866 2037 13544
2037 1866 13544
13544 1866 2037
2141 3137 5178
3137 2141 5178
5178 2141 3137
3673 5943 14615
14615 3673 5943
5943 3673 14615
1222 9368 9650
9368 1222 9650
9650 1222 9368
2578 680 1987
680 1987 2578
1987 680 2578
9795 4073 13869
4073 9795 13869
13869 4073 9795
12746 8661 13882
8661 12746 13882
13882 8661 12746
3580 12527 13489
12527 3580 13489
13489 3580 12527
534 8611 13587
13587 534 8611
8611 534 13587
13348 1746 6087
1746 6087 13348
6087 1746 13348
11284 5345 11250
5345 11250 11284
11250 5345 11284
2277 3115 7378
3115 2277 7378
7378 2277 3115
13505 1751 2149
2149 1751 13505
1751 2149 13505
12919 4672 8831
4672 8831 12919
8831 4672 12919
12622 73 7699
73 7699 12622
7699 73 12622
979 2455 6832
6832 979 2455
2455 979 6832
12677 10760 11236
10760 11236 12677
11236 10760 12677
8341 2209 2668
2668 2209 8341
2209 2668 8341
5649 12141 14783
12141 5649 14783
14783 5649 12141
2652 135 5160
135 2652 5160
5160 135 2652
5031 63 9217
63 5031 9217
9217 63 5031
2944 6606 14945
14945 2944 6606
6606 2944 14945
14932 4798 9655
9655 4798 14932
4798 9655 14932
9733 8205 12085
12085 8205 9733
8205 9733 12085
12487 2296 5970
5970 2296 12487
2296 5970 12487
9957 10076 13774
13774 9957 10076
10076 9957 13774
9838 932 14968
14968 932 9838
932 9838 14968
13381 1956 12415
12415 1956 13381
1956 12415 13381
8019 4561 5441
4561 5441 8019
5441 4561 8019
8729 5545 10562
10562 5545 8729
5545 8729 10562
4155 3179 3715
3179 3715 4155
3715 3179 4155
571 8449 13145
13145 571 8449
8449 571 13145
13165 3592 6433
6433 3592 13165
3592 6433 13165
5236 7639 12073
12073 5236 7639
7639 5236 12073
10691 5693 7787
5693 7787 10691
7787 5693 10691
2220 3532 10885
10885 2220 3532
3532 2220 10885
12332 12938 13133
13133 12332 12938
12938 12332 13133
9671 163 7878
7878 163 9671
163 7878 9671
11879 1242 9956
9956 1242 11879
1242 9956 11879
11864 4544 7340
4544 7340 11864
7340 4544 11864
3572 11068 11424
11068 3572 11424
11424 3572 11068
7247 6481 11288
6481 7247 11288
11288 6481 7247
7297 10191 14336
10191 7297 14336
14336 7297 10191
13247 5505 12645
12645 5505 13247
5505 12645 13247
13803 8572 8624
8572 8624 13803
8624 8572 13803
7755 6613 12438
6613 7755 12438
12438 6613 7755
1728 9475 11307
9475 1728 11307
11307 1728 9475
542 12485 13241
12485 542 13241
13241 542 12485
6260 11179 11351
11179 6260 11351
11351 6260 11179
2942 2043 3451
3451 2043 2942
2043 2942 3451
11867 10272 12767
10272 11867 12767
12767 10272 11867
1200 11183 14227
11183 1200 14227
14227 1200 11183
12342 12010 12155
12010 12155 12342
12155 12010 12342
5933 3748 6048
3748 5933 6048
6048 3748 5933
4094 1006 11484
11484 1006 4094
1006 4094 11484
5431 7807 9343
7807 5431 9343
9343 5431 7807
11015 1786 6270
1786 6270 11015
6270 1786 11015
11530 11568 11978
11568 11530 11978
11978 11530 11568
2451 4328 5960
5960 2451 4328
4328 2451 5960
2122 7502 13439
13439 2122 7502
7502 2122 13439
1913 12222 14210
14210 1913 12222
12222 1913 14210
4396 2678 6035
6035 2678 4396
2678 4396 6035
13917 6047 9943
9943 6047 13917
6047 9943 13917
13380 11064 12132
12132 11064 13380
11064 12132 13380
1384 5661 9598
5661 1384 9598
9598 1384 5661
7365 4914 9146
9146 4914 7365
4914 7365 9146
2729 10149 12539
10149 2729 12539
12539 2729 10149
14127 5595 7177
7177 5595 14127
5595 7177 14127
10409 1513 5137
5137 1513 10409
1513 5137 10409
13773 4933 12813
12813 4933 13773
4933 12813 13773
7903 4864 8675
8675 4864 7903
4864 7903 8675
9017 967 5201
5201 967 9017
967 5201 9017
12348 916 4237
916 4237 12348
4237 916 12348
3471 9375 9391
9375 3471 9391
9391 3471 9375
3283 9944 11670
9944 3283 11670
11670 3283 9944
5640 4111 4500
4111 4500 5640
4500 4111 5640
10852 7463 9959
7463 9959 10852
9959 7463 10852
11407 8080 14955
14955 8080 11407
8080 11407 14955
12615 7694 13946
13946 7694 12615
7694 12615 13946
7583 8243 9415
9415 7583 8243
8243 7583 9415
10183 1643 8007
1643 8007 10183
8007 1643 10183
2206 1039 14693
1039 2206 14693
14693 1039 2206
5277 6477 14732
14732 5277 6477
6477 5277 14732
4687 1877 5130
1877 4687 5130
5130 1877 4687
343 6362 6680
6362 343 6680
6680 343 6362
11046 894 7182
894 7182 11046
7182 894 11046
14325 2086 12521
2086 12521 14325
12521 2086 14325
11337 5941 7554
7554 5941 11337
5941 7554 11337
14977 133 12783
133 12783 14977
12783 133 14977
6860 1691 7920
1691 6860 7920
7920 1691 6860
1998 1830 7353
7353 1830 1998
1830 1998 7353
14724 9166 10742
10742 9166 14724
9166 10742 14724
5250 4970 7411
4970 5250 7411
7411 4970 5250
7624 920 14213
14213 920 7624
920 7624 14213
8844 10722 14982
10722 8844 14982
14982 8844 10722
6322 3889 6857
3889 6322 6857
6857 3889 6322
13149 898 1802
898 1802 13149
1802 898 13149
1152 11601 12460
12460 1152 11601
11601 1152 12460
9703 611 3874
3874 611 9703
611 3874 9703
7620 7821 12031
12031 7620 7821
7821 7620 12031
7036 867 6097
867 6097 7036
6097 867 7036
13223 7042 11412
11412 7042 13223
7042 11412 13223
8139 3266 14619
3266 8139 14619
14619 3266 8139
14354 1036 11262
1036 11262 14354
11262 1036 14354
11799 1726 10381
10381 1726 11799
1726 10381 11799
6177 2686 10250
10250 2686 6177
2686 6177 10250
7860 9934 10665
10665 7860 9934
9934 7860 10665
1456 6448 10128
6448 1456 10128
10128 1456 6448
1873 12172 12974
12974 1873 12172
12172 1873 12974
12866 8557 10319
8557 10319 12866
10319 8557 12866
8923 656 6801
6801 656 8923
656 6801 8923
6969 158 9096
9096 158 6969
158 6969 9096
7521 8581 14417
8581 7521 14417
14417 7521 8581
1473 946 5744
5744 946 1473
946 1473 5744
7459 6230 6829
6829 6230 7459
6230 6829 7459
5219 1558 11358
1558 5219 11358
11358 1558 5219
4110 3859 6734
3859 4110 6734
6734 3859 4110
1705 3798 4253
4253 1705 3798
3798 1705 4253
1256 1960 2111
1960 1256 2111
2111 1256 1960
10543 1312 12664
12664 1312 10543
1312 10543 12664
5399 380 11364
11364 380 5399
380 5399 11364
1332 5192 10962
10962 1332 5192
5192 1332 10962
1088 8031 13235
8031 1088 13235
13235 1088 8031
12667 12433 12489
12433 12489 12667
12489 12433 12667
8494 7633 12750
7633 8494 12750
12750 7633 8494
441 2130 9429
9429 441 2130
2130 441 9429
10367 9070 10662
10662 9070 10367
9070 10367 10662
6582 6926 10526
6926 6582 10526
10526 6582 6926
10324 8166 9041
8166 9041 10324
9041 8166 10324
9825 13896 14759
14759 9825 13896
13896 9825 14759
2993 2012 7888
7888 2012 2993
2012 2993 7888
11398 9543 14300
14300 9543 11398
9543 11398 14300
10240 1083 9122
9122 1083 10240
1083 9122 10240
6154 10228 12653
12653 6154 10228
10228 6154 12653
6820 4875 8603
4875 6820 8603
8603 4875 6820
601 7951 9412
7951 601 9412
9412 601 7951
598 13101 14843
13101 598 14843
14843 598 13101
14348 8558 14284
14284 8558 14348
8558 14284 14348
9400 1516 9860
9860 1516 9400
1516 9400 9860
10160 7011 10669
10669 7011 10160
7011 10160 10669
10486 1438 13738
1438 10486 13738
13738 1438 10486
2881 930 4917
930 2881 4917
4917 930 2881
5777 7948 11587
7948 5777 11587
11587 5777 7948
11146 9609 11632
9609 11146 11632
11632 9609 11146
2912 2775 11885
11885 2775 2912
2775 2912 11885
1953 2514 7131
7131 1953 2514
2514 1953 7131
13836 9503 13423
9503 13423 13836
13423 9503 13836
6317 3556 3811
3556 3811 6317
3811 3556 6317
9424 2420 12314
12314 2420 9424
2420 9424 12314
4277 11834 14314
14314 4277 11834
11834 4277 14314
4680 1100 13354
1100 4680 13354
13354 1100 4680
9856 84 13552
84 9856 13552
13552 84 9856
11010 1025 5447
5447 1025 11010
1025 5447 11010
4773 612 2985
2985 612 4773
612 2985 4773
14679 5290 14208
14208 5290 14679
5290 14208 14679
4829 6761 13374
6761 4829 13374
13374 4829 6761
11045 385 8183
8183 385 11045
385 8183 11045
2272 313 652
652 313 2272
313 652 2272
5218 2792 13870
13870 2792 5218
2792 5218 13870
13953 5471 11357
5471 11357 13953
11357 5471 13953
5239 5211 14986
14986 5211 5239
5211 5239 14986
1219 8659 12826
8659 1219 12826
12826 1219 8659
12540 4556 10524
4556 10524 12540
10524 4556 12540
12237 5633 11647
11647 5633 12237
5633 11647 12237
1625 2137 4898
4898 1625 2137
2137 1625 4898
14614 6160 7482
6160 7482 14614
7482 6160 14614
366 5138 13384
5138 366 13384
13384 366 5138
9813 1230 12239
12239 1230 9813
1230 9813 12239
14923 11026 14315
11026 14315 14923
14315 11026 14923
5977 1564 11753
1564 5977 11753
11753 1564 5977
9966 5727 7125
5727 7125 9966
7125 5727 9966
5409 8070 11138
8070 5409 11138
11138 5409 8070
8541 1776 13493
1776 8541 13493
13493 1776 8541
8747 1741 5140
5140 1741 8747
1741 5140 8747
4906 4206 11802
11802 4206 4906
4206 4906 11802
11007 8029 14075
8029 11007 14075
14075 8029 11007
10075 10473 11726
10473 10075 11726
11726 10075 10473
2727 9188 13205
9188 2727 13205
13205 2727 9188
5017 12735 14818
12735 5017 14818
14818 5017 12735
9812 2095 3872
3872 2095 9812
2095 3872 9812
6393 4871 9313
9313 4871 6393
4871 6393 9313
7607 2350 5713
5713 2350 7607
2350 5713 7607
610 5664 13321
5664 610 13321
13321 610 5664
5169 3468 7298
7298 3468 5169
3468 5169 7298
6747 6528 9316
6528 6747 9316
9316 6528 6747
14088 5408 7499
7499 5408 14088
5408 7499 14088
7290 11218 13054
11218 7290 13054
13054 7290 11218
6508 4059 11892
11892 4059 6508
4059 6508 11892
10818 6237 9827
9827 6237 10818
6237 9827 10818
2643 3394 12797
12797 2643 3394
3394 2643 12797
6348 883 7937
7937 883 6348
883 6348 7937
8932 480 4986
4986 480 8932
480 4986 8932
10338 85 537
85 537 10338
537 85 10338
9993 3986 11173
11173 3986 9993
3986 9993 11173
13578 9615 12144
9615 12144 13578
12144 9615 13578
9554 12473 13754
12473 9554 13754
13754 9554 12473
9388 1134 7200
7200 1134 9388
1134 7200 9388
10593 7288 12865
12865 7288 10593
7288 10593 12865
12916 4292 10908
10908 4292 12916
4292 10908 12916
9151 1568 7079
7079 1568 9151
1568 7079 9151
2868 3110 12444
3110 2868 12444
12444 2868 3110
9789 11330 12072
11330 9789 12072
12072 9789 11330
13007 9350 13609
9350 13007 13609
13609 9350 13007
9562 6755 14798
14798 6755 9562
6755 9562 14798
8488 1713 10622
10622 1713 8488
1713 8488 10622
5125 7265 10209
7265 5125 10209
10209 5125 7265
6161 294 4401
294 4401 6161
4401 294 6161
2257 1485 13216
1485 2257 13216
13216 1485 2257
11349 3581 7093
7093 3581 11349
3581 7093 11349
9268 474 10680
474 9268 10680
10680 474 9268
12626 9274 9301
9274 9301 12626
9301 9274 12626
1427 5546 13391
13391 1427 5546
5546 1427 13391
14491 9079 9683
9079 9683 14491
9683 9079 14491
1116 7515 12703
7515 1116 12703
12703 1116 7515
8389 1860 11177
1860 8389 11177
11177 1860 8389
802 2606 7105
2606 802 7105
7105 802 2606
5581 5133 8072
8072 5133 5581
5133 5581 8072
10629 3472 3632
3472 3632 10629
3632 3472 10629
11560 516 9144
9144 516 11560
516 9144 11560
12107 1399 9949
9949 1399 12107
1399 9949 12107
10239 6254 10475
10475 6254 10239
6254 10239 10475
9497 660 4815
660 4815 9497
4815 660 9497
2027 525 6498
525 2027 6498
6498 525 2027
4485 6560 10541
6560 4485 10541
10541 4485 6560
12798 1888 10952
10952 1888 12798
1888 10952 12798
14854 5156 10041
5156 10041 14854
10041 5156 14854
4026 7509 11396
11396 4026 7509
7509 4026 11396
4516 709 6766
6766 709 4516
709 4516 6766
3789 5680 6689
6689 3789 5680
5680 3789 6689
2477 2769 11791
11791 2477 2769
2769 2477 11791
3484 9730 11889
11889 3484 9730
9730 3484 11889
13646 1045 5328
5328 1045 13646
1045 5328 13646
14155 4115 13801
13801 4115 14155
4115 13801 14155
12448 1930 8207
8207 1930 12448
1930 8207 12448
8668 2677 12306
12306 2677 8668
2677 8668 12306
13115 1737 11312
1737 11312 13115
11312 1737 13115
12990 713 7385
7385 713 12990
713 7385 12990
7014 11404 13727
13727 7014 11404
11404 7014 13727
7599 4688 7256
7256 4688 7599
4688 7256 7599
1475 1150 8866
8866 1150 1475
1150 1475 8866
6329 1823 10844
10844 1823 6329
1823 6329 10844
12027 11650 12104
12104 11650 12027
11650 12027 12104
4068 8658 10805
8658 4068 10805
10805 4068 8658
13302 8159 13341
8159 13302 13341
13341 8159 13302
9892 8894 12399
12399 8894 9892
8894 9892 12399
2559 6708 10728
10728 2559 6708
6708 2559 10728
8663 9665 12291
9665 8663 12291
12291 8663 9665
11966 47 6769
6769 47 11966
47 6769 11966
13379 7552 9489
9489 7552 13379
7552 9489 13379
11908 5341 6109
5341 6109 11908
6109 5341 11908
7882 9872 13112
9872 7882 13112
13112 7882 9872
5423 2842 13177
2842 5423 13177
13177 2842 5423
1575 10878 11933
10878 1575 11933
11933 1575 10878
9423 9596 13698
9596 9423 13698
13698 9423 9596
12178 1948 9963
9963 1948 12178
1948 9963 12178
9456 248 1981
248 1981 9456
1981 248 9456
5892 1180 11923
1180 5892 11923
11923 1180 5892
12778 3603 12227
3603 12227 12778
12227 3603 12778
2540 613 10765
613 2540 10765
10765 613 2540
4309 9321 12482
12482 4309 9321
9321 4309 12482
3973 6336 10232
6336 3973 10232
10232 3973 6336
11558 3566 7343
3566 7343 11558
7343 3566 11558
1718 4159 7081
7081 1718 4159
4159 1718 7081
831 3706 7746
7746 831 3706
3706 831 7746
13081 7189 9421
9421 7189 13081
7189 9421 13081
10236 8157 13728
13728 8157 10236
8157 10236 13728
8133 4048 14565
14565 4048 8133
4048 8133 14565
7702 3980 13653
13653 3980 7702
3980 7702 13653
5686 5284 13367
13367 5284 5686
5284 5686 13367
2500 1532 8520
8520 1532 2500
1532 2500 8520
12728 6397 13475
13475 6397 12728
6397 12728 13475
2837 1022 10792
10792 1022 2837
1022 2837 10792
6781 8619 8738
8738 6781 8619
8619 6781 8738
5619 10588 11078
10588 5619 11078
11078 5619 10588
7339 7210 12122
12122 7210 7339
7210 7339 12122
12112 7455 10592
10592 7455 12112
7455 10592 12112
4431 3665 9468
3665 4431 9468
9468 3665 4431
11331 1472 2605
1472 2605 11331
2605 1472 11331
5264 672 2640
672 2640 5264
2640 672 5264
11326 2300 2579
2300 2579 11326
2579 2300 11326
62 3761 5359
3761 62 5359
5359 62 3761
259 5322 11106
5322 259 11106
11106 259 5322
12997 1322 3642
1322 3642 12997
3642 1322 12997
2391 9551 11300
11300 2391 9551
9551 2391 11300
10720 9780 12579
9780 10720 12579
12579 9780 10720
13967 5560 13847
13847 5560 13967
5560 13847 13967
1626 82 7307
82 1626 7307
7307 82 1626
12538 1596 10678
10678 1596 12538
1596 10678 12538
13949 3402 13258
3402 13258 13949
13258 3402 13949
11969 10920 13358
13358 10920 11969
10920 11969 13358
4015 3050 6557
6557 3050 4015
3050 4015 6557
6284 8679 14179
14179 6284 8679
8679 6284 14179
1813 411 10226
411 1813 10226
10226 411 1813
11219 10378 10545
10545 10378 11219
10378 10545 11219
14107 6022 6765
6022 6765 14107
6765 6022 14107
5032 964 3740
964 3740 5032
3740 964 5032
9115 7271 11794
11794 7271 9115
7271 9115 11794
6094 2425 12794
12794 2425 6094
2425 6094 12794
942 3991 4452
4452 942 3991
3991 942 4452
511 515 2688
2688 511 515
515 511 2688
2535 2929 14484
2929 2535 14484
14484 2535 2929
5051 1682 13148
13148 1682 5051
1682 5051 13148
10308 7819 14964
14964 7819 10308
7819 10308 14964
2211 2459 10355
2459 2211 10355
10355 2211 2459
727 7977 9728
9728 727 7977
7977 727 9728
8772 6108 10303
6108 8772 10303
10303 6108 8772
355 5735 8228
8228 355 5735
5735 355 8228
4646 8604 10235
10235 4646 8604
8604 4646 10235
5323 4833 6227
6227 4833 5323
4833 5323 6227
7563 9605 14722
9605 7563 14722
14722 7563 9605
1214 3996 7133
7133 1214 3996
3996 1214 7133
2422 11538 12295
11538 2422 12295
12295 2422 11538
11378 2521 14852
14852 2521 11378
2521 11378 14852
6975 9304 11385
9304 6975 11385
11385 6975 9304
12520 5767 8919
8919 5767 12520
5767 8919 12520
13965 1452 5462
1452 5462 13965
5462 1452 13965
10004 418 427
427 418 10004
418 427 10004
1344 3953 4195
4195 1344 3953
3953 1344 4195
13522 6077 13409
13409 6077 13522
6077 13409 13522
2802 9867 11500
11500 2802 9867
9867 2802 11500
3647 12196 12943
12196 3647 12943
12943 3647 12196
844 3586 9759
3586 844 9759
9759 844 3586
13375 3864 14953
14953 3864 13375
3864 13375 14953
7446 6195 12270
12270 6195 7446
6195 7446 12270
3625 11199 12063
11199 3625 12063
12063 3625 11199
10591 1060 6069
1060 6069 10591
6069 1060 10591
12439 8432 11175
8432 11175 12439
11175 8432 12439
12522 4437 6466
6466 4437 12522
4437 6466 12522
2978 3778 11242
11242 2978 3778
3778 2978 11242
12745 2669 13648
2669 12745 13648
13648 2669 12745
4087 2336 8829
2336 4087 8829
8829 2336 4087
3862 4038 10892
10892 3862 4038
4038 3862 10892
9060 2860 3861
2860 3861 9060
3861 2860 9060
10028 6415 7897
6415 7897 10028
7897 6415 10028
721 4409 9164
9164 721 4409
4409 721 9164
12936 880 3716
880 3716 12936
3716 880 12936
11277 5587 14218
14218 5587 11277
5587 11277 14218
12684 9137 11597
9137 11597 12684
11597 9137 12684
4567 5912 14784
14784 4567 5912
5912 4567 14784
14369 10371 13806
13806 10371 14369
10371 13806 14369
7539 5084 7513
5084 7513 7539
7513 5084 7539
2383 11324 13830
13830 2383 11324
11324 2383 13830
2657 1053 12150
1053 2657 12150
12150 1053 2657
11207 2905 10616
10616 2905 11207
2905 10616 11207
5886 3153 12853
12853 3153 5886
3153 5886 12853
2515 10438 14681
14681 2515 10438
10438 2515 14681
14174 1424 2315
1424 2315 14174
2315 1424 14174
4557 9753 13709
13709 4557 9753
9753 4557 13709
2682 2739 4380
2739 2682 4380
4380 2682 2739
11961 1412 5428
5428 1412 11961
1412 5428 11961
9431 7715 13294
13294 7715 9431
7715 9431 13294
8396 4 10015
4 8396 10015
10015 4 8396
893 4290 4949
4290 893 4949
4949 893 4290
10991 4339 9479
9479 4339 10991
4339 9479 10991
6008 5383 10794
5383 6008 10794
10794 5383 6008
13672 2439 6359
2439 6359 13672
6359 2439 13672
647 14181 14566
14181 647 14566
14566 647 14181
7591 8838 9219
8838 7591 9219
9219 7591 8838
3826 2509 7805
2509 3826 7805
7805 2509 3826
4738 4064 11499
11499 4064 4738
4064 4738 11499
14223 4301 5167
5167 4301 14223
4301 5167 14223
450 395 8896
8896 395 450
395 450 8896
6132 3707 11973
3707 6132 11973
11973 3707 6132
3359 263 4385
263 3359 4385
4385 263 3359
9366 4356 11877
11877 4356 9366
4356 9366 11877
4441 13799 14967
14967 4441 13799
13799 4441 14967
4612 462 7100
7100 462 4612
462 4612 7100
5745 3590 13036
3590 5745 13036
13036 3590 5745
4251 5117 13938
13938 4251 5117
5117 4251 13938
12437 1576 3368
1576 3368 12437
3368 1576 12437
4070 3073 4995
3073 4070 4995
4995 3073 4070
9302 5533 10077
5533 9302 10077
10077 5533 9302
12811 3251 12327
3251 12327 12811
12327 3251 12811
574 2005 4924
4924 574 2005
2005 574 4924
9263 2192 8401
2192 8401 9263
8401 2192 9263
7150 3928 9790
3928 7150 9790
9790 3928 7150
11571 5864 14048
14048 5864 11571
5864 11571 14048
12699 7516 10735
7516 10735 12699
10735 7516 12699
5421 1177 11649
11649 1177 5421
1177 5421 11649
1054 2918 3522
2918 1054 3522
3522 1054 2918
13455 5072 10939
10939 5072 13455
5072 10939 13455
1602 4493 12161
