499 195 646
646 195 499
195 499 646
62 1215 1414
1414 62 1215
1215 62 1414
1350 900 1500
1500 900 1350
900 1350 1500
53 601 1061
1061 53 601
601 53 1061
982 1046 1342
1342 982 1046
1046 982 1342
643 535 1031
1031 535 643
535 643 1031
556 580 806
580 556 806
806 556 580
456 297 1151
1151 297 456
297 456 1151
1303 166 503
166 503 1303
503 166 1303
1356 270 314
270 314 1356
314 270 1356
1138 897 1248
897 1138 1248
1248 897 1138
967 377 1037
1037 377 967
377 967 1037
1480 145 1120
1120 145 1480
145 1120 1480
546 93 216
93 216 546
216 93 546
536 392 554
392 536 554
554 392 536
408 353 983
353 408 983
983 353 408
592 971 1204
971 592 1204
1204 592 971
515 395 1209
1209 395 515
395 515 1209
782 84 1141
1141 84 782
84 782 1141
335 1206 1275
1206 335 1275
1275 335 1206
1115 1272 1376
1376 1115 1272
1272 1115 1376
508 226 434
226 434 508
434 226 508
411 21 164
21 164 411
164 21 411
809 700 1368
700 809 1368
1368 700 809
403 745 1207
745 403 1207
1207 403 745
1232 667 1096
1096 667 1232
667 1096 1232
1064 238 776
776 238 1064
238 776 1064
413 394 617
394 413 617
617 394 413
276 244 1163
1163 244 276
244 276 1163
832 496 1318
496 832 1318
1318 496 832
1294 947 1322
947 1294 1322
1322 947 1294
659 1208 1463
1463 659 1208
1208 659 1463
718 231 1003
1003 231 718
231 718 1003
1290 322 623
623 322 1290
322 623 1290
468 35 840
840 35 468
35 468 840
1461 248 1477
1477 248 1461
248 1461 1477
780 425 759
759 425 780
425 759 780
796 1221 1309
1309 796 1221
1221 796 1309
1158 257 866
866 257 1158
257 866 1158
1456 540 966
540 966 1456
966 540 1456
1494 186 1063
186 1063 1494
1063 186 1494
319 229 502
229 319 502
502 229 319
1136 1147 1187
1187 1136 1147
1147 1136 1187
561 95 933
933 95 561
95 561 933
847 784 880
784 847 880
880 784 847
82 124 805
805 82 124
124 82 805
439 289 1421
289 439 1421
1421 289 439
1276 886 1040
1040 886 1276
886 1040 1276
989 657 1011
1011 657 989
657 989 1011
258 609 848
609 258 848
848 258 609
1256 748 1042
748 1042 1256
1042 748 1256
33 269 1240
269 33 1240
1240 33 269
249 737 1329
737 249 1329
1329 249 737
282 1297 1351
1351 282 1297
1297 282 1351
915 597 858
597 858 915
858 597 915
603 22 877
877 22 603
22 603 877
908 510 985
510 908 985
985 510 908
656 431 634
431 634 656
634 431 656
498 703 1029
1029 498 703
703 498 1029
647 760 1348
1348 647 760
760 647 1348
525 898 1004
1004 525 898
898 525 1004
91 800 1331
800 91 1331
1331 91 800
131 477 1016
477 131 1016
1016 131 477
126 50 1216
50 126 1216
1216 50 126
236 650 1144
650 236 1144
1144 236 650
15 678 963
963 15 678
678 15 963
1398 360 600
600 360 1398
360 600 1398
1103 922 1022
922 1022 1103
1022 922 1103
1049 233 473
473 233 1049
233 473 1049
318 804 1072
1072 318 804
804 318 1072
1135 52 770
770 52 1135
52 770 1135
1036 465 753
753 465 1036
465 753 1036
892 139 1452
1452 139 892
139 892 1452
534 10 1068
1068 10 534
10 534 1068
677 87 1498
87 677 1498
1498 87 677
24 36 684
36 24 684
684 24 36
591 736 831
736 591 831
831 591 736
538 402 1364
402 538 1364
1364 402 538
107 280 859
859 107 280
280 107 859
1181 701 1143
701 1143 1181
1143 701 1181
1102 64 1171
1171 64 1102
64 1102 1171
1192 569 899
569 899 1192
899 569 1192
378 80 1139
1139 80 378
80 378 1139
1420 946 1403
1403 946 1420
946 1403 1420
423 604 821
604 423 821
821 423 604
1441 358 911
911 358 1441
358 911 1441
97 1238 1488
1238 97 1488
1488 97 1238
1458 552 1415
1415 552 1458
552 1415 1458
427 636 940
940 427 636
636 427 940
1391 108 664
108 664 1391
664 108 1391
950 136 889
889 136 950
136 889 950
1010 721 1191
721 1010 1191
1191 721 1010
1255 1114 1148
1148 1114 1255
1114 1148 1255
59 247 959
247 59 959
959 59 247
494 192 199
199 192 494
192 199 494
149 40 1118
40 149 1118
1118 40 149
1289 213 1242
1242 213 1289
213 1242 1289
356 374 1069
374 356 1069
1069 356 374
815 3 197
197 3 815
3 197 815
869 705 920
705 869 920
920 705 869
17 176 613
176 17 613
613 17 176
929 674 845
845 674 929
674 845 929
175 222 775
775 175 222
222 175 775
448 658 1104
1104 448 658
658 448 1104
445 854 1430
854 445 1430
1430 445 854
794 272 522
522 272 794
272 522 794
1213 16 122
122 16 1213
16 122 1213
1236 586 1254
1254 586 1236
586 1236 1254
992 214 1079
214 992 1079
1079 214 992
1078 19 878
878 19 1078
19 878 1078
327 717 1487
1487 327 717
717 327 1487
210 252 581
581 210 252
252 210 581
625 974 1411
974 625 1411
1411 625 974
1023 29 1317
1317 29 1023
29 1023 1317
72 1075 1468
1075 72 1468
1468 72 1075
793 227 1489
1489 227 793
227 793 1489
864 714 1375
714 864 1375
1375 714 864
693 405 517
517 405 693
405 517 693
1122 692 1205
692 1122 1205
1205 692 1122
506 366 1048
1048 366 506
366 506 1048
698 354 507
507 354 698
354 507 698
663 639 991
991 639 663
639 663 991
518 420 722
722 420 518
420 518 722
1465 362 1251
1251 362 1465
362 1251 1465
733 1200 1291
1291 733 1200
1200 733 1291
329 1009 1161
1161 329 1009
1009 329 1161
931 83 1354
83 931 1354
1354 83 931
11 565 1245
565 11 1245
1245 11 565
1353 125 313
125 313 1353
313 125 1353
118 371 487
487 118 371
371 118 487
635 375 1370
375 635 1370
1370 375 635
1308 879 888
879 888 1308
888 879 1308
1227 387 852
852 387 1227
387 852 1227
342 178 1281
1281 178 342
178 342 1281
829 1062 1395
1395 829 1062
1062 829 1395
1499 127 871
871 127 1499
127 871 1499
101 1 1459
1 101 1459
1459 1 101
891 113 369
113 369 891
369 113 891
348 181 1269
1269 181 348
181 348 1269
208 711 1119
711 208 1119
1119 208 711
1492 188 957
188 957 1492
957 188 1492
719 1129 1155
1129 719 1155
1155 719 1129
1087 960 1442
960 1087 1442
1442 960 1087
250 133 913
913 133 250
133 250 913
350 654 1106
654 350 1106
1106 350 654
779 1098 1449
1098 779 1449
1449 779 1098
526 578 981
578 526 981
981 526 578
917 1282 1385
1282 917 1385
1385 917 1282
260 328 1044
1044 260 328
328 260 1044
961 691 826
691 826 961
826 691 961
228 1082 1444
1082 228 1444
1444 228 1082
791 79 1039
1039 79 791
79 791 1039
1352 5 923
923 5 1352
5 923 1352
906 172 333
172 333 906
333 172 906
429 123 712
123 429 712
712 123 429
161 819 1386
819 161 1386
1386 161 819
835 450 1423
450 835 1423
1423 450 835
996 234 471
471 234 996
234 471 996
417 44 410
44 410 417
410 44 417
1108 190 1185
1185 190 1108
190 1108 1185
909 1089 1157
1157 909 1089
1089 909 1157
315 1012 1178
1012 315 1178
1178 315 1012
150 820 1453
1453 150 820
820 150 1453
38 165 173
173 38 165
165 38 173
1432 610 994
610 994 1432
994 610 1432
274 661 870
870 274 661
661 274 870
520 1019 1320
1019 520 1320
1320 520 1019
973 868 1302
1302 868 973
868 973 1302
686 645 1111
1111 645 686
645 686 1111
803 816 1418
1418 803 816
816 803 1418
339 330 710
710 330 339
330 339 710
641 224 944
944 224 641
224 641 944
119 187 620
187 119 620
620 119 187
235 474 1374
474 235 1374
1374 235 474
547 969 1101
969 547 1101
1101 547 969
129 810 863
810 129 863
863 129 810
833 304 762
762 304 833
304 762 833
846 679 1081
679 846 1081
1081 679 846
1490 478 1426
478 1426 1490
1426 478 1490
160 766 842
842 160 766
766 160 842
120 896 1125
896 120 1125
1125 120 896
1164 185 539
185 539 1164
539 185 1164
1128 726 837
726 837 1128
837 726 1128
271 94 1298
94 271 1298
1298 94 271
1130 881 1196
1196 881 1130
881 1130 1196
482 305 673
305 482 673
673 305 482
345 174 902
902 174 345
174 345 902
998 668 1438
1438 668 998
668 998 1438
138 299 755
755 138 299
299 138 755
695 207 255
255 207 695
207 255 695
614 612 1361
1361 612 614
612 614 1361
1150 340 1113
1113 340 1150
340 1113 1150
1107 372 1394
372 1107 1394
1394 372 1107
7 808 1188
808 7 1188
1188 7 808
1278 575 595
595 575 1278
575 595 1278
720 851 1422
1422 720 851
851 720 1422
1183 376 1067
1067 376 1183
376 1067 1183
146 43 584
584 43 146
43 146 584
807 1085 1279
1279 807 1085
1085 807 1279
206 621 883
621 206 883
883 206 621
32 1336 1496
1336 32 1496
1496 32 1336
116 168 1131
1131 116 168
168 116 1131
368 142 406
406 142 368
142 368 406
1026 241 1267
1267 241 1026
241 1026 1267
1033 367 548
548 367 1033
367 548 1033
1071 300 813
813 300 1071
300 813 1071
1055 743 1469
1469 743 1055
743 1055 1469
1388 739 1341
739 1341 1388
1341 739 1388
1347 1230 1283
1283 1230 1347
1230 1283 1347
1076 182 1174
182 1076 1174
1174 182 1076
630 230 384
384 230 630
230 384 630
308 1146 1261
1146 308 1261
1261 308 1146
1473 509 903
509 903 1473
903 509 1473
158 290 768
768 158 290
290 158 768
905 638 1324
1324 638 905
638 905 1324
1471 381 523
523 381 1471
381 523 1471
1306 836 1326
1326 836 1306
836 1306 1326
771 1060 1355
1355 771 1060
1060 771 1355
424 337 501
337 424 501
501 337 424
143 752 1265
752 143 1265
1265 143 752
953 30 483
30 483 953
483 30 953
404 47 622
622 47 404
47 404 622
633 135 941
135 633 941
941 135 633
1334 1088 1237
1088 1237 1334
1237 1088 1334
912 373 1127
373 912 1127
1127 373 912
1378 435 939
435 939 1378
939 435 1378
857 217 409
409 217 857
217 409 857
291 652 1387
1387 291 652
652 291 1387
334 1035 1273
1273 334 1035
1035 334 1273
521 9 1462
1462 9 521
9 521 1462
790 251 1074
251 790 1074
1074 251 790
1244 170 1250
170 1244 1250
1250 170 1244
183 287 756
287 183 756
756 183 287
675 421 1247
421 675 1247
1247 421 675
567 219 443
219 443 567
443 219 567
1402 263 1100
1100 263 1402
263 1100 1402
1123 41 587
41 587 1123
587 41 1123
279 1032 1140
1032 279 1140
1140 279 1032
997 66 500
500 66 997
66 500 997
1419 325 476
325 476 1419
476 325 1419
849 92 220
92 220 849
220 92 849
1021 281 786
281 786 1021
786 281 1021
152 1343 1390
1343 152 1390
1390 152 1343
1476 676 1286
1286 676 1476
676 1286 1476
177 1017 1363
1363 177 1017
1017 177 1363
738 921 1425
921 738 1425
1425 738 921
945 644 670
670 644 945
644 670 945
1292 589 942
589 942 1292
942 589 1292
619 31 977
31 619 977
977 31 619
388 1404 1483
1404 388 1483
1483 388 1404
1316 455 1401
455 1316 1401
1401 455 1316
1339 785 1366
785 1339 1366
1366 785 1339
1149 106 1314
1314 106 1149
106 1149 1314
321 629 1359
629 321 1359
1359 321 629
887 1034 1304
1304 887 1034
1034 887 1304
1202 932 1197
1197 932 1202
932 1197 1202
268 441 1058
441 268 1058
1058 268 441
1484 212 602
602 212 1484
212 602 1484
1427 48 1224
1224 48 1427
48 1224 1427
1301 306 344
344 306 1301
306 344 1301
285 1030 1436
1030 285 1436
1436 285 1030
459 660 812
660 459 812
812 459 660
1293 532 607
607 532 1293
532 607 1293
1410 338 979
338 979 1410
979 338 1410
1070 102 385
385 102 1070
102 385 1070
1152 505 1195
505 1152 1195
1195 505 1152
265 893 990
893 265 990
990 265 893
1460 293 352
293 352 1460
352 293 1460
683 486 696
696 486 683
486 683 696
1235 88 582
582 88 1235
88 582 1235
930 55 71
71 55 930
55 71 930
750 648 1323
1323 648 750
648 750 1323
1083 324 492
324 492 1083
492 324 1083
1300 184 1228
184 1228 1300
1228 184 1300
1234 351 491
351 491 1234
491 351 1234
85 370 579
370 85 579
579 85 370
993 1435 1482
1435 993 1482
1482 993 1435
1112 68 1433
1433 68 1112
68 1112 1433
927 553 687
553 687 927
687 553 927
516 1340 1454
1454 516 1340
1340 516 1454
665 301 876
301 665 876
876 301 665
531 823 1332
1332 531 823
823 531 1332
884 114 1121
114 884 1121
1121 114 884
926 1165 1437
1165 926 1437
1437 926 1165
802 436 769
436 769 802
769 436 802
576 725 1252
1252 576 725
725 576 1252
734 323 1381
1381 323 734
323 734 1381
386 872 1002
1002 386 872
872 386 1002
1199 1277 1315
1277 1199 1315
1315 1199 1277
1446 245 757
245 757 1446
757 245 1446
751 109 1357
1357 109 751
109 751 1357
140 1358 1445
1445 140 1358
1358 140 1445
1091 148 167
167 148 1091
148 167 1091
1126 69 928
928 69 1126
69 928 1126
715 895 1400
895 715 1400
1400 715 895
221 151 843
843 151 221
151 221 843
593 51 130
130 51 593
51 130 593
1448 393 1162
393 1162 1448
1162 393 1448
563 1172 1434
1172 563 1434
1434 563 1172
1470 137 551
137 551 1470
551 137 1470
744 343 873
343 744 873
873 343 744
1311 28 1225
1225 28 1311
28 1225 1311
781 626 1201
626 781 1201
1201 626 781
1006 98 332
98 332 1006
332 98 1006
1168 103 311
311 103 1168
103 311 1168
433 916 1028
1028 433 916
916 433 1028
25 20 1186
20 25 1186
1186 20 25
485 440 919
440 485 919
919 440 485
61 611 1218
1218 61 611
611 61 1218
196 134 1299
1299 134 196
134 196 1299
1367 26 203
203 26 1367
26 203 1367
363 694 1124
1124 363 694
694 363 1124
442 45 559
559 45 442
45 442 559
901 828 1424
1424 828 901
828 901 1424
1486 309 542
542 309 1486
309 542 1486
1041 980 1094
980 1041 1094
1094 980 1041
1266 562 1133
1133 562 1266
562 1133 1266
278 49 952
952 49 278
49 278 952
292 81 713
713 81 292
81 292 713
27 585 1495
1495 27 585
585 27 1495
1043 18 555
18 555 1043
555 18 1043
1166 571 618
618 571 1166
571 618 1166
632 728 731
728 632 731
731 632 728
12 965 1153
1153 12 965
965 12 1153
466 105 925
925 105 466
105 466 925
853 232 1154
1154 232 853
232 853 1154
1287 205 1382
1382 205 1287
205 1287 1382
573 545 1346
545 573 1346
1346 545 573
446 818 1455
1455 446 818
818 446 1455
1013 8 550
550 8 1013
8 550 1013
824 34 987
987 34 824
34 824 987
709 209 1497
209 709 1497
1497 209 709
1417 1175 1220
1175 1220 1417
1220 1175 1417
875 723 1054
723 875 1054
1054 723 875
764 461 865
461 764 865
865 461 764
75 797 825
825 75 797
797 75 825
198 814 1406
1406 198 814
814 198 1406
975 649 924
649 924 975
924 649 975
1249 78 1066
1066 78 1249
78 1066 1249
1319 110 811
811 110 1319
110 811 1319
1099 740 1156
1156 740 1099
740 1099 1156
117 452 1295
452 117 1295
1295 117 452
956 1045 1475
1475 956 1045
1045 956 1475
708 830 1090
1090 708 830
830 708 1090
416 1212 1257
1257 416 1212
1212 416 1257
240 1377 1481
1377 240 1481
1481 240 1377
533 355 566
355 533 566
566 355 533
964 331 1001
331 964 1001
1001 331 964
1305 787 1392
787 1305 1392
1392 787 1305
58 262 1214
262 58 1214
1214 58 262
560 681 1056
681 560 1056
1056 560 681
749 259 1335
1335 259 749
259 749 1335
397 254 885
885 254 397
254 397 885
1313 128 1467
128 1313 1467
1467 128 1313
574 400 1177
400 574 1177
1177 400 574
704 706 1284
706 704 1284
1284 704 706
839 1086 1365
1086 839 1365
1365 839 1086
1222 882 968
968 882 1222
882 968 1222
73 588 827
827 73 588
588 73 827
577 511 1217
511 577 1217
1217 511 577
1097 46 467
467 46 1097
46 467 1097
179 1176 1180
1176 179 1180
1180 179 1176
237 651 1203
651 237 1203
1203 237 651
904 298 303
298 303 904
303 298 904
1466 76 608
608 76 1466
76 608 1466
1431 14 1038
14 1038 1431
1038 14 1431
758 312 598
598 312 758
312 598 758
13 458 918
918 13 458
458 13 918
437 382 729
382 437 729
729 382 437
1372 557 1274
1274 557 1372
557 1274 1372
524 624 627
627 524 624
624 524 627
451 349 742
742 349 451
349 451 742
256 464 1280
464 256 1280
1280 256 464
1145 201 1095
1095 201 1145
201 1095 1145
1182 783 1233
783 1182 1233
1233 783 1182
283 596 1109
1109 283 596
596 283 1109
1080 558 1479
558 1080 1479
1479 558 1080
1018 741 1160
741 1018 1160
1160 741 1018
514 264 1264
264 514 1264
1264 264 514
778 430 1073
430 778 1073
1073 430 778
189 697 1084
1084 189 697
697 189 1084
1239 490 543
490 543 1239
543 490 1239
365 988 1491
1491 365 988
988 365 1491
1369 479 1393
479 1369 1393
1393 479 1369
1428 42 1296
42 1296 1428
1296 42 1428
1179 822 1027
1027 822 1179
822 1027 1179
954 132 1451
132 954 1451
1451 132 954
640 460 1015
1015 460 640
460 640 1015
86 54 1093
1093 54 86
54 86 1093
154 191 1059
1059 154 191
191 154 1059
792 89 727
727 89 792
89 727 792
1050 414 1327
1327 414 1050
414 1050 1327
995 307 1117
1117 307 995
307 995 1117
999 112 261
112 261 999
261 112 999
389 157 747
747 157 389
157 389 747
1362 317 867
317 867 1362
867 317 1362
699 801 1413
1413 699 801
801 699 1413
1051 513 1024
1024 513 1051
513 1024 1051
1110 204 666
666 204 1110
204 666 1110
497 215 273
215 273 497
273 215 497
391 426 765
765 391 426
426 391 765
862 70 774
70 774 862
774 70 862
336 156 951
156 336 951
951 156 336
1057 817 1325
1325 817 1057
817 1057 1325
789 605 1439
1439 605 789
605 789 1439
1447 194 530
530 194 1447
194 530 1447
484 1337 1429
1337 484 1429
1429 484 1337
527 590 1198
590 527 1198
1198 527 590
1312 4 438
4 438 1312
438 4 1312
662 211 1373
1373 211 662
211 662 1373
594 364 688
688 364 594
364 594 688
1211 67 489
67 489 1211
489 67 1211
754 841 1408
841 754 1408
1408 754 841
949 1193 1226
1226 949 1193
1193 949 1226
1105 1116 1246
1246 1105 1116
1116 1105 1246
163 856 1345
1345 163 856
856 163 1345
121 773 855
855 121 773
773 121 855
90 141 1485
141 90 1485
1485 90 141
347 357 396
357 347 396
396 347 357
570 341 1450
341 570 1450
1450 341 570
407 1005 1184
1184 407 1005
1005 407 1184
1052 39 1328
1328 39 1052
39 1052 1328
1020 1457 1472
1457 1020 1472
1472 1020 1457
225 1137 1478
1137 225 1478
1478 225 1137
1333 193 772
772 193 1333
193 772 1333
475 239 1210
239 475 1210
1210 239 475
1194 763 1159
763 1159 1194
1159 763 1194
890 937 1360
937 890 1360
1360 890 937
1379 616 1344
616 1344 1379
1344 616 1379
253 169 469
169 253 469
469 169 253
512 1260 1389
1260 512 1389
1389 512 1260
519 447 1270
447 519 1270
1270 447 519
682 412 1173
1173 412 682
412 682 1173
284 310 383
383 284 310
310 284 383
246 346 1008
346 246 1008
1008 246 346
1132 671 1443
1443 671 1132
671 1132 1443
56 537 910
537 56 910
910 56 537
894 296 493
493 296 894
296 493 894
242 453 454
454 242 453
453 242 454
463 572 970
970 463 572
572 463 970
504 223 976
976 223 504
223 504 976
65 243 398
243 65 398
398 65 243
162 144 295
295 144 162
144 162 295
470 798 834
834 470 798
798 470 834
568 480 702
702 480 568
480 568 702
544 1047 1262
1047 544 1262
1262 544 1047
690 1223 1380
1380 690 1223
1223 690 1380
428 100 732
732 100 428
100 428 732
1231 860 1288
860 1231 1288
1288 860 1231
730 74 1025
74 730 1025
1025 74 730
99 37 1464
1464 37 99
37 99 1464
23 943 1170
1170 23 943
943 23 1170
320 449 984
449 320 984
984 320 449
615 200 1259
1259 200 615
200 615 1259
1405 57 938
938 57 1405
57 938 1405
986 637 1321
1321 637 986
637 986 1321
171 1219 1383
1383 171 1219
1219 171 1383
379 111 1399
1399 111 379
111 379 1399
936 481 1384
1384 481 936
481 936 1384
63 838 1014
1014 63 838
838 63 1014
1065 266 472
266 472 1065
472 266 1065
1189 361 390
361 390 1189
390 361 1189
606 1007 1371
1007 606 1371
1371 606 1007
1409 541 777
777 541 1409
541 777 1409
1407 948 1338
1338 948 1407
948 1338 1407
631 850 1190
1190 631 850
850 631 1190
767 380 432
380 432 767
432 380 767
914 96 528
96 528 914
528 96 914
761 599 1349
599 761 1349
1349 599 761
680 907 1307
907 680 1307
1307 680 907
326 202 1268
1268 202 326
202 326 1268
277 495 1092
495 277 1092
1092 277 495
1167 180 724
724 180 1167
180 724 1167
1330 419 746
419 746 1330
746 419 1330
1243 401 978
401 978 1243
978 401 1243
286 549 874
549 286 874
874 286 549
1412 399 1229
399 1229 1412
1229 399 1412
104 457 935
935 104 457
457 104 935
529 2 218
2 218 529
218 2 529
462 147 1397
1397 147 462
147 462 1397
861 707 1000
1000 707 861
707 861 1000
77 653 795
653 77 795
795 77 653
735 418 583
583 418 735
418 583 735
1263 155 1271
155 1263 1271
1271 155 1263
1142 628 962
628 962 1142
962 628 1142
1241 564 1310
1310 564 1241
564 1241 1310
1253 359 685
359 685 1253
685 359 1253
689 153 642
153 642 689
642 153 689
1440 488 1493
488 1440 1493
1493 488 1440
1258 275 1169
275 1169 1258
1169 275 1258
972 288 1053
288 972 1053
1053 288 972
716 672 1396
672 716 1396
1396 672 716
669 6 955
6 669 955
955 6 669
316 958 1474
958 316 1474
1474 316 958
115 415 422
422 115 415
415 115 422
788 267 294
267 294 788
294 267 788
444 159 1134
159 444 1134
1134 159 444
1416 302 1077
1077 302 1416
302 1077 1416
844 60 655
655 60 844
60 655 844
799 934 1285
1285 799 934
934 799 1285
