186 965 1476
1476 186 965
965 186 1476
1115 635 904
635 904 1115
904 635 1115
1396 237 756
756 237 1396
237 756 1396
1230 37 1096
1096 37 1230
37 1096 1230
330 134 893
134 330 893
893 134 330
1451 197 1163
1163 197 1451
197 1163 1451
151 147 810
147 151 810
810 147 151
1133 284 680
680 284 1133
284 680 1133
1176 532 733
733 532 1176
532 733 1176
454 679 1422
1422 454 679
679 454 1422
79 214 1318
214 79 1318
1318 79 214
750 49 1097
1097 49 750
49 750 1097
840 1257 1313
1313 840 1257
1257 840 1313
1083 839 1048
839 1048 1083
1048 839 1083
685 92 528
92 528 685
528 92 685
472 64 709
64 472 709
709 64 472
1007 156 1273
156 1007 1273
1273 156 1007
730 29 1231
29 730 1231
1231 29 730
355 439 822
439 355 822
822 355 439
604 358 780
358 604 780
780 358 604
665 183 600
600 183 665
183 600 665
107 307 829
829 107 307
307 107 829
1350 236 1463
236 1350 1463
1463 236 1350
1268 597 643
597 643 1268
643 597 1268
1445 1344 1388
1344 1388 1445
1388 1344 1445
77 187 452
187 77 452
452 77 187
1166 129 946
946 129 1166
129 946 1166
392 90 1491
90 392 1491
1491 90 392
1447 14 246
14 246 1447
246 14 1447
1033 384 1131
384 1033 1131
1131 384 1033
372 445 1141
445 372 1141
1141 372 445
1407 290 343
290 343 1407
343 290 1407
1410 926 1272
926 1272 1410
1272 926 1410
51 484 838
484 51 838
838 51 484
755 350 1295
1295 350 755
350 755 1295
278 851 1153
1153 278 851
851 278 1153
70 592 1302
1302 70 592
592 70 1302
501 119 993
119 501 993
993 119 501
427 407 1331
407 427 1331
1331 407 427
438 396 422
422 396 438
396 422 438
91 944 1019
1019 91 944
944 91 1019
739 83 626
83 626 739
626 83 739
594 593 1001
1001 593 594
593 594 1001
111 589 1327
589 111 1327
1327 111 589
225 538 648
538 225 648
648 225 538
687 203 301
203 301 687
301 203 687
1047 423 1413
423 1047 1413
1413 423 1047
137 272 535
272 137 535
535 137 272
1467 177 639
639 177 1467
177 639 1467
651 545 579
545 579 651
579 545 651
1485 259 772
772 259 1485
259 772 1485
1164 798 915
798 915 1164
915 798 1164
1053 691 1292
691 1053 1292
1292 691 1053
1389 176 1427
176 1389 1427
1427 176 1389
1341 961 986
961 986 1341
986 961 1341
861 171 1095
1095 171 861
171 861 1095
954 847 1191
1191 847 954
847 954 1191
1055 227 1291
227 1055 1291
1291 227 1055
696 141 1135
1135 141 696
141 696 1135
757 104 1078
104 757 1078
1078 104 757
564 260 1403
1403 260 564
260 564 1403
369 457 1087
457 369 1087
1087 369 457
636 1065 1394
1065 636 1394
1394 636 1065
282 562 1454
1454 282 562
562 282 1454
327 273 694
694 273 327
273 327 694
721 132 1111
1111 132 721
132 721 1111
167 887 1119
887 167 1119
1119 167 887
258 922 1497
1497 258 922
922 258 1497
712 914 1438
914 712 1438
1438 712 914
53 688 1021
1021 53 688
688 53 1021
1345 892 1358
892 1345 1358
1358 892 1345
1142 939 1150
1150 939 1142
939 1142 1150
891 1252 1372
1372 891 1252
1252 891 1372
997 28 525
525 28 997
28 525 997
870 193 1023
1023 193 870
193 870 1023
128 300 527
527 128 300
300 128 527
1415 59 1082
1082 59 1415
59 1082 1415
1256 379 1248
1248 379 1256
379 1248 1256
359 480 1367
480 359 1367
1367 359 480
483 157 349
157 349 483
349 157 483
376 310 331
331 310 376
310 331 376
1144 890 1215
1215 890 1144
890 1144 1215
1339 1277 1406
1406 1277 1339
1277 1339 1406
896 1069 1492
1069 896 1492
1492 896 1069
725 932 942
942 725 932
932 725 942
1312 416 1125
416 1125 1312
1125 416 1312
715 226 420
420 226 715
226 420 715
1274 265 1417
1417 265 1274
265 1274 1417
230 298 337
298 230 337
337 230 298
1103 329 387
387 329 1103
329 387 1103
339 740 1124
1124 339 740
740 339 1124
566 720 1035
1035 566 720
720 566 1035
1457 324 1362
1362 324 1457
324 1362 1457
559 918 1399
918 559 1399
1399 559 918
1402 194 234
234 194 1402
194 234 1402
671 130 1404
1404 130 671
130 671 1404
732 754 1298
1298 732 754
754 732 1298
6 173 963
173 6 963
963 6 173
1121 690 1034
690 1034 1121
1034 690 1121
140 741 1181
1181 140 741
741 140 1181
1309 311 1386
1386 311 1309
311 1309 1386
1359 22 743
22 743 1359
743 22 1359
765 198 371
198 371 765
371 198 765
1101 723 1012
723 1012 1101
1012 723 1101
895 877 1351
1351 877 895
877 895 1351
1235 380 1075
380 1075 1235
1075 380 1235
291 302 436
302 291 436
436 291 302
555 1110 1254
1254 555 1110
1110 555 1254
1448 1375 1381
1381 1375 1448
1375 1381 1448
1421 341 382
341 382 1421
382 341 1421
1212 537 1122
537 1122 1212
1122 537 1212
48 308 1171
308 48 1171
1171 48 308
752 71 1278
1278 71 752
71 752 1278
1250 466 698
698 466 1250
466 698 1250
759 161 835
161 759 835
835 161 759
1090 412 1319
412 1090 1319
1319 412 1090
625 935 1433
935 625 1433
1433 625 935
1475 319 1442
1442 319 1475
319 1442 1475
1043 1373 1494
1494 1043 1373
1373 1043 1494
1222 498 1286
1286 498 1222
498 1222 1286
318 701 1032
701 318 1032
1032 318 701
1229 317 641
317 641 1229
641 317 1229
314 644 1137
644 314 1137
1137 314 644
889 335 561
561 335 889
335 561 889
1285 1487 1489
1489 1285 1487
1487 1285 1489
57 241 1490
1490 57 241
241 57 1490
464 149 848
848 149 464
149 464 848
827 916 1158
916 827 1158
1158 827 916
1269 312 860
312 860 1269
860 312 1269
947 846 1255
1255 846 947
846 947 1255
634 56 1299
56 634 1299
1299 56 634
1102 250 934
250 934 1102
934 250 1102
1320 513 1038
513 1038 1320
1038 513 1320
117 163 953
953 117 163
163 117 953
976 364 913
913 364 976
364 913 976
1201 1280 1357
1280 1201 1357
1357 1201 1280
1294 401 1271
401 1271 1294
1271 401 1294
510 854 977
854 510 977
977 510 854
1063 55 208
55 208 1063
208 55 1063
254 622 924
622 254 924
924 254 622
127 348 819
819 127 348
348 127 819
1161 363 1333
1333 363 1161
363 1161 1333
737 834 1056
834 737 1056
1056 737 834
205 1332 1461
1461 205 1332
1332 205 1461
511 217 957
957 217 511
217 511 957
1196 114 244
244 114 1196
114 244 1196
120 812 1240
812 120 1240
1240 120 812
97 1058 1279
1058 97 1279
1279 97 1058
572 429 1478
429 572 1478
1478 429 572
108 928 955
955 108 928
928 108 955
1108 103 672
103 672 1108
672 103 1108
661 766 804
766 661 804
804 661 766
202 426 1436
1436 202 426
426 202 1436
1412 42 210
42 210 1412
210 42 1412
342 135 1120
1120 135 342
135 342 1120
1173 155 560
155 560 1173
560 155 1173
1030 801 931
931 801 1030
801 931 1030
266 775 1094
775 266 1094
1094 266 775
807 554 966
966 554 807
554 807 966
5 390 1437
390 5 1437
1437 5 390
1112 695 1224
695 1112 1224
1224 695 1112
1086 571 1337
1337 571 1086
571 1086 1337
239 122 1481
122 239 1481
1481 122 239
1376 43 1411
43 1376 1411
1411 43 1376
1378 174 388
388 174 1378
174 388 1378
624 731 1128
1128 624 731
731 624 1128
166 781 1498
781 166 1498
1498 166 781
1167 520 1076
1076 520 1167
520 1076 1167
728 138 925
925 138 728
138 728 925
1443 398 1365
398 1365 1443
1365 398 1443
1154 159 374
374 159 1154
159 374 1154
1430 344 1493
1493 344 1430
344 1430 1493
110 575 1080
575 110 1080
1080 110 575
770 207 943
207 770 943
943 207 770
749 215 220
220 215 749
215 220 749
126 481 496
481 126 496
496 126 481
967 505 1385
1385 505 967
505 967 1385
570 461 1145
1145 461 570
461 570 1145
1398 99 1013
99 1013 1398
1013 99 1398
950 74 1253
74 950 1253
1253 74 950
738 785 962
962 738 785
785 738 962
603 287 1041
1041 287 603
287 603 1041
224 1139 1266
1139 224 1266
1266 224 1139
1329 20 1169
20 1169 1329
1169 20 1329
692 519 1165
1165 519 692
519 692 1165
1441 591 705
591 705 1441
705 591 1441
247 403 1197
403 247 1197
1197 247 403
100 874 1471
874 100 1471
1471 100 874
799 316 843
843 316 799
316 799 843
1470 196 381
196 381 1470
381 196 1470
530 563 598
598 530 563
563 530 598
275 541 1160
541 275 1160
1160 275 541
576 923 1301
1301 576 923
923 576 1301
821 522 868
522 821 868
868 522 821
430 1003 1066
1066 430 1003
1003 430 1066
488 460 1106
460 488 1106
1106 460 488
378 162 531
531 162 378
162 378 531
1105 1205 1325
1325 1105 1205
1205 1105 1325
289 806 1314
1314 289 806
806 289 1314
816 1020 1288
1288 816 1020
1020 816 1288
828 1098 1262
1098 828 1262
1262 828 1098
1275 32 277
277 32 1275
32 277 1275
978 556 736
736 556 978
556 736 978
1192 75 414
414 75 1192
75 414 1192
469 400 856
400 469 856
856 400 469
1462 456 497
456 497 1462
497 456 1462
912 375 917
375 912 917
917 375 912
304 547 584
547 304 584
584 304 547
1206 663 1064
663 1064 1206
1064 663 1206
869 402 1214
402 869 1214
1214 402 869
299 609 746
746 299 609
609 299 746
1178 449 797
449 797 1178
797 449 1178
964 33 673
33 673 964
673 33 964
1193 833 1177
833 1177 1193
1177 833 1193
451 431 805
805 431 451
431 451 805
362 125 1353
1353 125 362
125 362 1353
1384 136 1321
1321 136 1384
136 1321 1384
405 871 1315
871 405 1315
1315 405 871
253 787 1499
787 253 1499
1499 253 787
573 1199 1242
1242 573 1199
1199 573 1242
109 96 212
212 96 109
96 109 212
218 581 619
581 218 619
619 218 581
558 811 853
853 558 811
811 558 853
994 262 1129
1129 262 994
262 994 1129
73 377 1395
1395 73 377
377 73 1395
2 567 1349
1349 2 567
567 2 1349
790 153 1194
153 790 1194
1194 153 790
1000 356 700
356 700 1000
700 356 1000
1258 764 1172
764 1172 1258
1172 764 1258
1336 574 1458
574 1336 1458
1458 574 1336
4 98 1059
1059 4 98
98 4 1059
905 297 515
515 297 905
297 515 905
1431 269 1324
1324 269 1431
269 1324 1431
1006 18 1198
1198 18 1006
18 1006 1198
68 19 360
19 68 360
360 19 68
1093 722 1149
722 1093 1149
1149 722 1093
1079 411 670
411 670 1079
670 411 1079
1126 195 894
894 195 1126
195 894 1126
1488 526 1477
526 1477 1488
1477 526 1488
706 206 1074
1074 206 706
206 706 1074
884 35 1209
1209 35 884
35 884 1209
678 16 903
903 16 678
16 678 903
949 61 418
61 418 949
418 61 949
793 50 1185
1185 50 793
50 793 1185
632 389 1226
389 632 1226
1226 389 632
191 735 1088
1088 191 735
735 191 1088
1369 306 995
995 306 1369
306 995 1369
373 614 1180
1180 373 614
614 373 1180
1460 1134 1495
1495 1134 1460
1134 1460 1495
482 710 1265
710 482 1265
1265 482 710
910 858 1040
1040 858 910
858 910 1040
1316 443 855
855 443 1316
443 855 1316
1382 707 795
795 707 1382
707 795 1382
1300 118 857
857 118 1300
118 857 1300
529 87 280
87 280 529
280 87 529
276 145 577
145 276 577
577 145 276
1223 21 660
660 21 1223
21 660 1223
240 332 1113
332 240 1113
1113 240 332
703 817 936
936 703 817
817 703 936
490 590 882
590 490 882
882 490 590
320 410 595
595 320 410
410 320 595
1155 930 1293
930 1155 1293
1293 930 1155
1247 263 366
366 263 1247
263 366 1247
991 261 553
553 261 991
261 553 991
1100 486 1159
486 1100 1159
1159 486 1100
820 758 1243
1243 758 820
758 820 1243
638 1363 1435
1435 638 1363
1363 638 1435
417 985 1361
1361 417 985
985 417 1361
1138 503 1245
1245 503 1138
503 1138 1245
886 536 621
536 621 886
621 536 886
34 419 1091
419 34 1091
1091 34 419
1057 268 902
902 268 1057
268 902 1057
44 354 1219
354 44 1219
1219 44 354
285 684 1225
684 285 1225
1225 285 684
1380 190 1419
1419 190 1380
190 1380 1419
101 10 1466
10 101 1466
1466 10 101
476 1208 1479
1208 476 1479
1479 476 1208
40 744 996
996 40 744
744 40 996
586 881 1340
881 586 1340
1340 586 881
121 345 1060
1060 121 345
345 121 1060
623 771 788
771 623 788
788 623 771
792 605 1234
605 792 1234
1234 605 792
106 818 937
937 106 818
818 106 937
406 1130 1151
1130 406 1151
1151 406 1130
1500 630 929
630 929 1500
929 630 1500
1127 489 878
489 878 1127
878 489 1127
507 677 1008
1008 507 677
677 507 1008
1391 1424 1469
1469 1391 1424
1424 1391 1469
204 485 1031
1031 204 485
485 204 1031
200 1010 1237
1237 200 1010
1010 200 1237
447 7 1472
1472 7 447
7 447 1472
745 548 1081
548 745 1081
1081 548 745
909 158 1482
1482 158 909
158 909 1482
1200 351 367
367 351 1200
351 367 1200
385 763 1221
763 385 1221
1221 385 763
1014 502 1456
1456 502 1014
502 1014 1456
1123 773 1238
773 1123 1238
1238 773 1123
841 315 980
980 315 841
315 841 980
508 54 1162
1162 54 508
54 508 1162
682 11 491
11 491 682
491 11 682
596 168 455
455 168 596
168 455 596
1099 46 1068
46 1068 1099
1068 46 1099
415 31 552
552 31 415
31 415 552
1392 667 1186
667 1186 1392
1186 667 1392
303 76 424
424 76 303
76 303 424
493 956 1117
1117 493 956
956 493 1117
441 945 1249
945 441 1249
1249 441 945
8 133 585
133 8 585
585 8 133
872 659 1195
1195 659 872
659 872 1195
789 164 1408
1408 164 789
164 789 1408
578 39 78
78 39 578
39 78 578
86 669 908
669 86 908
908 86 669
524 123 800
800 123 524
123 524 800
1446 487 1046
1046 487 1446
487 1046 1446
170 365 1377
1377 170 365
365 170 1377
82 713 883
713 82 883
883 82 713
442 542 1140
1140 442 542
542 442 1140
875 346 1383
1383 346 875
346 875 1383
776 1420 1432
1432 776 1420
1420 776 1432
653 1024 1152
1152 653 1024
1024 653 1152
471 95 1202
95 471 1202
1202 95 471
774 813 1322
1322 774 813
813 774 1322
370 866 1290
866 370 1290
1290 370 866
1429 1188 1232
1232 1188 1429
1188 1232 1429
615 85 434
85 434 615
434 85 615
784 340 1183
340 784 1183
1183 340 784
169 948 1360
948 169 1360
1360 169 948
1473 113 216
216 113 1473
113 216 1473
1084 523 544
544 523 1084
523 544 1084
900 47 815
815 47 900
47 815 900
974 970 1348
1348 970 974
970 974 1348
1468 786 824
786 824 1468
824 786 1468
1270 264 1423
1423 264 1270
264 1270 1423
1409 683 1054
1054 683 1409
683 1054 1409
906 219 361
361 219 906
219 361 906
1486 394 1005
1005 394 1486
394 1005 1486
951 642 814
642 814 951
814 642 951
1304 826 1428
1428 826 1304
826 1304 1428
844 1170 1393
1393 844 1170
1170 844 1393
41 143 391
143 41 391
391 41 143
1052 676 734
676 734 1052
734 676 1052
1400 718 999
718 999 1400
999 718 1400
36 148 708
148 36 708
708 36 148
437 305 979
979 305 437
305 437 979
89 274 971
274 89 971
971 89 274
968 620 1397
620 968 1397
1397 620 968
139 425 686
686 139 425
425 139 686
825 94 338
94 338 825
338 94 825
873 1233 1354
1354 873 1233
1233 873 1354
1246 179 952
952 179 1246
179 952 1246
180 599 1026
1026 180 599
599 180 1026
309 448 1440
1440 309 448
448 309 1440
334 453 1045
1045 334 453
453 334 1045
322 185 446
446 185 322
185 322 446
1042 580 649
649 580 1042
580 649 1042
25 353 1474
353 25 1474
1474 25 353
1338 1311 1347
1311 1338 1347
1347 1311 1338
1004 719 794
794 719 1004
719 794 1004
645 293 973
293 645 973
973 293 645
646 150 724
724 150 646
150 646 724
633 115 144
144 115 633
115 144 633
281 477 1342
477 281 1342
1342 281 477
1062 657 1364
657 1062 1364
1364 657 1062
232 782 998
782 232 998
998 232 782
760 404 550
404 550 760
550 404 760
352 982 1401
1401 352 982
982 352 1401
512 251 1018
251 512 1018
1018 251 512
462 748 1425
748 462 1425
1425 462 748
1241 1118 1464
1464 1118 1241
1118 1241 1464
717 199 393
393 199 717
199 393 717
666 831 879
879 666 831
831 666 879
1071 201 1434
1434 201 1071
201 1071 1434
1207 229 1251
1251 229 1207
229 1207 1251
347 154 938
154 347 938
938 154 347
837 656 1016
656 837 1016
1016 656 837
463 652 702
702 463 652
652 463 702
1050 24 467
24 467 1050
467 24 1050
478 9 540
540 9 478
9 478 540
112 465 1067
465 112 1067
1067 112 465
898 223 655
655 223 898
223 655 898
543 178 1011
178 543 1011
1011 178 543
518 255 357
357 255 518
255 357 518
1037 1174 1260
1260 1037 1174
1174 1037 1260
742 989 1218
989 742 1218
1218 742 989
444 588 1236
588 444 1236
1236 444 588
105 474 753
474 105 753
753 105 474
1414 181 778
778 181 1414
181 778 1414
1366 761 1352
761 1352 1366
1352 761 1366
607 248 767
767 248 607
248 607 767
1217 435 901
901 435 1217
435 901 1217
836 84 862
862 84 836
84 836 862
30 409 852
852 30 409
409 30 852
432 1107 1296
1296 432 1107
1107 432 1296
271 245 714
245 271 714
714 245 271
470 802 864
864 470 802
802 470 864
803 863 1148
1148 803 863
863 803 1148
1281 960 1175
1175 960 1281
960 1175 1281
711 779 1157
1157 711 779
779 711 1157
1453 80 1335
1335 80 1453
80 1335 1453
1104 674 1146
674 1104 1146
1146 674 1104
1267 257 495
257 495 1267
495 257 1267
66 704 911
704 66 911
911 66 704
675 72 658
72 658 675
658 72 675
1459 124 228
124 228 1459
228 124 1459
428 1061 1390
1061 428 1390
1390 428 1061
747 494 842
494 747 842
842 494 747
981 517 1405
1405 517 981
517 981 1405
231 1334 1343
1334 231 1343
1343 231 1334
38 473 583
473 38 583
583 38 473
1374 1 383
383 1 1374
1 383 1374
637 631 1136
631 637 1136
1136 631 637
791 27 768
27 768 791
768 27 791
845 26 1156
26 845 1156
1156 26 845
629 777 1025
1025 629 777
777 629 1025
697 516 1027
1027 516 697
516 697 1027
606 88 235
235 88 606
88 235 606
386 328 867
867 328 386
328 386 867
45 450 850
450 45 850
850 45 450
549 189 587
189 549 587
587 189 549
568 152 1049
152 568 1049
1049 152 568
664 288 972
972 288 664
288 664 972
146 368 959
959 146 368
368 146 959
627 17 1323
17 627 1323
1323 17 627
988 940 1190
1190 940 988
940 988 1190
569 647 1109
1109 569 647
647 569 1109
1073 809 865
865 809 1073
809 865 1073
142 326 1211
326 142 1211
1211 142 326
1017 769 1484
769 1017 1484
1484 769 1017
458 333 1039
1039 333 458
333 458 1039
1204 534 1426
1426 534 1204
534 1204 1426
1070 546 1182
1182 546 1070
546 1070 1182
899 499 1439
1439 499 899
499 899 1439
421 12 188
12 188 421
188 12 421
618 69 440
440 69 618
69 440 618
830 992 1306
992 830 1306
1306 830 992
62 295 796
796 62 295
295 62 796
211 221 1326
1326 211 221
221 211 1326
693 313 1036
1036 313 693
313 693 1036
475 67 1085
67 475 1085
1085 67 475
256 500 1370
1370 256 500
500 256 1370
413 292 1317
292 413 1317
1317 292 413
296 1228 1308
1308 296 1228
1228 296 1308
233 727 1132
1132 233 727
727 233 1132
1227 238 602
602 238 1227
238 602 1227
640 551 1287
551 640 1287
1287 551 640
565 650 933
933 565 650
650 565 933
249 1009 1289
1289 249 1009
1009 249 1289
729 1284 1465
1284 729 1465
1465 729 1284
628 252 1450
252 628 1450
1450 252 628
1455 81 131
131 81 1455
81 131 1455
1092 1029 1187
1029 1092 1187
1187 1029 1092
975 433 1189
1189 433 975
433 975 1189
990 243 399
243 399 990
399 243 990
823 3 681
681 3 823
3 681 823
1330 888 1297
1297 888 1330
888 1297 1330
1452 1072 1263
1072 1263 1452
1263 1072 1452
859 213 294
213 294 859
294 213 859
1213 582 920
920 582 1213
582 920 1213
662 1220 1496
1496 662 1220
1220 662 1496
689 808 1051
808 689 1051
1051 689 808
1303 897 1244
1244 897 1303
897 1244 1303
58 102 1305
1305 58 102
102 58 1305
1044 116 987
116 987 1044
987 116 1044
175 182 1346
1346 175 182
182 175 1346
1387 242 1116
242 1116 1387
1116 242 1387
397 783 1328
1328 397 783
783 397 1328
601 885 1264
885 601 1264
1264 601 885
921 13 165
165 13 921
13 165 921
941 321 1015
321 941 1015
1015 321 941
1310 654 1418
654 1310 1418
1418 654 1310
93 479 557
479 93 557
557 93 479
927 15 1283
15 927 1283
1283 15 927
1282 323 1307
1307 323 1282
323 1282 1307
504 617 1449
1449 504 617
617 504 1449
192 395 699
699 192 395
395 192 699
283 209 279
279 209 283
209 279 283
160 762 1355
1355 160 762
762 160 1355
336 514 1368
1368 336 514
514 336 1368
880 849 1276
1276 849 880
849 880 1276
184 267 613
267 184 613
613 184 267
1184 984 1168
1168 984 1184
984 1168 1184
23 876 1216
1216 23 876
876 23 1216
222 52 521
521 52 222
52 222 521
726 716 907
907 716 726
716 726 907
270 459 1147
459 270 1147
1147 270 459
616 492 1444
492 616 1444
1444 492 616
65 958 1379
958 65 1379
1379 65 958
509 668 1259
668 509 1259
1259 509 668
63 325 408
408 63 325
325 63 408
286 1239 1483
1483 286 1239
1239 286 1483
1077 60 919
60 919 1077
919 60 1077
1002 611 1416
1416 611 1002
611 1002 1416
1210 506 1143
506 1143 1210
1143 506 1210
612 608 751
751 608 612
608 612 751
1356 172 969
172 969 1356
969 172 1356
1261 983 1480
983 1261 1480
1480 983 1261
832 468 1028
468 832 1028
1028 468 832
1089 610 1022
1022 610 1089
610 1022 1089
1179 539 1203
1203 539 1179
539 1179 1203
1114 533 1371
1371 533 1114
533 1114 1371
