1347 465 2822
465 1347 2822
2822 465 1347
9668 5687 5711
5711 5687 9668
5687 5711 9668
9740 927 6553
6553 927 9740
927 6553 9740
678 6415 12330
12330 678 6415
6415 678 12330
13234 7177 11188
7177 11188 13234
11188 7177 13234
11554 10621 13805
10621 11554 13805
13805 10621 11554
7169 2793 6863
6863 2793 7169
2793 6863 7169
11202 220 3479
3479 220 11202
220 3479 11202
7120 100 7024
7024 100 7120
100 7024 7120
3246 3269 13888
13888 3246 3269
3269 3246 13888
5987 6037 8145
6037 5987 8145
8145 5987 6037
4951 3469 4387
3469 4387 4951
4387 3469 4951
13615 8780 14289
8780 13615 14289
14289 8780 13615
3236 4998 12831
12831 3236 4998
4998 3236 12831
829 1995 3688
3688 829 1995
1995 829 3688
7720 3727 5958
3727 5958 7720
5958 3727 7720
14271 4271 12812
12812 4271 14271
4271 12812 14271
9986 8422 10576
10576 8422 9986
8422 9986 10576
8231 2239 6689
2239 6689 8231
6689 2239 8231
8616 10501 11838
11838 8616 10501
10501 8616 11838
11420 1803 7437
7437 1803 11420
1803 7437 11420
13489 7182 9822
7182 9822 13489
9822 7182 13489
2695 1735 14120
14120 1735 2695
1735 2695 14120
1669 7801 14726
14726 1669 7801
7801 1669 14726
9906 218 8430
8430 218 9906
218 8430 9906
5821 11974 13039
11974 5821 13039
13039 5821 11974
1565 1338 6489
1338 1565 6489
6489 1338 1565
10453 1190 3355
3355 1190 10453
1190 3355 10453
8314 3087 14093
3087 8314 14093
14093 3087 8314
9069 2367 7016
7016 2367 9069
2367 7016 9069
14749 6881 10825
10825 6881 14749
6881 10825 14749
4959 908 7095
908 4959 7095
7095 908 4959
7237 4869 4991
4869 4991 7237
4991 4869 7237
4672 1196 6196
1196 4672 6196
6196 1196 4672
2615 403 6761
403 2615 6761
6761 403 2615
4624 6823 7465
6823 4624 7465
7465 4624 6823
14279 10038 10912
10912 10038 14279
10038 10912 14279
394 3625 13701
13701 394 3625
3625 394 13701
13288 4214 6242
6242 4214 13288
4214 6242 13288
13909 4450 7392
4450 7392 13909
7392 4450 13909
9142 13784 14841
13784 9142 14841
14841 9142 13784
7867 1950 3508
3508 1950 7867
1950 3508 7867
11555 959 12811
12811 959 11555
959 11555 12811
6632 9176 13402
13402 6632 9176
9176 6632 13402
7140 6584 9205
6584 7140 9205
9205 6584 7140
2117 1120 8880
1120 2117 8880
8880 1120 2117
979 83 9755
83 979 9755
9755 83 979
7236 5144 13838
5144 7236 13838
13838 5144 7236
1060 6540 7391
6540 1060 7391
7391 1060 6540
10076 4743 8101
4743 8101 10076
8101 4743 10076
1609 4977 5767
4977 1609 5767
5767 1609 4977
7822 498 1249
498 1249 7822
1249 498 7822
8360 361 12315
12315 361 8360
361 8360 12315
9236 6641 9545
6641 9236 9545
9545 6641 9236
10283 531 884
884 531 10283
531 884 10283
12630 298 9952
9952 298 12630
298 9952 12630
398 4510 13051
13051 398 4510
4510 398 13051
10004 9272 10711
9272 10004 10711
10711 9272 10004
10757 5047 7225
5047 7225 10757
7225 5047 10757
8681 12965 14154
14154 8681 12965
12965 8681 14154
836 6435 14709
6435 836 14709
14709 836 6435
12428 6382 9294
6382 9294 12428
9294 6382 12428
1443 7300 14898
14898 1443 7300
7300 1443 14898
3668 290 2073
290 2073 3668
2073 290 3668
13762 235 6411
6411 235 13762
235 6411 13762
5159 3172 3596
3596 3172 5159
3172 3596 5159
6461 2268 4322
4322 2268 6461
2268 4322 6461
4012 427 10796
10796 427 4012
427 4012 10796
3779 693 5392
5392 693 3779
693 3779 5392
60 7185 11124
11124 60 7185
7185 60 11124
8737 5246 7321
7321 5246 8737
5246 7321 8737
2748 3425 5965
3425 2748 5965
5965 2748 3425
12987 1549 3559
1549 3559 12987
3559 1549 12987
1346 12096 14851
12096 1346 14851
14851 1346 12096
3456 9109 13308
9109 3456 13308
13308 3456 9109
25 8225 8912
8225 25 8912
8912 25 8225
9862 1957 14844
14844 1957 9862
1957 9862 14844
2677 931 1138
1138 931 2677
931 1138 2677
1667 9801 10350
10350 1667 9801
9801 1667 10350
10330 4522 14267
14267 4522 10330
4522 10330 14267
1619 4680 13864
4680 1619 13864
13864 1619 4680
640 1204 1546
1204 640 1546
1546 640 1204
1159 1693 12388
12388 1159 1693
1693 1159 12388
4411 2133 3748
3748 2133 4411
2133 3748 4411
11084 3719 7605
3719 7605 11084
7605 3719 11084
7893 9462 12686
12686 7893 9462
9462 7893 12686
6136 7141 7652
7652 6136 7141
7141 6136 7652
5907 7439 10783
7439 5907 10783
10783 5907 7439
13752 245 5957
245 5957 13752
5957 245 13752
13368 4215 9289
4215 9289 13368
9289 4215 13368
7373 660 934
934 660 7373
660 934 7373
14784 1917 11199
11199 1917 14784
1917 11199 14784
8137 8365 11225
11225 8137 8365
8365 8137 11225
436 3075 14270
14270 436 3075
3075 436 14270
11015 8164 8917
8164 8917 11015
8917 8164 11015
2990 2616 8850
2616 2990 8850
8850 2616 2990
10208 2601 11751
11751 2601 10208
2601 10208 11751
10124 5285 12375
12375 5285 10124
5285 10124 12375
4023 1556 7496
7496 1556 4023
1556 4023 7496
1535 393 5681
393 1535 5681
5681 393 1535
629 505 11611
11611 505 629
505 629 11611
14646 2311 4244
4244 2311 14646
2311 4244 14646
12403 1270 11242
11242 1270 12403
1270 11242 12403
4323 1534 14173
1534 4323 14173
14173 1534 4323
3076 5754 14395
14395 3076 5754
5754 3076 14395
1151 5734 14560
14560 1151 5734
5734 1151 14560
5175 2361 10149
2361 5175 10149
10149 2361 5175
4884 7330 10730
10730 4884 7330
7330 4884 10730
39 6753 13938
6753 39 13938
13938 39 6753
11250 6427 8614
8614 6427 11250
6427 8614 11250
13287 1602 7394
1602 7394 13287
7394 1602 13287
10504 4454 5190
4454 5190 10504
5190 4454 10504
4453 655 14377
14377 655 4453
655 4453 14377
12738 2737 3370
2737 3370 12738
3370 2737 12738
9170 2688 11089
11089 2688 9170
2688 9170 11089
14245 3542 7661
7661 3542 14245
3542 7661 14245
7504 1626 13551
1626 7504 13551
13551 1626 7504
484 4622 5391
4622 484 5391
5391 484 4622
14275 8903 12881
12881 8903 14275
8903 12881 14275
10506 5151 8602
5151 8602 10506
8602 5151 10506
9397 9727 10526
9727 9397 10526
10526 9397 9727
13755 5553 6141
5553 6141 13755
6141 5553 13755
6507 654 9676
654 6507 9676
9676 654 6507
2398 5066 9983
5066 2398 9983
9983 2398 5066
129 548 14736
548 129 14736
14736 129 548
2017 739 9347
739 2017 9347
9347 739 2017
10533 8266 9448
9448 8266 10533
8266 9448 10533
11641 5028 10090
10090 5028 11641
5028 10090 11641
6096 1386 6089
1386 6089 6096
6089 1386 6096
2827 11561 14252
14252 2827 11561
11561 2827 14252
8542 7800 13300
7800 8542 13300
13300 7800 8542
8142 2308 10869
10869 2308 8142
2308 8142 10869
13981 4172 6200
6200 4172 13981
4172 6200 13981
7719 3014 6546
3014 6546 7719
6546 3014 7719
7569 2346 3063
2346 3063 7569
3063 2346 7569
1853 2595 8289
2595 1853 8289
8289 1853 2595
4237 6251 14138
14138 4237 6251
6251 4237 14138
13372 3066 9137
3066 9137 13372
9137 3066 13372
12335 620 4281
4281 620 12335
620 4281 12335
4199 3026 7020
3026 4199 7020
7020 3026 4199
11832 1963 6713
6713 1963 11832
1963 6713 11832
9377 5467 9877
9877 5467 9377
5467 9377 9877
11027 3854 11151
11151 3854 11027
3854 11027 11151
1449 2111 5845
2111 1449 5845
5845 1449 2111
13744 1771 3134
3134 1771 13744
1771 3134 13744
6842 1785 4238
1785 4238 6842
4238 1785 6842
14408 8301 13715
8301 13715 14408
13715 8301 14408
6104 2402 4352
2402 4352 6104
4352 2402 6104
10926 3684 5011
3684 5011 10926
5011 3684 10926
10719 12889 13533
12889 10719 13533
13533 10719 12889
4704 1469 10760
1469 4704 10760
10760 1469 4704
622 2724 10251
10251 622 2724
2724 622 10251
10034 10792 14491
14491 10034 10792
10792 10034 14491
8915 645 6049
645 6049 8915
6049 645 8915
4222 3531 10079
10079 3531 4222
3531 4222 10079
4204 4116 8953
8953 4116 4204
4116 4204 8953
5045 5942 10705
10705 5045 5942
5942 5045 10705
5094 13679 13832
13832 5094 13679
13679 5094 13832
3081 3351 9717
9717 3081 3351
3351 3081 9717
11068 4736 8051
8051 4736 11068
4736 8051 11068
752 2179 8197
2179 752 8197
8197 752 2179
1278 1112 7877
7877 1112 1278
1112 1278 7877
14485 8176 13733
13733 8176 14485
8176 13733 14485
8870 7280 13872
7280 8870 13872
13872 7280 8870
8739 955 8964
8964 955 8739
955 8739 8964
11814 5673 8577
5673 8577 11814
8577 5673 11814
2404 2458 4054
4054 2404 2458
2458 2404 4054
6038 2101 6851
2101 6038 6851
6851 2101 6038
14087 1048 13731
13731 1048 14087
1048 13731 14087
13351 7451 10210
10210 7451 13351
7451 10210 13351
11389 13516 14990
13516 11389 14990
14990 11389 13516
9554 8246 9169
9169 8246 9554
8246 9169 9554
3595 8096 9287
8096 3595 9287
9287 3595 8096
9364 8245 14780
8245 9364 14780
14780 8245 9364
690 8954 14493
8954 690 14493
14493 690 8954
5548 7745 14798
7745 5548 14798
14798 5548 7745
4954 10166 10309
10309 4954 10166
10166 4954 10309
6003 1836 6764
1836 6003 6764
6764 1836 6003
4828 8104 12013
12013 4828 8104
8104 4828 12013
5704 2770 5141
5141 2770 5704
2770 5141 5704
1429 3472 9087
9087 1429 3472
3472 1429 9087
7372 12183 14703
12183 7372 14703
14703 7372 12183
2322 1413 5345
5345 1413 2322
1413 2322 5345
12532 3998 10769
10769 3998 12532
3998 10769 12532
7830 2888 13182
2888 7830 13182
13182 2888 7830
3230 9457 13915
9457 3230 13915
13915 3230 9457
12869 8937 11543
8937 11543 12869
11543 8937 12869
3239 8676 8677
8676 3239 8677
8677 3239 8676
7547 2084 6782
2084 6782 7547
6782 2084 7547
14987 2977 14209
2977 14209 14987
14209 2977 14987
11497 4533 10437
4533 10437 11497
10437 4533 11497
11502 3356 5191
5191 3356 11502
3356 5191 11502
8987 5658 9424
5658 8987 9424
9424 5658 8987
13395 714 12944
714 12944 13395
12944 714 13395
3019 1405 13457
1405 3019 13457
13457 1405 3019
906 11604 12455
11604 906 12455
12455 906 11604
10568 3674 6071
3674 6071 10568
6071 3674 10568
14993 4798 10478
10478 4798 14993
4798 10478 14993
2098 116 7426
7426 116 2098
116 2098 7426
7054 10716 13970
10716 7054 13970
13970 7054 10716
10623 10933 11285
11285 10623 10933
10933 10623 11285
7586 5387 6651
6651 5387 7586
5387 6651 7586
2551 5076 8041
5076 2551 8041
8041 2551 5076
5625 5611 14824
14824 5611 5625
5611 5625 14824
13242 4001 9985
4001 9985 13242
9985 4001 13242
8030 4711 6293
4711 6293 8030
6293 4711 8030
3693 2383 3248
3248 2383 3693
2383 3248 3693
9090 4390 13183
4390 9090 13183
13183 4390 9090
12441 5216 6998
6998 5216 12441
5216 6998 12441
3790 135 14465
14465 135 3790
135 3790 14465
5781 493 11323
493 5781 11323
11323 493 5781
7802 5885 11101
11101 5885 7802
5885 7802 11101
1822 269 1246
1246 269 1822
269 1246 1822
6013 3484 5682
3484 5682 6013
5682 3484 6013
8753 6166 7999
6166 7999 8753
7999 6166 8753
13003 4942 9956
9956 4942 13003
4942 9956 13003
7299 528 6055
6055 528 7299
528 6055 7299
13960 9183 11955
11955 9183 13960
9183 11955 13960
5059 1020 7478
7478 1020 5059
1020 5059 7478
1586 3338 4793
3338 1586 4793
4793 1586 3338
8313 11262 12582
12582 8313 11262
11262 8313 12582
7688 2181 12198
2181 7688 12198
12198 2181 7688
956 10831 14708
10831 956 14708
14708 956 10831
13417 9300 9580
9300 9580 13417
9580 9300 13417
7374 6302 9750
6302 7374 9750
9750 6302 7374
7839 9809 13465
9809 7839 13465
13465 7839 9809
9320 5798 12271
5798 9320 12271
12271 5798 9320
3783 7341 11443
7341 3783 11443
11443 3783 7341
10305 766 3660
3660 766 10305
766 3660 10305
7303 2865 4451
2865 4451 7303
4451 2865 7303
13583 6824 7888
6824 7888 13583
7888 6824 13583
12948 1928 11074
1928 11074 12948
11074 1928 12948
11926 8024 13126
13126 8024 11926
8024 11926 13126
13195 311 14721
14721 311 13195
311 13195 14721
10908 4692 5174
4692 5174 10908
5174 4692 10908
2522 12679 12892
12679 2522 12892
12892 2522 12679
1508 7903 13074
13074 1508 7903
7903 1508 13074
9909 8707 11589
11589 8707 9909
8707 9909 11589
3491 6010 11135
6010 3491 11135
11135 3491 6010
8514 7204 8107
8107 7204 8514
7204 8107 8514
2209 5253 10680
5253 2209 10680
10680 2209 5253
8048 2025 6181
6181 2025 8048
2025 6181 8048
4804 14240 14866
14866 4804 14240
14240 4804 14866
14016 13264 13479
13264 13479 14016
13479 13264 14016
8036 4296 13180
13180 4296 8036
4296 8036 13180
2270 8873 14407
14407 2270 8873
8873 2270 14407
4474 6787 11351
11351 4474 6787
6787 4474 11351
811 10486 11247
10486 811 11247
11247 811 10486
12676 5323 6517
6517 5323 12676
5323 6517 12676
14574 6371 7115
6371 7115 14574
7115 6371 14574
301 2624 10644
10644 301 2624
2624 301 10644
266 1580 11842
11842 266 1580
1580 266 11842
10614 9514 9557
9514 9557 10614
9557 9514 10614
14175 2031 2381
2381 2031 14175
2031 2381 14175
8373 10294 10844
10844 8373 10294
10294 8373 10844
7015 1906 13079
1906 7015 13079
13079 1906 7015
13256 4615 9896
9896 4615 13256
4615 9896 13256
2201 4052 14348
4052 2201 14348
14348 2201 4052
14505 3621 11329
3621 11329 14505
11329 3621 14505
8787 9257 13914
13914 8787 9257
9257 8787 13914
11968 4938 14502
14502 4938 11968
4938 11968 14502
12459 4374 7732
4374 7732 12459
7732 4374 12459
13510 677 10887
10887 677 13510
677 10887 13510
8988 1472 10943
1472 8988 10943
10943 1472 8988
11438 3600 11526
11526 3600 11438
3600 11438 11526
2913 6520 12054
6520 2913 12054
12054 2913 6520
1816 2878 6984
2878 1816 6984
6984 1816 2878
1476 5014 8271
5014 1476 8271
8271 1476 5014
1636 3149 13041
3149 1636 13041
13041 1636 3149
2932 1371 14379
14379 1371 2932
1371 2932 14379
9498 7629 10909
7629 9498 10909
10909 7629 9498
11325 5790 12615
5790 11325 12615
12615 5790 11325
6949 6473 9348
9348 6473 6949
6473 6949 9348
8436 7181 8155
7181 8155 8436
8155 7181 8436
6478 10593 13432
13432 6478 10593
10593 6478 13432
8494 11395 13688
13688 8494 11395
11395 8494 13688
10782 4848 11837
11837 4848 10782
4848 10782 11837
9540 3927 11727
3927 9540 11727
11727 3927 9540
877 6197 14285
14285 877 6197
6197 877 14285
4746 11184 13335
13335 4746 11184
11184 4746 13335
1767 1456 2874
1456 1767 2874
2874 1456 1767
4189 5173 14779
14779 4189 5173
5173 4189 14779
9830 7269 9067
7269 9067 9830
9067 7269 9830
8612 7312 10075
10075 7312 8612
7312 8612 10075
9355 614 13109
13109 614 9355
614 9355 13109
5750 789 1293
1293 789 5750
789 1293 5750
6030 3867 6890
3867 6030 6890
6890 3867 6030
13952 7232 10018
7232 10018 13952
10018 7232 13952
12328 11086 14628
11086 12328 14628
14628 11086 12328
13635 5743 13069
13069 5743 13635
5743 13069 13635
336 1937 3546
3546 336 1937
1937 336 3546
4937 11979 12074
11979 4937 12074
12074 4937 11979
11525 843 12474
12474 843 11525
843 11525 12474
7715 8640 12287
12287 7715 8640
8640 7715 12287
6538 10012 11805
10012 6538 11805
11805 6538 10012
8899 2203 14091
14091 2203 8899
2203 8899 14091
8968 4733 11372
4733 8968 11372
11372 4733 8968
7559 6556 9563
9563 6556 7559
6556 7559 9563
14269 8211 9486
8211 9486 14269
9486 8211 14269
8858 946 8821
8821 946 8858
946 8821 8858
14086 1968 9932
1968 9932 14086
9932 1968 14086
8001 319 3900
3900 319 8001
319 3900 8001
7598 5063 6354
5063 6354 7598
6354 5063 7598
12777 6618 11421
11421 6618 12777
6618 11421 12777
349 3359 11999
3359 349 11999
11999 349 3359
8799 6698 13179
13179 6698 8799
6698 8799 13179
12604 102 236
102 236 12604
236 102 12604
4914 13918 14390
13918 4914 14390
14390 4914 13918
13205 420 9579
9579 420 13205
420 9579 13205
10816 1485 5092
5092 1485 10816
1485 5092 10816
3221 1014 13132
1014 3221 13132
13132 1014 3221
118 3235 12063
12063 118 3235
3235 118 12063
8725 1177 5482
1177 5482 8725
5482 1177 8725
10192 2226 7736
2226 7736 10192
7736 2226 10192
423 7100 9826
7100 423 9826
9826 423 7100
9016 4386 14258
14258 4386 9016
4386 9016 14258
6203 1591 14457
14457 1591 6203
1591 6203 14457
12445 1867 1960
1960 1867 12445
1867 1960 12445
5609 4400 9612
4400 5609 9612
9612 4400 5609
5413 3234 13406
13406 3234 5413
3234 5413 13406
11233 4044 7860
4044 7860 11233
7860 4044 11233
2157 5513 9871
5513 2157 9871
9871 2157 5513
2312 7265 7404
7265 2312 7404
7404 2312 7265
9695 1825 11763
1825 9695 11763
11763 1825 9695
8649 12351 14298
12351 8649 14298
14298 8649 12351
11677 673 687
673 687 11677
687 673 11677
7596 5044 7137
5044 7137 7596
7137 5044 7596
978 10274 12867
12867 978 10274
10274 978 12867
12116 7631 10167
10167 7631 12116
7631 10167 12116
6280 8582 14278
8582 6280 14278
14278 6280 8582
5052 13153 14568
14568 5052 13153
13153 5052 14568
7714 3468 6359
3468 6359 7714
6359 3468 7714
6412 701 10092
701 6412 10092
10092 701 6412
9141 9550 13347
13347 9141 9550
9550 9141 13347
3409 7293 9101
9101 3409 7293
7293 3409 9101
6298 74 5948
5948 74 6298
74 5948 6298
14507 300 8467
8467 300 14507
300 8467 14507
3772 2252 11400
11400 2252 3772
2252 3772 11400
6333 4850 9562
9562 4850 6333
4850 6333 9562
4211 4203 11490
11490 4203 4211
4203 4211 11490
4270 6833 12210
12210 4270 6833
6833 4270 12210
14150 1812 10735
10735 1812 14150
1812 10735 14150
5925 7619 10778
10778 5925 7619
7619 5925 10778
4576 4995 10997
4995 4576 10997
10997 4576 4995
1438 6190 13289
6190 1438 13289
13289 1438 6190
3628 2186 8089
8089 2186 3628
2186 3628 8089
7883 3474 6176
3474 6176 7883
6176 3474 7883
6183 40 8965
8965 40 6183
40 6183 8965
2277 1032 3579
3579 1032 2277
1032 2277 3579
173 6575 9291
9291 173 6575
6575 173 9291
7198 2430 7668
7668 2430 7198
2430 7198 7668
10574 158 8438
8438 158 10574
158 8438 10574
2495 3214 7943
3214 2495 7943
7943 2495 3214
7186 4588 6739
4588 6739 7186
6739 4588 7186
8756 13795 13887
13887 8756 13795
13795 8756 13887
2553 579 12682
12682 579 2553
579 2553 12682
2780 1790 12951
12951 1790 2780
1790 2780 12951
12651 3178 12750
12750 3178 12651
3178 12651 12750
1233 2709 10809
10809 1233 2709
2709 1233 10809
5170 13040 14950
14950 5170 13040
13040 5170 14950
4817 4121 11001
11001 4121 4817
4121 4817 11001
8177 4820 13693
4820 8177 13693
13693 4820 8177
13986 948 4528
948 4528 13986
4528 948 13986
8527 147 11254
11254 147 8527
147 8527 11254
6258 7161 14932
7161 6258 14932
14932 6258 7161
7663 1066 10016
10016 1066 7663
1066 7663 10016
27 1220 12212
12212 27 1220
1220 27 12212
615 11875 14790
14790 615 11875
11875 615 14790
8321 3466 14968
14968 3466 8321
3466 8321 14968
13081 2426 5977
5977 2426 13081
2426 5977 13081
4883 1355 9098
1355 4883 9098
9098 1355 4883
5440 10622 13779
10622 5440 13779
13779 5440 10622
3943 4249 14054
4249 3943 14054
14054 3943 4249
14341 2375 14466
14466 2375 14341
2375 14341 14466
13317 3275 9995
9995 3275 13317
3275 9995 13317
13087 686 11575
11575 686 13087
686 11575 13087
354 8896 9698
9698 354 8896
8896 354 9698
1914 8702 12004
8702 1914 12004
12004 1914 8702
1059 7319 12088
7319 1059 12088
12088 1059 7319
11344 598 14250
598 11344 14250
14250 598 11344
8200 51 10233
10233 51 8200
51 8200 10233
3857 4753 12503
4753 3857 12503
12503 3857 4753
10109 359 9904
359 9904 10109
9904 359 10109
11888 10793 14763
14763 10793 11888
10793 11888 14763
10173 9197 9936
9197 9936 10173
9936 9197 10173
551 4740 8121
8121 551 4740
4740 551 8121
11797 6935 7585
7585 6935 11797
6935 7585 11797
1633 7482 13106
13106 1633 7482
7482 1633 13106
14863 5349 13209
5349 13209 14863
13209 5349 14863
14823 177 12255
12255 177 14823
177 12255 14823
951 2223 2509
2509 951 2223
2223 951 2509
7584 14011 14027
14011 7584 14027
14027 7584 14011
4961 5136 5494
5494 4961 5136
5136 4961 5494
2377 11649 12700
12700 2377 11649
11649 2377 12700
3925 8354 10418
10418 3925 8354
8354 3925 10418
13110 3189 5485
5485 3189 13110
3189 5485 13110
11288 11874 12758
12758 11288 11874
11874 11288 12758
13671 5149 12034
5149 12034 13671
12034 5149 13671
14605 5989 13641
13641 5989 14605
5989 13641 14605
2497 7408 13166
13166 2497 7408
7408 2497 13166
2388 9082 14462
9082 2388 14462
14462 2388 9082
4590 6393 11300
6393 4590 11300
11300 4590 6393
8119 3669 6271
3669 6271 8119
6271 3669 8119
1295 5155 8454
5155 1295 8454
8454 1295 5155
11861 3095 8152
8152 3095 11861
3095 8152 11861
3930 2872 6068
2872 3930 6068
6068 2872 3930
491 2405 8182
8182 491 2405
2405 491 8182
13391 1726 9072
9072 1726 13391
1726 9072 13391
13514 3501 5786
3501 5786 13514
5786 3501 13514
10071 851 13902
851 10071 13902
13902 851 10071
2235 14287 14754
14754 2235 14287
14287 2235 14754
4826 519 3303
3303 519 4826
519 3303 4826
14875 4248 6901
4248 6901 14875
6901 4248 14875
2105 1491 14809
14809 1491 2105
1491 2105 14809
6678 2056 14431
2056 6678 14431
14431 2056 6678
7290 2231 7231
2231 7231 7290
7231 2231 7290
9432 1581 14902
14902 1581 9432
1581 9432 14902
3798 13352 14115
14115 3798 13352
13352 3798 14115
13753 10810 13965
10810 13753 13965
13965 10810 13753
14513 3360 11563
3360 11563 14513
11563 3360 14513
9038 12683 13327
13327 9038 12683
12683 9038 13327
13071 6076 12470
12470 6076 13071
6076 12470 13071
7570 9859 13202
13202 7570 9859
9859 7570 13202
8691 1153 3487
1153 3487 8691
3487 1153 8691
6021 7678 11456
11456 6021 7678
7678 6021 11456
2852 5887 7229
7229 2852 5887
5887 2852 7229
8025 14799 14920
14799 8025 14920
14920 8025 14799
12555 7778 12364
7778 12364 12555
12364 7778 12555
142 5874 10765
10765 142 5874
5874 142 10765
1050 5729 7147
7147 1050 5729
5729 1050 7147
9404 1512 13357
13357 1512 9404
1512 9404 13357
4894 5762 8586
8586 4894 5762
5762 4894 8586
5893 228 7853
7853 228 5893
228 5893 7853
2675 13213 14839
14839 2675 13213
13213 2675 14839
8393 5943 11025
11025 5943 8393
5943 8393 11025
12324 5404 14136
5404 12324 14136
14136 5404 12324
10260 5659 11292
11292 5659 10260
5659 10260 11292
12309 4094 12836
4094 12309 12836
12836 4094 12309
7377 9436 12237
12237 7377 9436
9436 7377 12237
1240 9036 11272
11272 1240 9036
9036 1240 11272
8037 1717 5955
5955 1717 8037
1717 5955 8037
12573 3578 6944
6944 3578 12573
3578 6944 12573
7900 10886 13062
13062 7900 10886
10886 7900 13062
13145 1869 11852
1869 11852 13145
11852 1869 13145
13253 13574 14482
13574 13253 14482
14482 13253 13574
8554 9079 9665
9665 8554 9079
9079 8554 9665
4495 810 8555
8555 810 4495
810 4495 8555
12157 6686 12624
12624 6686 12157
6686 12157 12624
4264 648 7869
648 4264 7869
7869 648 4264
13187 1186 2769
2769 1186 13187
1186 2769 13187
13678 3890 4620
3890 4620 13678
4620 3890 13678
5806 2473 8575
8575 2473 5806
2473 5806 8575
6421 720 7448
720 6421 7448
7448 720 6421
10321 1187 7255
1187 7255 10321
7255 1187 10321
2953 3547 7453
7453 2953 3547
3547 2953 7453
10220 2286 9258
9258 2286 10220
2286 9258 10220
6005 1302 7934
7934 1302 6005
1302 6005 7934
7064 8395 9062
9062 7064 8395
8395 7064 9062
1504 5140 12193
5140 1504 12193
12193 1504 5140
11301 10977 13474
13474 10977 11301
10977 11301 13474
10384 7119 11944
7119 10384 11944
11944 7119 10384
3947 1708 11463
11463 1708 3947
1708 3947 11463
3190 5882 9358
5882 3190 9358
9358 3190 5882
8404 3174 3289
3289 3174 8404
3174 3289 8404
9309 1827 11228
1827 9309 11228
11228 1827 9309
7435 4177 7831
7831 4177 7435
4177 7435 7831
11726 9604 11557
11557 9604 11726
9604 11557 11726
7632 968 12793
12793 968 7632
968 7632 12793
6891 6708 8704
6708 6891 8704
8704 6708 6891
3686 3555 9229
3555 3686 9229
9229 3555 3686
6162 1096 14473
1096 6162 14473
14473 1096 6162
11279 2121 12966
2121 11279 12966
12966 2121 11279
14926 6276 9023
9023 6276 14926
6276 9023 14926
9494 11396 11644
11644 9494 11396
11396 9494 11644
1598 2681 3828
2681 1598 3828
3828 1598 2681
13910 7535 10495
7535 10495 13910
10495 7535 13910
3667 3162 4563
3162 3667 4563
4563 3162 3667
12666 1380 3737
3737 1380 12666
1380 3737 12666
5653 7875 9330
7875 5653 9330
9330 5653 7875
191 12832 14554
12832 191 14554
14554 191 12832
3703 4216 11033
4216 3703 11033
11033 3703 4216
2143 2982 6460
2982 2143 6460
6460 2143 2982
7713 2135 8088
8088 2135 7713
2135 7713 8088
12848 7759 12985
7759 12848 12985
12985 7759 12848
3054 970 1600
1600 970 3054
970 1600 3054
145 3194 11582
11582 145 3194
3194 145 11582
4166 4393 7080
7080 4166 4393
4393 4166 7080
10973 5217 12480
12480 5217 10973
5217 10973 12480
13127 24 835
835 24 13127
24 835 13127
11893 8835 10336
8835 10336 11893
10336 8835 11893
5116 6476 13302
6476 5116 13302
13302 5116 6476
2205 5496 11278
5496 2205 11278
11278 2205 5496
5911 12626 14558
12626 5911 14558
14558 5911 12626
3759 8130 10056
10056 3759 8130
8130 3759 10056
5024 5742 6712
5742 5024 6712
6712 5024 5742
1536 6889 10798
6889 1536 10798
10798 1536 6889
3120 2803 13807
13807 2803 3120
2803 3120 13807
12060 2409 5263
2409 5263 12060
5263 2409 12060
2417 3846 9940
9940 2417 3846
3846 2417 9940
1374 412 937
937 412 1374
412 937 1374
5940 377 8406
377 5940 8406
8406 377 5940
12360 11478 14326
11478 12360 14326
14326 11478 12360
13538 252 1876
1876 252 13538
252 1876 13538
9415 3274 10314
3274 9415 10314
10314 3274 9415
14472 1478 9302
9302 1478 14472
1478 9302 14472
3954 10207 11796
11796 3954 10207
10207 3954 11796
10762 1528 8688
1528 8688 10762
8688 1528 10762
13483 5038 9691
5038 9691 13483
9691 5038 13483
5799 8534 14978
8534 5799 14978
14978 5799 8534
2839 4871 5768
5768 2839 4871
4871 2839 5768
12882 7543 7812
7812 7543 12882
7543 7812 12882
11520 6874 10436
10436 6874 11520
6874 10436 11520
3918 8459 11009
11009 3918 8459
8459 3918 11009
8331 6448 11996
6448 8331 11996
11996 6448 8331
6772 1335 4844
4844 1335 6772
1335 4844 6772
1994 2116 3599
3599 1994 2116
2116 1994 3599
11457 310 9742
9742 310 11457
310 9742 11457
9627 9335 11156
11156 9335 9627
9335 9627 11156
9957 6384 8853
6384 8853 9957
8853 6384 9957
4475 1638 7624
7624 1638 4475
1638 4475 7624
14684 11489 14576
11489 14576 14684
14576 11489 14684
8227 14311 14777
14777 8227 14311
14311 8227 14777
12639 4992 6452
4992 6452 12639
6452 4992 12639
6324 1043 14652
1043 6324 14652
14652 1043 6324
13990 564 13633
13633 564 13990
564 13633 13990
13092 4260 6659
6659 4260 13092
4260 6659 13092
5419 10870 12192
12192 5419 10870
10870 5419 12192
12346 2326 8778
8778 2326 12346
2326 8778 12346
11657 3396 9290
9290 3396 11657
3396 9290 11657
12231 2762 3653
2762 3653 12231
3653 2762 12231
339 791 5797
791 339 5797
5797 339 791
5435 9482 13573
9482 5435 13573
13573 5435 9482
3416 10291 10444
10291 3416 10444
10444 3416 10291
4529 1685 11198
11198 1685 4529
1685 4529 11198
1779 2628 11434
2628 1779 11434
11434 1779 2628
6731 740 1354
740 1354 6731
1354 740 6731
2894 1613 2332
2332 1613 2894
1613 2332 2894
5952 7486 14740
7486 5952 14740
14740 5952 7486
11703 1915 5916
1915 5916 11703
5916 1915 11703
9297 1136 4443
1136 4443 9297
4443 1136 9297
8978 2439 13459
2439 8978 13459
13459 2439 8978
11097 6536 12429
6536 11097 12429
12429 6536 11097
10468 6547 14141
14141 6547 10468
6547 10468 14141
1759 7171 8022
7171 1759 8022
8022 1759 7171
5366 1732 9041
9041 1732 5366
1732 5366 9041
14238 1936 2036
2036 1936 14238
1936 2036 14238
3821 8060 10395
10395 3821 8060
8060 3821 10395
4585 2318 7251
7251 2318 4585
2318 4585 7251
9951 4040 8212
4040 8212 9951
8212 4040 9951
6855 4602 4671
4671 4602 6855
4602 4671 6855
11348 10198 11070
11070 10198 11348
10198 11070 11348
7034 6423 12297
12297 6423 7034
6423 7034 12297
9798 13542 13741
13741 9798 13542
13542 9798 13741
12607 362 13869
362 12607 13869
13869 362 12607
14378 7364 8269
7364 8269 14378
8269 7364 14378
7618 2694 14604
14604 2694 7618
2694 7618 14604
11476 13076 14821
14821 11476 13076
13076 11476 14821
9225 10262 13022
10262 9225 13022
13022 9225 10262
6118 1309 9032
1309 6118 9032
9032 1309 6118
7647 10118 11743
11743 7647 10118
10118 7647 11743
12027 5379 5810
5379 5810 12027
5810 5379 12027
8087 7675 12162
12162 7675 8087
7675 8087 12162
13610 3276 14242
14242 3276 13610
3276 13610 14242
12383 2198 12681
2198 12383 12681
12681 2198 12383
7967 11100 13027
11100 7967 13027
13027 7967 11100
3413 229 5378
229 3413 5378
5378 229 3413
13982 10498 13776
10498 13776 13982
13776 10498 13982
13314 7022 13884
13884 7022 13314
7022 13314 13884
7338 8195 9624
9624 7338 8195
8195 7338 9624
14608 1474 13670
1474 13670 14608
13670 1474 14608
467 7399 10967
7399 467 10967
10967 467 7399
3795 5320 10423
10423 3795 5320
5320 3795 10423
7419 5617 13537
5617 7419 13537
13537 5617 7419
4639 8166 8606
8606 4639 8166
8166 4639 8606
2002 4425 5841
5841 2002 4425
4425 2002 5841
1690 9394 11734
9394 1690 11734
11734 1690 9394
10703 7153 7951
7951 7153 10703
7153 7951 10703
11762 8298 10874
10874 8298 11762
8298 10874 11762
8440 10666 12449
12449 8440 10666
10666 8440 12449
12080 296 13154
13154 296 12080
296 12080 13154
6674 5660 6219
5660 6219 6674
6219 5660 6674
10300 5644 9714
5644 9714 10300
9714 5644 10300
9104 2684 9359
2684 9104 9359
9359 2684 9104
418 3285 5946
3285 418 5946
5946 418 3285
14356 2437 14655
14655 2437 14356
2437 14356 14655
9656 6975 12473
12473 6975 9656
6975 9656 12473
8018 13380 13409
13409 8018 13380
13380 8018 13409
13495 1253 2167
1253 2167 13495
2167 1253 13495
9268 2889 12593
2889 9268 12593
12593 2889 9268
8867 8985 11804
8985 8867 11804
11804 8867 8985
3751 7689 13906
7689 3751 13906
13906 3751 7689
7525 9157 12009
12009 7525 9157
9157 7525 12009
1362 9959 10179
10179 1362 9959
9959 1362 10179
1553 7121 12597
12597 1553 7121
7121 1553 12597
7917 2125 5836
2125 5836 7917
5836 2125 7917
13937 7083 11622
11622 7083 13937
7083 11622 13937
4845 653 5019
5019 653 4845
653 4845 5019
125 7025 10803
10803 125 7025
7025 125 10803
13814 7172 12432
7172 12432 13814
12432 7172 13814
13189 546 12502
546 12502 13189
12502 546 13189
3874 679 5788
679 3874 5788
5788 679 3874
562 3942 8910
8910 562 3942
3942 562 8910
8247 6733 14601
14601 6733 8247
6733 8247 14601
11129 1594 2519
1594 2519 11129
2519 1594 11129
1025 4316 7273
4316 1025 7273
7273 1025 4316
7520 2374 12046
2374 7520 12046
12046 2374 7520
6831 5667 12674
5667 6831 12674
12674 5667 6831
8936 4498 12038
12038 4498 8936
4498 8936 12038
2162 2188 3815
3815 2162 2188
2188 2162 3815
8528 5825 14908
14908 5825 8528
5825 8528 14908
1316 609 2775
2775 609 1316
609 1316 2775
376 6519 12909
6519 376 12909
12909 376 6519
11891 8519 14817
8519 11891 14817
14817 8519 11891
512 11827 13711
13711 512 11827
11827 512 13711
743 5394 7143
5394 743 7143
7143 743 5394
6290 3892 5684
5684 3892 6290
3892 5684 6290
4351 5239 9499
9499 4351 5239
5239 4351 9499
13605 2882 9605
2882 9605 13605
9605 2882 13605
12440 8407 13407
13407 8407 12440
8407 12440 13407
8963 10364 13356
13356 8963 10364
10364 8963 13356
14190 3323 10017
10017 3323 14190
3323 10017 14190
10776 3586 4124
3586 4124 10776
4124 3586 10776
9898 3156 13405
13405 3156 9898
3156 9898 13405
7030 2602 7515
2602 7030 7515
7515 2602 7030
469 8486 13655
8486 469 13655
13655 469 8486
10611 230 10180
230 10180 10611
10180 230 10611
1521 738 13488
738 1521 13488
13488 738 1521
4580 5164 8489
8489 4580 5164
5164 4580 8489
5150 1404 2276
2276 1404 5150
1404 2276 5150
10250 1431 6483
6483 1431 10250
1431 6483 10250
4677 5838 12628
12628 4677 5838
5838 4677 12628
4016 5813 11170
11170 4016 5813
5813 4016 11170
7971 2462 9795
2462 7971 9795
9795 2462 7971
4427 1310 1373
1373 1310 4427
1310 1373 4427
2292 7460 11138
11138 2292 7460
7460 2292 11138
5656 3279 12443
12443 3279 5656
3279 5656 12443
4175 10565 11588
10565 4175 11588
11588 4175 10565
7104 856 5531
856 5531 7104
5531 856 7104
13747 7128 11823
7128 11823 13747
11823 7128 13747
1398 3672 8304
8304 1398 3672
3672 1398 8304
2371 5451 14955
14955 2371 5451
5451 2371 14955
1275 5652 14776
5652 1275 14776
14776 1275 5652
10161 3984 6692
6692 3984 10161
3984 6692 10161
12037 382 1541
382 1541 12037
1541 382 12037
2692 9001 10073
9001 2692 10073
10073 2692 9001
2825 2010 13237
13237 2010 2825
2010 2825 13237
10975 2378 12729
2378 10975 12729
12729 2378 10975
10581 6909 13957
13957 6909 10581
6909 10581 13957
1524 5990 14948
14948 1524 5990
5990 1524 14948
12695 4975 9389
9389 4975 12695
4975 9389 12695
7142 6437 12507
12507 6437 7142
6437 7142 12507
7339 4401 4621
4401 4621 7339
4621 4401 7339
3400 490 11133
490 3400 11133
11133 490 3400
8257 5495 9725
9725 5495 8257
5495 8257 9725
6576 5056 11356
11356 5056 6576
5056 6576 11356
12102 4144 10709
4144 10709 12102
10709 4144 12102
14364 9546 10440
10440 9546 14364
9546 10440 14364
5530 4134 12862
4134 5530 12862
12862 4134 5530
4685 4300 4599
4599 4300 4685
4300 4599 4685
9588 3728 7459
3728 7459 9588
7459 3728 9588
10861 1605 13191
1605 10861 13191
13191 1605 10861
4293 7794 10770
10770 4293 7794
7794 4293 10770
8634 2109 5317
5317 2109 8634
2109 5317 8634
6809 5371 7686
7686 5371 6809
5371 6809 7686
1132 793 10074
793 1132 10074
10074 793 1132
7434 1031 14248
14248 1031 7434
1031 7434 14248
3842 4800 6424
4800 3842 6424
6424 3842 4800
10829 7241 13218
7241 10829 13218
13218 7241 10829
9943 3651 10006
3651 9943 10006
10006 3651 9943
14774 2328 11981
11981 2328 14774
2328 11981 14774
13354 2788 4003
2788 4003 13354
4003 2788 13354
14281 1183 11901
1183 11901 14281
11901 1183 14281
5612 5984 6292
6292 5612 5984
5984 5612 6292
12708 3792 9478
3792 9478 12708
9478 3792 12708
2626 10201 14906
14906 2626 10201
10201 2626 14906
13936 3030 6736
3030 6736 13936
6736 3030 13936
14530 555 6699
555 6699 14530
6699 555 14530
6858 1975 13548
13548 1975 6858
1975 6858 13548
5021 630 1308
1308 630 5021
630 1308 5021
12898 6401 11024
6401 11024 12898
11024 6401 12898
9768 5774 11815
5774 9768 11815
11815 5774 9768
879 7469 10648
10648 879 7469
7469 879 10648
8183 3222 14796
14796 3222 8183
3222 8183 14796
3305 6868 6882
6868 3305 6882
6882 3305 6868
10316 5666 8318
5666 8318 10316
8318 5666 10316
14552 5607 8655
5607 8655 14552
8655 5607 14552
5865 7497 13484
13484 5865 7497
7497 5865 13484
5835 8229 9328
9328 5835 8229
8229 5835 9328
11967 10724 12422
12422 10724 11967
10724 11967 12422
13146 5814 8761
8761 5814 13146
5814 8761 13146
10302 4927 9754
9754 4927 10302
4927 9754 10302
3299 3386 13917
13917 3299 3386
3386 3299 13917
14621 3059 3980
3980 3059 14621
3059 3980 14621
4579 12668 14526
12668 4579 14526
14526 4579 12668
1427 6443 14487
6443 1427 14487
14487 1427 6443
1148 458 1382
1382 458 1148
458 1148 1382
10868 10046 12423
10046 10868 12423
12423 10046 10868
14805 958 6643
958 6643 14805
6643 958 14805
13477 2633 3655
2633 3655 13477
3655 2633 13477
991 10815 12954
10815 991 12954
12954 991 10815
567 14451 14521
14521 567 14451
14451 567 14521
4082 4707 5446
5446 4082 4707
4707 4082 5446
14848 684 6929
6929 684 14848
684 6929 14848
1673 8358 14090
14090 1673 8358
8358 1673 14090
2480 9659 12857
12857 2480 9659
9659 2480 12857
14103 3200 12148
12148 3200 14103
3200 12148 14103
7752 2606 8580
2606 7752 8580
8580 2606 7752
5914 1770 9532
1770 5914 9532
9532 1770 5914
5470 9897 10944
9897 5470 10944
10944 5470 9897
9992 9522 9621
9621 9522 9992
9522 9621 9992
593 8523 14007
8523 593 14007
14007 593 8523
4863 11863 13722
11863 4863 13722
13722 4863 11863
3436 7382 11550
11550 3436 7382
7382 3436 11550
4057 8067 11105
11105 4057 8067
8067 4057 11105
1274 4304 8498
8498 1274 4304
4304 1274 8498
1780 4656 11850
4656 1780 11850
11850 1780 4656
9766 3476 11542
11542 3476 9766
3476 9766 11542
14828 2868 9008
2868 9008 14828
9008 2868 14828
10002 8754 9303
9303 8754 10002
8754 9303 10002
10584 516 1871
1871 516 10584
516 1871 10584
8244 261 6034
6034 261 8244
261 6034 8244
591 12781 14764
14764 591 12781
12781 591 14764
9481 4056 4987
4987 4056 9481
4056 4987 9481
985 5634 12939
5634 985 12939
12939 985 5634
12975 2640 11360
2640 11360 12975
11360 2640 12975
6987 2424 14660
2424 6987 14660
14660 2424 6987
7623 9113 11527
9113 7623 11527
11527 7623 9113
5282 4759 8220
4759 5282 8220
8220 4759 5282
526 6932 11011
6932 526 11011
11011 526 6932
10556 5302 7337
5302 7337 10556
7337 5302 10556
13923 9253 11468
9253 11468 13923
11468 9253 13923
5493 1422 2474
2474 1422 5493
1422 2474 5493
14945 6992 12223
12223 6992 14945
6992 12223 14945
14041 1436 11828
1436 11828 14041
11828 1436 14041
3608 353 3619
353 3608 3619
3619 353 3608
9513 2411 6167
2411 6167 9513
6167 2411 9513
12166 6210 8642
8642 6210 12166
6210 8642 12166
7803 5048 11980
5048 7803 11980
11980 5048 7803
11991 1901 3486
1901 3486 11991
3486 1901 11991
4266 6277 11352
6277 4266 11352
11352 4266 6277
7878 5867 7450
5867 7450 7878
7450 5867 7878
7298 1925 9796
1925 7298 9796
9796 1925 7298
6286 6845 8470
6845 6286 8470
8470 6286 6845
10112 7479 12097
7479 10112 12097
12097 7479 10112
6679 4334 5816
4334 5816 6679
5816 4334 6679
8479 9797 10337
9797 8479 10337
10337 8479 9797
6228 9632 12642
9632 6228 12642
12642 6228 9632
1437 2338 4127
2338 1437 4127
4127 1437 2338
10091 7045 12014
12014 7045 10091
7045 10091 12014
2536 6513 11552
6513 2536 11552
11552 2536 6513
12123 8205 13054
13054 8205 12123
8205 12123 13054
12921 5689 5979
5979 5689 12921
5689 5979 12921
3333 2418 5924
2418 3333 5924
5924 2418 3333
3923 12654 13404
13404 3923 12654
12654 3923 13404
14410 1531 1569
1569 1531 14410
1531 1569 14410
1985 1637 11408
1637 1985 11408
11408 1637 1985
10381 1184 12522
12522 1184 10381
1184 10381 12522
3186 11077 12103
12103 3186 11077
11077 3186 12103
5271 3685 12852
3685 5271 12852
12852 3685 5271
14508 6783 15000
15000 6783 14508
6783 14508 15000
10865 3938 14534
3938 10865 14534
14534 3938 10865
1342 6924 7333
6924 1342 7333
7333 1342 6924
12816 3983 14727
14727 3983 12816
3983 12816 14727
9094 8568 8782
8568 8782 9094
8782 8568 9094
5449 1393 2618
1393 2618 5449
2618 1393 5449
11774 8086 12040
12040 8086 11774
8086 11774 12040
510 1576 7263
1576 510 7263
7263 510 1576
7387 2273 8392
8392 2273 7387
2273 7387 8392
13114 4151 8311
4151 8311 13114
8311 4151 13114
7108 5182 7093
7093 5182 7108
5182 7093 7108
5428 5227 11952
5227 5428 11952
11952 5227 5428
4308 2392 5599
5599 2392 4308
2392 4308 5599
11857 2914 4581
4581 2914 11857
2914 4581 11857
12567 4378 7340
4378 7340 12567
7340 4378 12567
13047 1731 6266
6266 1731 13047
1731 6266 13047
6847 748 2444
2444 748 6847
748 2444 6847
7495 9565 14174
14174 7495 9565
9565 7495 14174
1866 712 9771
712 1866 9771
9771 712 1866
8684 5780 10371
5780 8684 10371
10371 5780 8684
14370 5114 12865
12865 5114 14370
5114 12865 14370
6735 1792 13890
1792 6735 13890
13890 1792 6735
2931 668 1379
1379 668 2931
668 1379 2931
8956 5073 12365
12365 5073 8956
5073 8956 12365
1097 8687 14596
14596 1097 8687
8687 1097 14596
786 9350 12726
9350 786 12726
12726 786 9350
4604 9401 13560
9401 4604 13560
13560 4604 9401
14570 358 12329
358 12329 14570
12329 358 14570
3936 3392 8449
8449 3392 3936
3392 3936 8449
13452 7148 12772
7148 12772 13452
12772 7148 13452
7246 1191 5209
5209 1191 7246
1191 5209 7246
14310 11501 13487
11501 13487 14310
13487 11501 14310
12761 3260 9434
3260 9434 12761
9434 3260 12761
7821 540 2144
2144 540 7821
540 2144 7821
6032 6962 12574
12574 6032 6962
6962 6032 12574
11343 3593 6079
6079 3593 11343
3593 6079 11343
503 10467 13469
13469 503 10467
10467 503 13469
11578 12339 13119
13119 11578 12339
12339 11578 13119
8844 2096 6109
2096 6109 8844
6109 2096 8844
8977 3924 9127
9127 3924 8977
3924 8977 9127
3213 7592 9006
9006 3213 7592
7592 3213 9006
13431 2607 4940
4940 2607 13431
2607 4940 13431
2379 10054 12571
10054 2379 12571
12571 2379 10054
13611 1264 5549
1264 5549 13611
5549 1264 13611
13503 4616 11600
4616 11600 13503
11600 4616 13503
10416 2984 11059
11059 2984 10416
2984 10416 11059
14116 3052 13176
3052 13176 14116
13176 3052 14116
11125 3851 5318
3851 5318 11125
5318 3851 11125
596 1144 1188
1188 596 1144
1144 596 1188
8884 2301 3126
2301 3126 8884
3126 2301 8884
11745 1762 7960
1762 7960 11745
7960 1762 11745
10025 10402 11415
10402 10025 11415
11415 10025 10402
9571 2668 9367
9367 2668 9571
2668 9367 9571
727 3395 6704
3395 727 6704
6704 727 3395
549 8788 10227
8788 549 10227
10227 549 8788
5507 8279 12266
12266 5507 8279
8279 5507 12266
5060 10152 13727
10152 5060 13727
13727 5060 10152
2496 7228 14900
7228 2496 14900
14900 2496 7228
12182 3580 6479
6479 3580 12182
3580 6479 12182
8277 2873 14486
2873 8277 14486
14486 2873 8277
453 1285 14045
14045 453 1285
1285 453 14045
6105 11870 12868
11870 6105 12868
12868 6105 11870
6792 1215 14133
14133 1215 6792
1215 6792 14133
2457 745 1489
745 1489 2457
1489 745 2457
5725 10400 12751
12751 5725 10400
10400 5725 12751
6574 6624 13893
6624 6574 13893
13893 6574 6624
12578 11662 12411
12411 11662 12578
11662 12411 12578
2499 2214 3590
3590 2214 2499
2214 2499 3590
12896 3159 5497
5497 3159 12896
3159 5497 12896
6959 9274 14195
14195 6959 9274
9274 6959 14195
2883 10187 12517
12517 2883 10187
10187 2883 12517
12323 11790 13643
13643 11790 12323
11790 12323 13643
3645 1053 7462
1053 3645 7462
7462 1053 3645
4055 7804 9505
9505 4055 7804
7804 4055 9505
11391 2148 12743
2148 11391 12743
12743 2148 11391
5727 6113 9671
9671 5727 6113
6113 5727 9671
4338 5630 13412
5630 4338 13412
13412 4338 5630
2708 4673 9045
4673 2708 9045
9045 2708 4673
8344 7279 7656
7279 7656 8344
7656 7279 8344
500 2919 2954
2919 500 2954
2954 500 2919
9184 388 12140
388 9184 12140
12140 388 9184
12737 2253 7937
2253 7937 12737
7937 2253 12737
3741 2905 14239
14239 2905 3741
2905 3741 14239
3687 5022 10113
10113 3687 5022
5022 3687 10113
9509 1455 6150
6150 1455 9509
1455 6150 9509
11989 11713 14961
14961 11713 11989
11713 11989 14961
2329 5010 7740
7740 2329 5010
5010 2329 7740
