7345 2329 12597
2329 7345 12597
12597 2329 7345
8739 1504 3431
3431 1504 8739
1504 3431 8739
4317 1114 11393
11393 1114 4317
1114 4317 11393
10775 9194 9364
9194 9364 10775
9364 9194 10775
13560 3373 8623
3373 8623 13560
8623 3373 13560
7365 1477 6034
1477 6034 7365
6034 1477 7365
14071 3629 9298
9298 3629 14071
3629 9298 14071
4112 3652 7634
7634 3652 4112
3652 4112 7634
944 11433 12303
11433 944 12303
12303 944 11433
14970 5125 11192
11192 5125 14970
5125 11192 14970
14319 2480 13019
13019 2480 14319
2480 13019 14319
13339 133 12784
133 12784 13339
12784 133 13339
3926 1553 12339
1553 3926 12339
12339 1553 3926
12985 8054 9154
9154 8054 12985
8054 9154 12985
6948 5949 6215
6215 5949 6948
5949 6215 6948
14067 6805 8270
6805 8270 14067
8270 6805 14067
13742 4491 7278
4491 7278 13742
7278 4491 13742
10203 6819 8152
6819 8152 10203
8152 6819 10203
14093 2746 5690
2746 5690 14093
5690 2746 14093
2616 1475 12317
1475 2616 12317
12317 1475 2616
13629 1542 11435
11435 1542 13629
1542 11435 13629
3011 2607 6548
2607 3011 6548
6548 2607 3011
3919 5840 8811
8811 3919 5840
5840 3919 8811
6885 611 3311
611 3311 6885
3311 611 6885
3027 9455 9661
9455 3027 9661
9661 3027 9455
10881 5380 11564
5380 10881 11564
11564 5380 10881
13114 10923 12916
10923 12916 13114
12916 10923 13114
3396 917 3208
3208 917 3396
917 3208 3396
2744 592 1427
1427 592 2744
592 1427 2744
11714 8894 13285
8894 11714 13285
13285 8894 11714
11765 1472 10523
10523 1472 11765
1472 10523 11765
9630 8353 11071
8353 9630 11071
11071 8353 9630
12722 2019 7535
7535 2019 12722
2019 7535 12722
4647 1275 13553
13553 1275 4647
1275 4647 13553
8449 4939 14266
14266 4939 8449
4939 8449 14266
764 4252 9508
4252 764 9508
9508 764 4252
13668 5016 5917
5917 5016 13668
5016 5917 13668
1300 2603 8884
2603 1300 8884
8884 1300 2603
9133 9180 14192
9180 9133 14192
14192 9133 9180
12550 9916 11820
9916 11820 12550
11820 9916 12550
3138 5765 9865
5765 3138 9865
9865 3138 5765
10700 197 12808
197 10700 12808
12808 197 10700
6741 2282 13057
2282 6741 13057
13057 2282 6741
2983 7977 9897
9897 2983 7977
7977 2983 9897
1653 6891 14754
14754 1653 6891
6891 1653 14754
5894 9490 11719
9490 5894 11719
11719 5894 9490
7059 33 14932
14932 33 7059
33 7059 14932
5912 11506 13845
13845 5912 11506
11506 5912 13845
12497 3348 8775
8775 3348 12497
3348 8775 12497
6644 716 5302
5302 716 6644
716 5302 6644
1942 92 2842
92 1942 2842
2842 92 1942
22 10411 12686
12686 22 10411
10411 22 12686
8413 7437 11005
11005 7437 8413
7437 8413 11005
3258 1422 9181
9181 1422 3258
1422 3258 9181
8420 11700 12298
11700 8420 12298
12298 8420 11700
4231 1197 10182
1197 4231 10182
10182 1197 4231
477 2703 3537
2703 477 3537
3537 477 2703
8467 4526 11730
4526 8467 11730
11730 4526 8467
7338 1407 5958
1407 5958 7338
5958 1407 7338
12236 717 13973
717 12236 13973
13973 717 12236
1554 1726 2373
1726 1554 2373
2373 1554 1726
468 1936 7300
1936 468 7300
7300 468 1936
11604 1148 5048
5048 1148 11604
1148 5048 11604
12992 9159 13351
9159 12992 13351
13351 9159 12992
8349 8932 11380
8932 8349 11380
11380 8349 8932
11106 8104 12292
12292 8104 11106
8104 11106 12292
11133 711 11867
11867 711 11133
711 11133 11867
9052 9352 14570
14570 9052 9352
9352 9052 14570
5201 382 3705
382 3705 5201
3705 382 5201
14689 9367 11394
9367 11394 14689
11394 9367 14689
7041 2715 5674
5674 2715 7041
2715 5674 7041
13089 3501 9603
3501 9603 13089
9603 3501 13089
11810 11234 12694
12694 11234 11810
11234 11810 12694
14730 1280 13291
1280 13291 14730
13291 1280 14730
583 2106 10879
2106 583 10879
10879 583 2106
7109 3420 8386
3420 7109 8386
8386 3420 7109
2680 9025 9722
9025 2680 9722
9722 2680 9025
12384 1763 13598
1763 12384 13598
13598 1763 12384
3494 173 4747
173 3494 4747
4747 173 3494
2311 607 1289
1289 607 2311
607 1289 2311
1327 4176 4730
4730 1327 4176
4176 1327 4730
14076 1340 8850
1340 8850 14076
8850 1340 14076
13909 10935 12640
12640 10935 13909
10935 12640 13909
2194 6124 8843
8843 2194 6124
6124 2194 8843
8384 10660 13102
10660 8384 13102
13102 8384 10660
3202 7598 10371
10371 3202 7598
7598 3202 10371
13115 1004 7167
7167 1004 13115
1004 7167 13115
1864 5747 14509
14509 1864 5747
5747 1864 14509
759 8846 10136
10136 759 8846
8846 759 10136
8531 2600 12046
2600 8531 12046
12046 2600 8531
11156 1090 2190
2190 1090 11156
1090 2190 11156
7582 7615 10166
10166 7582 7615
7615 7582 10166
3334 3467 14982
14982 3334 3467
3467 3334 14982
1137 2932 12020
2932 1137 12020
12020 1137 2932
12167 7501 10941
10941 7501 12167
7501 10941 12167
13001 10247 11498
10247 11498 13001
11498 10247 13001
10618 3049 10019
10019 3049 10618
3049 10019 10618
3692 7346 14179
14179 3692 7346
7346 3692 14179
4052 214 5270
5270 214 4052
214 4052 5270
10766 9570 10031
9570 10031 10766
10031 9570 10766
14215 9332 13793
9332 13793 14215
13793 9332 14215
1695 5164 11547
5164 1695 11547
11547 1695 5164
9963 3782 10373
3782 9963 10373
10373 3782 9963
3950 10320 12013
10320 3950 12013
12013 3950 10320
2036 9843 12814
12814 2036 9843
9843 2036 12814
8532 2969 8041
2969 8041 8532
8041 2969 8532
10172 10592 11814
11814 10172 10592
10592 10172 11814
10972 1181 14342
14342 1181 10972
1181 10972 14342
3595 2923 6081
6081 2923 3595
2923 3595 6081
304 10253 10719
10253 304 10719
10719 304 10253
2836 2635 8465
8465 2635 2836
2635 2836 8465
3307 9617 13605
9617 3307 13605
13605 3307 9617
13695 7148 12441
7148 12441 13695
12441 7148 13695
1435 5037 8261
5037 1435 8261
8261 1435 5037
3893 5535 6358
5535 3893 6358
6358 3893 5535
10395 4908 14750
14750 4908 10395
4908 10395 14750
8786 4436 10435
4436 8786 10435
10435 4436 8786
10237 3181 6173
6173 3181 10237
3181 6173 10237
14596 3614 6083
6083 3614 14596
3614 6083 14596
8456 287 1604
1604 287 8456
287 1604 8456
1267 2818 4542
4542 1267 2818
2818 1267 4542
12604 7962 14938
7962 12604 14938
14938 7962 12604
7050 1412 9829
9829 1412 7050
1412 7050 9829
3479 463 10049
463 3479 10049
10049 463 3479
3117 613 2048
613 2048 3117
2048 613 3117
7881 5503 9287
5503 7881 9287
9287 5503 7881
12077 11162 13234
13234 11162 12077
11162 12077 13234
1606 3484 4633
3484 1606 4633
4633 1606 3484
3179 9840 12539
9840 3179 12539
12539 3179 9840
5225 9727 13269
9727 5225 13269
13269 5225 9727
2040 5140 7415
7415 2040 5140
5140 2040 7415
413 10509 14835
10509 413 14835
14835 413 10509
13476 8861 11566
11566 8861 13476
8861 11566 13476
7297 184 12793
184 7297 12793
12793 184 7297
4732 3699 7438
7438 3699 4732
3699 4732 7438
2931 1854 10776
10776 1854 2931
1854 2931 10776
4853 5657 8844
8844 4853 5657
5657 4853 8844
3644 3246 3377
3246 3377 3644
3377 3246 3644
2045 1392 12495
12495 1392 2045
1392 2045 12495
2625 103 13045
13045 103 2625
103 2625 13045
1791 3259 5167
5167 1791 3259
3259 1791 5167
6331 3139 11399
11399 3139 6331
3139 6331 11399
9943 9778 13770
13770 9778 9943
9778 9943 13770
878 4025 7893
4025 878 7893
7893 878 4025
2760 3680 9621
9621 2760 3680
3680 2760 9621
11442 3953 10646
3953 10646 11442
10646 3953 11442
9862 10567 10869
10567 9862 10869
10869 9862 10567
1163 14606 14756
14756 1163 14606
14606 1163 14756
11995 740 13622
13622 740 11995
740 11995 13622
7466 5509 14474
5509 7466 14474
14474 5509 7466
7264 10706 10857
10706 7264 10857
10857 7264 10706
1588 11337 12948
11337 1588 12948
12948 1588 11337
2815 3013 3564
3564 2815 3013
3013 2815 3564
7905 7459 12452
7459 7905 12452
12452 7459 7905
12374 1927 2435
2435 1927 12374
1927 2435 12374
4968 1550 9693
1550 4968 9693
9693 1550 4968
14477 3066 11165
11165 3066 14477
3066 11165 14477
13150 3536 7526
7526 3536 13150
3536 7526 13150
6645 9370 12703
12703 6645 9370
9370 6645 12703
11007 3852 14583
14583 3852 11007
3852 11007 14583
7678 13071 13321
13321 7678 13071
13071 7678 13321
1670 1404 12727
12727 1404 1670
1404 1670 12727
11479 9373 13552
9373 11479 13552
13552 9373 11479
12062 5707 12438
12438 5707 12062
5707 12062 12438
14219 3935 13394
3935 13394 14219
13394 3935 14219
12733 7954 11390
7954 11390 12733
11390 7954 12733
3636 11403 13459
11403 3636 13459
13459 3636 11403
13861 2 13002
13002 2 13861
2 13002 13861
2456 8264 11502
11502 2456 8264
8264 2456 11502
10111 221 9123
9123 221 10111
221 9123 10111
9532 388 7903
388 7903 9532
7903 388 9532
3232 10795 14766
10795 3232 14766
14766 3232 10795
10564 7979 10161
7979 10161 10564
10161 7979 10564
8106 4108 10508
10508 4108 8106
4108 8106 10508
644 10168 10767
10767 644 10168
10168 644 10767
12453 6174 14837
6174 12453 14837
14837 6174 12453
13758 8938 14323
14323 8938 13758
8938 13758 14323
4962 1410 6069
6069 1410 4962
1410 4962 6069
12031 5577 5701
5701 5577 12031
5577 5701 12031
1255 841 11838
841 1255 11838
11838 841 1255
5817 3224 3266
3224 3266 5817
3266 3224 5817
14167 372 7710
372 7710 14167
7710 372 14167
12251 1618 12500
1618 12251 12500
12500 1618 12251
90 2476 13782
13782 90 2476
2476 90 13782
8250 8441 9415
8441 8250 9415
9415 8250 8441
4840 6890 14999
6890 4840 14999
14999 4840 6890
1928 10933 11740
10933 1928 11740
11740 1928 10933
13492 4698 5888
4698 5888 13492
5888 4698 13492
9470 4886 10543
4886 9470 10543
10543 4886 9470
8505 1413 11901
1413 8505 11901
11901 1413 8505
664 9795 13449
13449 664 9795
9795 664 13449
13347 2291 12007
12007 2291 13347
2291 12007 13347
4712 3062 9282
9282 3062 4712
3062 4712 9282
1201 7378 7957
7957 1201 7378
7378 1201 7957
12609 10272 11354
10272 11354 12609
11354 10272 12609
5156 8870 13874
13874 5156 8870
8870 5156 13874
1551 4251 6462
6462 1551 4251
4251 1551 6462
2224 7477 9480
9480 2224 7477
7477 2224 9480
12045 2417 9231
2417 9231 12045
9231 2417 12045
622 3001 13254
3001 622 13254
13254 622 3001
5985 803 8262
8262 803 5985
803 5985 8262
2478 5726 10576
5726 2478 10576
10576 2478 5726
8506 10280 12140
12140 8506 10280
10280 8506 12140
13546 4606 13772
4606 13546 13772
13772 4606 13546
7430 3801 8211
8211 3801 7430
3801 7430 8211
5716 3006 4234
3006 4234 5716
4234 3006 5716
12813 6389 7222
6389 7222 12813
7222 6389 12813
5413 8740 14017
8740 5413 14017
14017 5413 8740
7235 1541 5139
5139 1541 7235
1541 5139 7235
4459 10827 14114
14114 4459 10827
10827 4459 14114
13974 9577 14123
9577 13974 14123
14123 9577 13974
136 7141 11533
7141 136 11533
11533 136 7141
11710 1216 5512
1216 5512 11710
5512 1216 11710
7009 7542 10126
7542 7009 10126
10126 7009 7542
9137 4737 7561
7561 4737 9137
4737 7561 9137
6411 12811 14741
12811 6411 14741
14741 6411 12811
10486 5233 14863
14863 5233 10486
5233 10486 14863
4363 5230 7286
5230 4363 7286
7286 4363 5230
490 9745 10622
10622 490 9745
9745 490 10622
14105 4677 9152
4677 9152 14105
9152 4677 14105
11222 13729 14939
13729 11222 14939
14939 11222 13729
2107 8866 14774
8866 2107 14774
14774 2107 8866
6725 12803 14176
12803 6725 14176
14176 6725 12803
7478 302 10743
10743 302 7478
302 7478 10743
8725 4138 4351
4138 4351 8725
4351 4138 8725
8045 5768 5918
5768 5918 8045
5918 5768 8045
2968 7882 9860
9860 2968 7882
7882 2968 9860
659 7997 11990
7997 659 11990
11990 659 7997
12848 556 6892
556 6892 12848
6892 556 12848
375 7139 9713
9713 375 7139
7139 375 9713
5070 7775 8501
8501 5070 7775
7775 5070 8501
4389 12288 13703
12288 4389 13703
13703 4389 12288
12001 1248 13315
1248 12001 13315
13315 1248 12001
2202 7173 11865
11865 2202 7173
7173 2202 11865
8779 6708 7934
7934 6708 8779
6708 7934 8779
14379 336 12099
12099 336 14379
336 12099 14379
9971 7503 10083
7503 9971 10083
10083 7503 9971
3039 4903 5536
5536 3039 4903
4903 3039 5536
14560 1073 10367
1073 10367 14560
10367 1073 14560
11020 539 12877
539 11020 12877
12877 539 11020
14072 2515 9404
2515 9404 14072
9404 2515 14072
10415 1473 7813
1473 7813 10415
7813 1473 10415
3575 4895 14882
4895 3575 14882
14882 3575 4895
3136 756 8018
756 3136 8018
8018 756 3136
1347 4004 11733
4004 1347 11733
11733 1347 4004
4843 10444 11858
10444 4843 11858
11858 4843 10444
9558 5795 10541
10541 5795 9558
5795 9558 10541
7509 635 9408
9408 635 7509
635 7509 9408
11044 2047 8503
8503 2047 11044
2047 8503 11044
3229 7834 7864
7834 3229 7864
7864 3229 7834
10408 10983 14551
14551 10408 10983
10983 10408 14551
14091 3828 7476
7476 3828 14091
3828 7476 14091
330 1369 4426
4426 330 1369
1369 330 4426
743 2997 9237
9237 743 2997
2997 743 9237
6847 8766 14683
8766 6847 14683
14683 6847 8766
8283 3690 12121
3690 8283 12121
12121 3690 8283
14252 4926 8691
8691 4926 14252
4926 8691 14252
2921 4812 13787
4812 2921 13787
13787 2921 4812
10913 1737 13433
13433 1737 10913
1737 10913 13433
10637 4221 9462
9462 4221 10637
4221 9462 10637
12408 2432 11718
11718 2432 12408
2432 11718 12408
10372 7702 8357
7702 8357 10372
8357 7702 10372
14139 8369 9047
8369 9047 14139
9047 8369 14139
13500 8089 11737
11737 8089 13500
8089 11737 13500
13816 4874 11119
11119 4874 13816
4874 11119 13816
7499 522 4901
522 4901 7499
4901 522 7499
14425 7667 14842
14842 7667 14425
7667 14425 14842
12543 1511 8067
8067 1511 12543
1511 8067 12543
11835 5877 6540
6540 5877 11835
5877 6540 11835
12660 3114 13841
13841 3114 12660
3114 12660 13841
11629 3476 5708
5708 3476 11629
3476 5708 11629
14499 3460 12445
3460 12445 14499
12445 3460 14499
6966 953 4448
4448 953 6966
953 4448 6966
8964 6788 9632
9632 6788 8964
6788 8964 9632
14381 6575 14133
14133 6575 14381
6575 14133 14381
12909 4131 8767
8767 4131 12909
4131 8767 12909
6272 3544 5317
5317 3544 6272
3544 5317 6272
14861 6038 11099
6038 11099 14861
11099 6038 14861
98 5020 6352
5020 98 6352
6352 98 5020
7587 2648 9601
2648 7587 9601
9601 2648 7587
7983 2176 11616
2176 7983 11616
11616 2176 7983
6609 632 869
869 632 6609
632 869 6609
13676 1961 2536
2536 1961 13676
1961 2536 13676
13929 3753 4160
3753 4160 13929
4160 3753 13929
10533 8499 12730
12730 8499 10533
8499 10533 12730
4489 3788 7987
7987 3788 4489
3788 4489 7987
4202 603 13663
603 4202 13663
13663 603 4202
12391 5855 12048
5855 12048 12391
12048 5855 12391
13536 3397 4415
4415 3397 13536
3397 4415 13536
1417 2175 2400
2175 1417 2400
2400 1417 2175
7822 1272 5825
1272 5825 7822
5825 1272 7822
1131 5988 14643
5988 1131 14643
14643 1131 5988
4684 6668 13095
13095 4684 6668
6668 4684 13095
5343 11738 14920
14920 5343 11738
11738 5343 14920
5889 2618 12410
12410 2618 5889
2618 5889 12410
6999 931 2701
2701 931 6999
931 2701 6999
4851 8387 14368
14368 4851 8387
8387 4851 14368
6333 4233 7332
7332 4233 6333
4233 6333 7332
11552 4488 11087
4488 11087 11552
11087 4488 11552
1382 1329 6547
6547 1329 1382
1329 1382 6547
9057 1401 5128
1401 5128 9057
5128 1401 9057
10379 5481 8908
8908 5481 10379
5481 8908 10379
4301 4380 10028
10028 4301 4380
4380 4301 10028
4502 5864 8918
8918 4502 5864
5864 4502 8918
12414 8799 14171
8799 12414 14171
14171 8799 12414
4225 7154 13852
7154 4225 13852
13852 4225 7154
9896 2042 9168
2042 9168 9896
9168 2042 9896
9994 238 1143
1143 238 9994
238 1143 9994
4479 10217 13654
10217 4479 13654
13654 4479 10217
4899 2555 7518
7518 2555 4899
2555 4899 7518
2869 7249 11917
11917 2869 7249
7249 2869 11917
2138 7387 10540
10540 2138 7387
7387 2138 10540
5012 6988 12540
12540 5012 6988
6988 5012 12540
14566 3924 14497
14497 3924 14566
3924 14497 14566
11760 5945 6198
5945 6198 11760
6198 5945 11760
1535 2550 7261
7261 1535 2550
2550 1535 7261
2091 5183 12647
5183 2091 12647
12647 2091 5183
362 1598 11310
11310 362 1598
1598 362 11310
9183 6737 10145
10145 6737 9183
6737 9183 10145
10196 12969 13868
13868 10196 12969
12969 10196 13868
7023 4275 11081
4275 7023 11081
11081 4275 7023
14025 3829 10684
10684 3829 14025
3829 10684 14025
6102 5244 10527
10527 5244 6102
5244 6102 10527
6594 5119 10633
10633 5119 6594
5119 6594 10633
306 8066 8392
8066 306 8392
8392 306 8066
4999 3915 6226
6226 3915 4999
3915 4999 6226
8127 5335 8614
5335 8127 8614
8614 5335 8127
4694 1178 5942
1178 4694 5942
5942 1178 4694
8082 5525 8949
5525 8082 8949
8949 5525 8082
6578 5847 13108
13108 5847 6578
5847 6578 13108
655 9614 13414
13414 655 9614
9614 655 13414
11264 6035 12210
12210 6035 11264
6035 11264 12210
5780 4802 7404
7404 4802 5780
4802 5780 7404
9358 10271 11679
11679 9358 10271
10271 9358 11679
12864 1357 5482
5482 1357 12864
1357 5482 12864
3390 9842 11422
9842 3390 11422
11422 3390 9842
2560 3058 6112
6112 2560 3058
3058 2560 6112
14316 6072 12158
6072 12158 14316
12158 6072 14316
6994 3877 6857
3877 6857 6994
6857 3877 6994
58 4707 14627
4707 58 14627
14627 58 4707
1132 2135 10555
10555 1132 2135
2135 1132 10555
10443 3204 14272
3204 10443 14272
14272 3204 10443
8936 10211 10854
10854 8936 10211
10211 8936 10854
1150 5623 11381
11381 1150 5623
5623 1150 11381
8713 10716 11268
11268 8713 10716
10716 8713 11268
6 4793 11602
4793 6 11602
11602 6 4793
13348 5281 12843
5281 12843 13348
12843 5281 13348
3347 4222 13462
13462 3347 4222
4222 3347 13462
11685 8274 11891
8274 11685 11891
11891 8274 11685
4504 3574 13009
13009 3574 4504
3574 4504 13009
6785 3200 12165
3200 6785 12165
12165 3200 6785
8418 4022 11017
11017 4022 8418
4022 8418 11017
8738 1047 10084
1047 8738 10084
10084 1047 8738
7645 2830 6693
6693 2830 7645
2830 6693 7645
4117 742 7985
7985 742 4117
742 4117 7985
13835 6633 6763
6633 6763 13835
6763 6633 13835
6479 3262 11871
11871 3262 6479
3262 6479 11871
14619 2424 4611
2424 4611 14619
4611 2424 14619
908 4480 9340
9340 908 4480
4480 908 9340
5424 1721 14959
14959 1721 5424
1721 5424 14959
10412 8266 11432
11432 8266 10412
8266 10412 11432
4603 141 897
141 897 4603
897 141 4603
4751 5895 8098
8098 4751 5895
5895 4751 8098
6916 3393 13332
3393 6916 13332
13332 3393 6916
11414 819 9766
819 9766 11414
9766 819 11414
10095 2413 9950
9950 2413 10095
2413 9950 10095
14350 9613 14820
9613 14350 14820
14820 9613 14350
12477 357 6912
6912 357 12477
357 6912 12477
5652 5011 12291
12291 5011 5652
5011 5652 12291
11333 353 12661
353 11333 12661
12661 353 11333
4312 1261 11271
11271 1261 4312
1261 4312 11271
2692 9101 10787
9101 2692 10787
10787 2692 9101
8537 3516 5102
3516 5102 8537
5102 3516 8537
9251 2082 9350
9350 2082 9251
2082 9251 9350
11494 2096 7596
2096 7596 11494
7596 2096 11494
11095 5489 8198
5489 8198 11095
8198 5489 11095
12669 2528 14636
2528 12669 14636
14636 2528 12669
6640 5432 14134
14134 5432 6640
5432 6640 14134
12153 1789 13206
13206 1789 12153
1789 12153 13206
4216 308 9242
9242 308 4216
308 4216 9242
12595 4861 11689
11689 4861 12595
4861 11689 12595
3531 5891 9930
5891 3531 9930
9930 3531 5891
9584 9551 10751
10751 9551 9584
9551 9584 10751
6001 4825 9610
4825 6001 9610
9610 4825 6001
5850 6169 13637
6169 5850 13637
13637 5850 6169
11478 3780 6206
6206 3780 11478
3780 6206 11478
12725 3120 12544
12544 3120 12725
3120 12544 12725
1787 7489 8923
8923 1787 7489
7489 1787 8923
7625 8051 11451
11451 7625 8051
8051 7625 11451
504 1370 10520
1370 504 10520
10520 504 1370
4171 1619 3102
1619 3102 4171
3102 1619 4171
10844 403 13963
13963 403 10844
403 10844 13963
7659 4765 7859
7859 4765 7659
4765 7659 7859
4583 6002 12981
12981 4583 6002
6002 4583 12981
14933 1121 6451
6451 1121 14933
1121 6451 14933
6383 6342 11788
11788 6342 6383
6342 6383 11788
9515 478 9550
478 9515 9550
9550 478 9515
3416 4304 6970
6970 3416 4304
4304 3416 6970
5124 731 2273
2273 731 5124
731 2273 5124
9232 673 10354
10354 673 9232
673 9232 10354
8334 936 14997
14997 936 8334
936 8334 14997
8265 8462 9132
8462 8265 9132
9132 8265 8462
9639 5080 8860
5080 8860 9639
8860 5080 9639
13068 5567 8240
5567 8240 13068
8240 5567 13068
7763 324 594
324 594 7763
594 324 7763
12573 1971 13719
1971 12573 13719
13719 1971 12573
9109 7082 12014
7082 9109 12014
12014 7082 9109
11269 2211 11736
11736 2211 11269
2211 11269 11736
8155 6949 13040
13040 6949 8155
6949 8155 13040
9699 2127 5844
5844 2127 9699
2127 5844 9699
10889 4468 12964
4468 10889 12964
12964 4468 10889
2634 2661 4331
4331 2634 2661
2661 2634 4331
14823 1158 3455
3455 1158 14823
1158 3455 14823
10480 1968 11412
1968 10480 11412
11412 1968 10480
937 7776 10326
7776 937 10326
10326 937 7776
5759 1239 8178
8178 1239 5759
1239 5759 8178
12625 4911 12997
12997 4911 12625
4911 12625 12997
2896 11669 14225
11669 2896 14225
14225 2896 11669
9322 4776 10929
4776 9322 10929
10929 4776 9322
5611 8711 12297
8711 5611 12297
12297 5611 8711
2843 1396 7513
7513 1396 2843
1396 2843 7513
4352 6090 10158
10158 4352 6090
6090 4352 10158
14637 9549 11000
9549 11000 14637
11000 9549 14637
1319 1665 9689
9689 1319 1665
1665 1319 9689
12975 2051 13128
2051 12975 13128
13128 2051 12975
9794 624 7215
7215 624 9794
624 7215 9794
13211 14058 14940
14940 13211 14058
14058 13211 14940
520 1031 11256
11256 520 1031
1031 520 11256
2310 4796 5513
4796 2310 5513
5513 2310 4796
808 6119 7617
7617 808 6119
6119 808 7617
672 3004 10783
10783 672 3004
3004 672 10783
8055 1547 6071
1547 6071 8055
6071 1547 8055
404 3069 10820
10820 404 3069
3069 404 10820
12682 8224 8355
8355 8224 12682
8224 8355 12682
8302 2507 14211
2507 8302 14211
14211 2507 8302
10932 6045 11186
6045 10932 11186
11186 6045 10932
12469 7305 8186
7305 8186 12469
8186 7305 12469
13442 796 1291
1291 796 13442
796 1291 13442
387 712 5773
712 387 5773
5773 387 712
4636 2004 5116
5116 2004 4636
2004 4636 5116
685 4795 7185
4795 685 7185
7185 685 4795
542 438 1140
438 542 1140
1140 438 542
4805 246 11636
11636 246 4805
246 4805 11636
5072 7821 8970
7821 5072 8970
8970 5072 7821
14271 2965 7610
7610 2965 14271
2965 7610 14271
5617 4313 12718
4313 5617 12718
12718 4313 5617
11480 255 3932
255 3932 11480
3932 255 11480
13506 3185 10416
3185 10416 13506
10416 3185 13506
6276 4343 10537
4343 6276 10537
10537 4343 6276
11884 7738 12601
12601 7738 11884
7738 11884 12601
5572 12687 14681
12687 5572 14681
14681 5572 12687
12053 3498 8028
8028 3498 12053
3498 8028 12053
7713 1903 5999
5999 1903 7713
1903 5999 7713
7757 1643 3466
1643 3466 7757
3466 1643 7757
2907 4456 13187
4456 2907 13187
13187 2907 4456
8640 1826 11187
11187 1826 8640
1826 8640 11187
1391 198 13098
13098 198 1391
198 1391 13098
2653 749 10467
10467 749 2653
749 2653 10467
3834 6758 13670
6758 3834 13670
13670 3834 6758
4966 5151 12844
12844 4966 5151
5151 4966 12844
10658 7301 12473
12473 7301 10658
7301 10658 12473
10741 7795 14880
7795 10741 14880
14880 7795 10741
8672 232 9051
9051 232 8672
232 8672 9051
1899 1793 11255
1793 1899 11255
11255 1793 1899
10360 4411 6248
4411 6248 10360
6248 4411 10360
8294 11613 12943
12943 8294 11613
11613 8294 12943
6295 4405 9253
9253 4405 6295
4405 6295 9253
6306 586 3584
3584 586 6306
586 3584 6306
8723 1813 13061
1813 8723 13061
13061 1813 8723
10702 4969 6901
4969 6901 10702
6901 4969 10702
7575 1187 5188
1187 5188 7575
5188 1187 7575
2095 2069 14879
2069 2095 14879
14879 2069 2095
6347 10574 14844
14844 6347 10574
10574 6347 14844
8426 6529 14436
6529 8426 14436
14436 6529 8426
5937 11152 12437
11152 5937 12437
12437 5937 11152
383 5087 12868
5087 383 12868
12868 383 5087
4942 994 8097
994 4942 8097
8097 994 4942
3403 903 954
954 903 3403
903 954 3403
8439 6538 11993
11993 6538 8439
6538 8439 11993
14007 6867 14343
6867 14007 14343
14343 6867 14007
4552 8043 10975
8043 4552 10975
10975 4552 8043
8658 887 12658
12658 887 8658
887 8658 12658
4935 1984 10241
10241 1984 4935
1984 4935 10241
10114 557 9765
9765 557 10114
557 9765 10114
11386 11463 12024
11463 11386 12024
12024 11386 11463
4590 3449 9042
9042 3449 4590
3449 4590 9042
7454 3206 4326
4326 3206 7454
3206 4326 7454
3312 3315 8075
3315 3312 8075
8075 3312 3315
12449 7701 10570
10570 7701 12449
7701 10570 12449
14450 8147 14437
14437 8147 14450
8147 14437 14450
10338 1671 12072
1671 10338 12072
12072 1671 10338
2315 5929 10407
5929 2315 10407
10407 2315 5929
14491 9579 13432
13432 9579 14491
9579 13432 14491
2590 4096 11048
4096 2590 11048
11048 2590 4096
11062 4894 13583
13583 4894 11062
4894 11062 13583
12884 3743 13986
3743 12884 13986
13986 3743 12884
10082 605 7186
605 7186 10082
7186 605 10082
7007 5045 6669
6669 5045 7007
5045 6669 7007
4365 5686 14131
5686 4365 14131
14131 4365 5686
8673 2929 4869
4869 2929 8673
2929 4869 8673
7460 9704 10681
10681 7460 9704
9704 7460 10681
5688 506 13409
506 5688 13409
13409 506 5688
1117 5015 12799
5015 1117 12799
12799 1117 5015
8567 6776 11827
6776 8567 11827
11827 6776 8567
10189 1519 1911
1911 1519 10189
1519 1911 10189
4410 2101 6209
6209 2101 4410
2101 4410 6209
4759 5596 10916
10916 4759 5596
5596 4759 10916
2426 6223 14005
14005 2426 6223
6223 2426 14005
14344 1635 6202
1635 6202 14344
6202 1635 14344
6055 4672 12623
4672 6055 12623
12623 4672 6055
12801 1595 9981
1595 9981 12801
9981 1595 12801
4058 3329 12979
3329 4058 12979
12979 3329 4058
12021 6023 6619
6023 6619 12021
6619 6023 12021
11490 3570 11371
3570 11371 11490
11371 3570 11490
5801 4034 4836
4836 4034 5801
4034 4836 5801
14818 2698 5951
2698 5951 14818
5951 2698 14818
12086 744 12355
12355 744 12086
744 12086 12355
4837 1169 11096
11096 1169 4837
1169 4837 11096
7697 3833 4725
4725 3833 7697
3833 4725 7697
7528 6308 7936
7936 6308 7528
6308 7528 7936
11650 4601 7174
4601 7174 11650
7174 4601 11650
8534 10476 10907
10907 8534 10476
10476 8534 10907
2411 581 6200
581 2411 6200
6200 581 2411
11094 1202 3861
3861 1202 11094
1202 3861 11094
7686 9026 11970
9026 7686 11970
11970 7686 9026
8641 484 7169
7169 484 8641
484 7169 8641
5352 4774 7532
7532 4774 5352
4774 5352 7532
9974 551 628
551 628 9974
628 551 9974
14678 6711 6793
6793 6711 14678
6711 6793 14678
9044 1494 11632
11632 1494 9044
1494 9044 11632
11039 115 9506
115 9506 11039
9506 115 11039
3551 8330 9175
8330 3551 9175
9175 3551 8330
14704 1964 4057
1964 4057 14704
4057 1964 14704
10112 7367 14184
7367 10112 14184
14184 7367 10112
4449 4814 9588
9588 4449 4814
4814 4449 9588
3921 9633 13096
9633 3921 13096
13096 3921 9633
5179 11979 13247
11979 5179 13247
13247 5179 11979
9918 5634 14227
5634 9918 14227
14227 5634 9918
1010 1007 4623
1007 1010 4623
4623 1007 1010
3695 4585 7945
7945 3695 4585
4585 3695 7945
10219 1667 5533
1667 5533 10219
5533 1667 10219
14544 3387 5869
3387 5869 14544
5869 3387 14544
14484 1233 12574
1233 12574 14484
12574 1233 14484
4268 2761 7057
2761 4268 7057
7057 2761 4268
10802 2486 11883
2486 10802 11883
11883 2486 10802
12541 1637 11626
11626 1637 12541
1637 11626 12541
10810 4262 6422
4262 6422 10810
6422 4262 10810
228 12972 14238
12972 228 14238
14238 228 12972
13180 7361 10818
10818 7361 13180
7361 10818 13180
7411 168 3959
168 3959 7411
3959 168 7411
5867 8735 11890
8735 5867 11890
11890 5867 8735
7099 4129 5320
5320 4129 7099
4129 5320 7099
5319 3333 3730
3730 3333 5319
3333 3730 5319
14924 3655 9016
9016 3655 14924
3655 9016 14924
14895 10066 14719
10066 14719 14895
14719 10066 14895
4609 14462 14510
14462 4609 14510
14510 4609 14462
13233 5813 14218
5813 13233 14218
14218 5813 13233
838 2999 11053
11053 838 2999
2999 838 11053
14483 12402 13879
13879 12402 14483
12402 13879 14483
4227 7507 13143
13143 4227 7507
7507 4227 13143
9035 1362 14591
1362 9035 14591
14591 1362 9035
3320 11036 12382
11036 3320 12382
12382 3320 11036
8305 8225 10878
8225 8305 10878
10878 8225 8305
13920 3906 11357
3906 11357 13920
11357 3906 13920
12043 6145 13667
6145 12043 13667
13667 6145 12043
7475 1837 12631
1837 7475 12631
12631 1837 7475
3615 6463 7083
6463 3615 7083
7083 3615 6463
13774 191 7766
191 7766 13774
7766 191 13774
8318 5404 10198
5404 8318 10198
10198 5404 8318
343 234 5496
5496 234 343
234 343 5496
1176 5114 12519
12519 1176 5114
5114 1176 12519
10008 6596 11753
11753 6596 10008
6596 10008 11753
3596 966 5013
5013 966 3596
966 3596 5013
4560 1092 12752
12752 1092 4560
1092 4560 12752
1240 290 5966
290 1240 5966
5966 290 1240
8046 5153 10297
10297 5153 8046
5153 8046 10297
14070 5638 6564
6564 5638 14070
5638 6564 14070
9774 5681 7652
7652 5681 9774
5681 7652 9774
4589 6195 9637
6195 4589 9637
9637 4589 6195
1867 6733 12866
6733 1867 12866
12866 1867 6733
3520 1982 12358
1982 3520 12358
12358 1982 3520
5046 27 2540
2540 27 5046
27 2540 5046
14204 11873 14413
11873 14204 14413
14413 11873 14204
4693 12530 14126
14126 4693 12530
12530 4693 14126
3624 9978 10349
9978 3624 10349
10349 3624 9978
12720 1308 14572
1308 12720 14572
14572 1308 12720
5602 8745 14949
14949 5602 8745
8745 5602 14949
4159 4878 6378
4878 4159 6378
6378 4159 4878
13035 6443 13604
13604 6443 13035
6443 13035 13604
1441 1794 10548
1794 1441 10548
10548 1441 1794
7520 11882 14891
11882 7520 14891
14891 7520 11882
9858 2866 12161
12161 2866 9858
2866 9858 12161
4910 9925 10859
9925 4910 10859
10859 4910 9925
3674 4472 7119
4472 3674 7119
7119 3674 4472
13655 1755 6516
1755 6516 13655
6516 1755 13655
14947 1064 1655
1655 1064 14947
1064 1655 14947
4153 9342 11318
11318 4153 9342
9342 4153 11318
5760 337 2351
337 2351 5760
2351 337 5760
2894 3019 13251
13251 2894 3019
3019 2894 13251
3549 5318 6849
5318 3549 6849
6849 3549 5318
4818 3306 13410
3306 4818 13410
13410 3306 4818
14849 3587 8962
3587 8962 14849
8962 3587 14849
11655 1288 7536
7536 1288 11655
1288 7536 11655
10734 1678 6129
6129 1678 10734
1678 6129 10734
4598 7552 13329
13329 4598 7552
7552 4598 13329
7247 5868 14633
5868 7247 14633
14633 5868 7247
14739 9886 12796
12796 9886 14739
9886 12796 14739
6714 1436 14086
14086 1436 6714
1436 6714 14086
1594 273 5594
273 1594 5594
5594 273 1594
5340 3318 14469
3318 5340 14469
14469 3318 5340
3402 1622 3519
3519 1622 3402
1622 3402 3519
8458 11521 12447
11521 8458 12447
12447 8458 11521
14224 3051 11644
11644 3051 14224
3051 11644 14224
1809 1744 7006
7006 1744 1809
1744 1809 7006
6393 2452 14308
14308 2452 6393
2452 6393 14308
7732 1960 10747
10747 1960 7732
1960 7732 10747
12041 8038 13578
8038 12041 13578
13578 8038 12041
13990 7666 9375
9375 7666 13990
7666 9375 13990
14165 3129 12851
12851 3129 14165
3129 12851 14165
8269 5885 13608
13608 5885 8269
5885 8269 13608
10815 7104 14952
7104 10815 14952
14952 7104 10815
14158 3838 9418
9418 3838 14158
3838 9418 14158
661 11261 11645
11645 661 11261
11261 661 11645
615 792 9909
792 615 9909
9909 615 792
10214 1683 4346
1683 4346 10214
4346 1683 10214
13802 10643 10903
10643 10903 13802
10903 10643 13802
11142 4041 11954
11954 4041 11142
4041 11142 11954
8829 11258 13280
13280 8829 11258
11258 8829 13280
3925 2223 2868
2223 2868 3925
2868 2223 3925
13357 4342 14143
14143 4342 13357
4342 13357 14143
8548 9631 13361
9631 8548 13361
13361 8548 9631
4834 8234 12242
8234 4834 12242
12242 4834 8234
13510 6621 9773
9773 6621 13510
6621 9773 13510
12200 6565 12353
6565 12200 12353
12353 6565 12200
7116 1692 14420
1692 7116 14420
14420 1692 7116
9267 867 13106
867 9267 13106
13106 867 9267
3892 10882 11511
10882 3892 11511
11511 3892 10882
12671 7721 14564
14564 7721 12671
7721 12671 14564
12896 4681 11265
4681 11265 12896
11265 4681 12896
2883 10076 14001
14001 2883 10076
10076 2883 14001
9972 6974 8315
6974 8315 9972
8315 6974 9972
11144 860 6428
6428 860 11144
860 6428 11144
3742 6620 8463
6620 3742 8463
8463 3742 6620
14710 9836 14043
9836 14043 14710
14043 9836 14710
1600 4664 11537
4664 1600 11537
11537 1600 4664
7100 13052 13078
13052 7100 13078
13078 7100 13052
12731 6736 8466
6736 8466 12731
8466 6736 12731
9882 3213 14524
14524 3213 9882
3213 9882 14524
2410 7637 9495
9495 2410 7637
7637 2410 9495
2584 6728 7310
7310 2584 6728
6728 2584 7310
1629 2237 6517
2237 1629 6517
6517 1629 2237
12058 1086 4541
1086 4541 12058
4541 1086 12058
3880 11986 13412
13412 3880 11986
11986 3880 13412
4248 1139 13345
1139 4248 13345
13345 1139 4248
10748 2948 6800
2948 6800 10748
6800 2948 10748
5108 3392 6170
3392 5108 6170
6170 3392 5108
962 8889 14292
14292 962 8889
8889 962 14292
2391 9708 14095
9708 2391 14095
14095 2391 9708
893 574 10500
10500 574 893
574 893 10500
8320 5507 8544
5507 8320 8544
8544 5507 8320
11241 960 7077
960 7077 11241
7077 960 11241
3798 3398 8556
3398 3798 8556
8556 3398 3798
356 1811 13243
1811 356 13243
13243 356 1811
10289 6199 14461
14461 6199 10289
6199 10289 14461
3748 629 13712
13712 629 3748
629 3748 13712
11059 1661 5232
1661 5232 11059
5232 1661 11059
11169 261 13175
261 11169 13175
13175 261 11169
12456 11397 13406
11397 12456 13406
13406 11397 12456
11926 3430 7958
7958 3430 11926
3430 7958 11926
9366 7140 9398
9398 7140 9366
7140 9366 9398
1264 12918 13972
13972 1264 12918
12918 1264 13972
4511 5883 7768
5883 4511 7768
7768 4511 5883
3653 1343 6237
6237 1343 3653
1343 3653 6237
14375 4487 6572
4487 6572 14375
6572 4487 14375
7660 5229 7722
5229 7660 7722
7722 5229 7660
379 3324 12040
12040 379 3324
3324 379 12040
930 6005 14515
6005 930 14515
14515 930 6005
14280 3203 5822
3203 5822 14280
5822 3203 14280
13682 1958 11877
1958 11877 13682
11877 1958 13682
5531 4565 6521
4565 5531 6521
6521 4565 5531
6937 4310 10915
4310 6937 10915
10915 4310 6937
21 1072 14791
14791 21 1072
1072 21 14791
4235 6406 8927
8927 4235 6406
6406 4235 8927
1497 6615 8135
8135 1497 6615
6615 1497 8135
4915 5051 6413
5051 4915 6413
6413 4915 5051
8570 10786 12568
10786 8570 12568
12568 8570 10786
10703 2737 3963
3963 2737 10703
2737 3963 10703
12641 1855 8563
8563 1855 12641
1855 8563 12641
1913 3701 12685
3701 1913 12685
12685 1913 3701
13024 2964 8323
8323 2964 13024
2964 8323 13024
6136 6053 14898
6053 6136 14898
14898 6053 6136
7896 11324 12432
11324 7896 12432
12432 7896 11324
4060 5310 8372
8372 4060 5310
5310 4060 8372
11024 47 2246
2246 47 11024
47 2246 11024
5862 10392 13733
10392 5862 13733
13733 5862 10392
805 5613 8039
5613 805 8039
8039 805 5613
2350 3234 4723
3234 2350 4723
4723 2350 3234
4308 5837 11570
5837 4308 11570
11570 4308 5837
6536 3952 14639
14639 3952 6536
3952 6536 14639
7916 8754 8954
8954 7916 8754
8754 7916 8954
1302 5543 9336
9336 1302 5543
5543 1302 9336
1195 3515 8906
3515 1195 8906
8906 1195 3515
14621 4051 8180
4051 8180 14621
8180 4051 14621
6163 5181 14429
5181 6163 14429
14429 5181 6163
7211 12302 14214
14214 7211 12302
12302 7211 14214
1193 666 9718
9718 666 1193
666 1193 9718
3127 10841 14307
14307 3127 10841
10841 3127 14307
5214 2713 2967
2713 2967 5214
2967 2713 5214
6089 2172 14389
2172 6089 14389
14389 2172 6089
1877 5562 13873
13873 1877 5562
5562 1877 13873
5500 3300 7963
7963 3300 5500
3300 5500 7963
2044 4263 12235
12235 2044 4263
4263 2044 12235
7603 11559 12612
11559 7603 12612
12612 7603 11559
715 1746 12610
12610 715 1746
1746 715 12610
13047 9049 9069
9069 9049 13047
9049 9069 13047
2521 2283 10204
2283 2521 10204
10204 2283 2521
14356 1204 7224
7224 1204 14356
1204 7224 14356
11874 3604 6533
3604 6533 11874
6533 3604 11874
7025 6268 12732
6268 7025 12732
12732 6268 7025
915 2732 14418
2732 915 14418
14418 915 2732
14400 11369 11402
11402 11369 14400
11369 11402 14400
6766 2853 7616
7616 2853 6766
2853 6766 7616
5323 3960 10487
3960 5323 10487
10487 3960 5323
1400 5557 8194
8194 1400 5557
5557 1400 8194
10692 7658 7950
7950 7658 10692
7658 7950 10692
2511 10996 13443
10996 2511 13443
13443 2511 10996
2638 73 7333
7333 73 2638
73 2638 7333
4885 10402 11025
10402 4885 11025
11025 4885 10402
6674 8836 10524
10524 6674 8836
8836 6674 10524
12468 9436 14807
14807 9436 12468
9436 12468 14807
1306 1825 9292
9292 1306 1825
1825 1306 9292
3 1274 13631
13631 3 1274
1274 3 13631
11274 80 4114
80 4114 11274
4114 80 11274
14528 8203 9423
9423 8203 14528
8203 9423 14528
1674 2378 14128
14128 1674 2378
2378 1674 14128
3665 1742 13306
13306 1742 3665
1742 3665 13306
14463 1636 2574
1636 2574 14463
2574 1636 14463
14115 3606 10328
3606 10328 14115
10328 3606 14115
2396 13119 14590
13119 2396 14590
14590 2396 13119
1469 2005 4420
4420 1469 2005
2005 1469 4420
13748 7830 13074
13074 7830 13748
7830 13074 13748
8011 3017 13323
13323 3017 8011
3017 8011 13323
5645 9150 10125
10125 5645 9150
9150 5645 10125
14155 5372 6634
6634 5372 14155
5372 6634 14155
12618 9412 10439
10439 9412 12618
9412 10439 12618
14443 207 8328
207 8328 14443
8328 207 14443
7085 3558 7150
7150 3558 7085
3558 7085 7150
8550 3818 10644
10644 3818 8550
3818 8550 10644
1245 5986 13831
5986 1245 13831
13831 1245 5986
6222 1 3454
1 3454 6222
3454 1 6222
5401 7032 9905
7032 5401 9905
9905 5401 7032
10742 2297 9402
9402 2297 10742
2297 9402 10742
1476 1071 11635
1071 1476 11635
11635 1071 1476
7773 1520 10531
10531 1520 7773
1520 7773 10531
570 8356 14950
8356 570 14950
14950 570 8356
12267 7018 8085
8085 7018 12267
7018 8085 12267
3998 1916 5625
1916 3998 5625
5625 1916 3998
12562 1061 12674
12674 1061 12562
1061 12562 12674
13585 7359 10058
10058 7359 13585
7359 10058 13585
13757 2031 3725
2031 3725 13757
3725 2031 13757
2747 6404 14180
6404 2747 14180
14180 2747 6404
4554 6898 10530
6898 4554 10530
10530 4554 6898
9093 6321 7376
7376 6321 9093
6321 7376 9093
11677 8598 9691
9691 8598 11677
8598 9691 11677
7446 10119 14802
14802 7446 10119
10119 7446 14802
14241 2244 7218
2244 7218 14241
7218 2244 14241
2619 9185 14250
14250 2619 9185
9185 2619 14250
8768 8360 14486
14486 8360 8768
8360 8768 14486
9497 1025 4126
1025 4126 9497
4126 1025 9497
1586 9075 13508
13508 1586 9075
9075 1586 13508
2247 8239 13392
13392 2247 8239
8239 2247 13392
4008 1754 11485
11485 1754 4008
1754 4008 11485
5717 2062 8588
8588 2062 5717
2062 5717 8588
8593 4689 10044
10044 4689 8593
4689 8593 10044
2116 5798 10740
10740 2116 5798
5798 2116 10740
296 11109 14102
14102 296 11109
11109 296 14102
4720 9191 13199
13199 4720 9191
9191 4720 13199
9927 10824 11599
10824 9927 11599
11599 9927 10824
4570 6164 8647
8647 4570 6164
6164 4570 8647
932 5616 12745
5616 932 12745
12745 932 5616
13584 7421 9746
7421 9746 13584
9746 7421 13584
996 3813 3891
3891 996 3813
3813 996 3891
1563 3868 8272
8272 1563 3868
3868 1563 8272
3471 7294 10654
7294 3471 10654
10654 3471 7294
5363 8785 8960
8960 5363 8785
8785 5363 8960
514 5684 12927
5684 514 12927
12927 514 5684
9571 6113 8867
8867 6113 9571
6113 8867 9571
9903 474 1549
474 1549 9903
1549 474 9903
1484 7107 10969
7107 1484 10969
10969 1484 7107
9082 8552 9459
8552 9082 9459
9459 8552 9082
4912 910 6678
910 4912 6678
6678 910 4912
4272 9431 10782
9431 4272 10782
10782 4272 9431
2609 7899 13498
13498 2609 7899
7899 2609 13498
13511 4641 13288
13288 4641 13511
4641 13288 13511
14181 3627 5906
3627 5906 14181
5906 3627 14181
5599 5390 5540
5540 5390 5599
5390 5540 5599
9015 5345 14916
14916 5345 9015
5345 9015 14916
12702 1780 14506
1780 12702 14506
14506 1780 12702
1509 5197 6267
5197 1509 6267
6267 1509 5197
3677 645 8222
8222 645 3677
645 3677 8222
6207 12095 13573
13573 6207 12095
12095 6207 13573
13041 6109 8383
6109 8383 13041
8383 6109 13041
8361 4579 6804
6804 4579 8361
4579 6804 8361
10853 7707 12639
7707 10853 12639
12639 7707 10853
13325 4099 11232
11232 4099 13325
4099 11232 13325
1681 6952 14053
6952 1681 14053
14053 1681 6952
2644 3422 12817
3422 2644 12817
12817 2644 3422
7234 1948 7801
7801 1948 7234
1948 7234 7801
13427 1247 2369
2369 1247 13427
1247 2369 13427
2457 4976 12525
4976 2457 12525
12525 2457 4976
6340 3081 13925
3081 6340 13925
13925 3081 6340
10604 6507 13688
6507 10604 13688
13688 6507 10604
3319 8227 12430
8227 3319 12430
12430 3319 8227
535 7451 8293
8293 535 7451
7451 535 8293
385 1381 8899
8899 385 1381
1381 385 8899
6316 4748 13519
13519 4748 6316
4748 6316 13519
12205 3783 13777
3783 12205 13777
13777 3783 12205
2268 3966 7912
7912 2268 3966
3966 2268 7912
54 10699 14254
10699 54 14254
14254 54 10699
14013 3291 7683
3291 7683 14013
7683 3291 14013
5665 3934 4050
4050 3934 5665
3934 4050 5665
8058 1321 12183
1321 8058 12183
12183 1321 8058
8771 6153 10022
6153 8771 10022
10022 6153 8771
1331 3352 10603
10603 1331 3352
3352 1331 10603
6396 3302 9685
3302 6396 9685
9685 3302 6396
11666 13228 13871
13228 11666 13871
13871 11666 13228
10676 873 11912
873 10676 11912
11912 873 10676
2120 12494 12538
12494 2120 12538
12538 2120 12494
533 7865 10649
7865 533 10649
10649 533 7865
3675 5150 14613
5150 3675 14613
14613 3675 5150
480 8643 10472
8643 480 10472
10472 480 8643
9377 2113 13796
13796 2113 9377
2113 9377 13796
4665 11238 12247
11238 4665 12247
12247 4665 11238
11424 6723 8553
6723 8553 11424
8553 6723 11424
8107 3482 9005
3482 8107 9005
9005 3482 8107
11620 3093 4810
4810 3093 11620
3093 4810 11620
7483 4470 12457
12457 4470 7483
4470 7483 12457
7484 7806 11250
7806 7484 11250
11250 7484 7806
6386 9368 13851
9368 6386 13851
13851 6386 9368
7377 12729 13436
12729 7377 13436
13436 7377 12729
5962 11276 11952
11952 5962 11276
11276 5962 11952
7291 6368 14409
14409 6368 7291
6368 7291 14409
8351 5664 10968
10968 5664 8351
5664 8351 10968
12849 7931 10788
7931 10788 12849
10788 7931 12849
10072 2844 5355
2844 5355 10072
