884 1046 1319
1046 884 1319
1319 884 1046
679 716 1413
716 679 1413
1413 679 716
42 581 1420
1420 42 581
581 42 1420
1292 531 890
531 890 1292
890 531 1292
968 209 1228
209 968 1228
1228 209 968
478 566 823
823 478 566
566 478 823
547 1271 1449
1449 547 1271
1271 547 1449
1462 319 584
584 319 1462
319 584 1462
742 877 1366
877 742 1366
1366 742 877
143 569 590
590 143 569
569 143 590
1084 269 277
277 269 1084
269 277 1084
226 123 177
123 177 226
177 123 226
696 60 214
60 214 696
214 60 696
474 265 1401
1401 265 474
265 474 1401
1079 185 533
185 533 1079
533 185 1079
1124 429 1005
1005 429 1124
429 1005 1124
390 437 648
648 390 437
437 390 648
120 489 561
489 120 561
561 120 489
1385 193 1157
1157 193 1385
193 1157 1385
1320 819 1039
819 1039 1320
1039 819 1320
899 283 867
283 867 899
867 283 899
1105 682 1500
682 1105 1500
1500 682 1105
1087 798 1404
1404 798 1087
798 1087 1404
117 116 766
116 117 766
766 116 117
726 40 1345
40 726 1345
1345 40 726
852 147 633
633 147 852
147 633 852
1156 1313 1321
1321 1156 1313
1313 1156 1321
438 698 1489
698 438 1489
1489 438 698
970 909 1015
909 970 1015
1015 909 970
712 692 811
692 712 811
811 692 712
1116 769 1145
1145 769 1116
769 1116 1145
1363 187 425
425 187 1363
187 425 1363
727 845 1010
1010 727 845
845 727 1010
1371 366 450
366 450 1371
450 366 1371
1128 987 1249
1249 987 1128
987 1128 1249
1467 38 349
349 38 1467
38 349 1467
1195 1196 1386
1196 1195 1386
1386 1195 1196
1341 49 570
570 49 1341
49 570 1341
620 921 1340
1340 620 921
921 620 1340
1020 169 508
508 169 1020
169 508 1020
142 971 1048
971 142 1048
1048 142 971
61 343 1144
343 61 1144
1144 61 343
1353 587 1260
1260 587 1353
587 1260 1353
1000 662 865
865 662 1000
662 865 1000
1365 346 1474
346 1365 1474
1474 346 1365
432 445 1458
1458 432 445
445 432 1458
947 84 545
545 84 947
84 545 947
559 1095 1288
1095 559 1288
1288 559 1095
835 543 771
771 543 835
543 771 835
224 354 468
468 224 354
354 224 468
622 266 1117
1117 266 622
266 622 1117
1400 241 608
608 241 1400
241 608 1400
68 981 1132
1132 68 981
981 68 1132
925 22 511
511 22 925
22 511 925
1168 161 930
930 161 1168
161 930 1168
603 746 1078
746 603 1078
1078 603 746
1426 300 382
300 382 1426
382 300 1426
72 1164 1390
1164 72 1390
1390 72 1164
188 14 630
630 14 188
14 188 630
1043 15 1349
1349 15 1043
15 1043 1349
127 869 1231
869 127 1231
1231 127 869
776 384 659
659 384 776
384 659 776
1032 404 1446
1446 404 1032
404 1032 1446
1129 471 1259
471 1129 1259
1259 471 1129
4 934 1417
1417 4 934
934 4 1417
1143 359 1336
359 1143 1336
1336 359 1143
1498 588 639
588 639 1498
639 588 1498
973 261 873
261 873 973
873 261 973
751 775 905
775 751 905
905 751 775
1250 240 1112
240 1112 1250
1112 240 1250
585 205 1423
1423 205 585
205 585 1423
238 373 1289
1289 238 373
373 238 1289
1002 617 1135
1135 617 1002
617 1002 1135
1193 571 1152
571 1152 1193
1152 571 1193
1184 448 488
448 488 1184
488 448 1184
337 289 292
292 289 337
289 292 337
1188 1053 1071
1071 1053 1188
1053 1071 1188
891 830 1016
830 891 1016
1016 830 891
1113 879 1067
879 1067 1113
1067 879 1113
1297 530 975
975 530 1297
530 975 1297
37 141 1263
1263 37 141
141 37 1263
1026 1165 1310
1165 1026 1310
1310 1026 1165
1140 433 1114
1114 433 1140
433 1114 1140
222 329 914
914 222 329
329 222 914
574 795 887
887 574 795
795 574 887
285 704 1190
1190 285 704
704 285 1190
145 59 991
59 145 991
991 59 145
1373 52 89
52 89 1373
89 52 1373
1027 13 254
254 13 1027
13 254 1027
695 985 1398
985 695 1398
1398 695 985
757 1049 1296
1049 757 1296
1296 757 1049
555 17 705
705 17 555
17 555 705
940 150 503
150 503 940
503 150 940
1268 220 605
605 220 1268
220 605 1268
260 262 821
821 260 262
262 260 821
1315 750 938
750 938 1315
938 750 1315
763 686 1220
1220 686 763
686 763 1220
729 595 1370
1370 595 729
595 729 1370
786 121 1451
1451 121 786
121 786 1451
962 412 589
412 589 962
589 412 962
491 472 1146
1146 472 491
472 491 1146
519 126 1154
126 519 1154
1154 126 519
1161 813 1106
1106 813 1161
813 1106 1161
922 583 1147
1147 583 922
583 922 1147
1238 652 1011
1011 652 1238
652 1011 1238
632 856 1209
1209 632 856
856 632 1209
1171 546 1301
1301 546 1171
546 1171 1301
557 949 1392
1392 557 949
949 557 1392
218 699 1121
699 218 1121
1121 218 699
481 436 1013
1013 436 481
436 481 1013
814 494 1119
494 814 1119
1119 494 814
263 230 1167
1167 230 263
230 263 1167
444 549 1081
549 444 1081
1081 444 549
479 30 640
640 30 479
30 479 640
1355 1045 1395
1045 1355 1395
1395 1045 1355
1023 2 1118
2 1023 1118
1118 2 1023
327 416 1162
416 327 1162
1162 327 416
1150 797 1041
1041 797 1150
797 1041 1150
703 646 860
646 703 860
860 646 703
245 499 1472
1472 245 499
499 245 1472
1431 740 1036
1036 740 1431
740 1036 1431
924 553 619
553 619 924
619 553 924
875 50 537
537 50 875
50 537 875
874 106 591
591 106 874
106 591 874
102 977 1229
1229 102 977
977 102 1229
625 356 1324
1324 356 625
356 625 1324
1187 418 836
836 418 1187
418 836 1187
668 576 673
673 576 668
576 668 673
946 1287 1444
1444 946 1287
1287 946 1444
1062 904 1414
1414 904 1062
904 1062 1414
677 825 1402
1402 677 825
825 677 1402
707 367 711
367 707 711
711 367 707
1356 351 935
935 351 1356
351 935 1356
1311 129 409
129 409 1311
409 129 1311
772 969 989
989 772 969
969 772 989
853 125 1224
1224 125 853
125 853 1224
513 159 1198
159 513 1198
1198 159 513
1486 810 1295
1295 810 1486
810 1295 1486
1322 163 732
163 732 1322
732 163 1322
684 612 1258
1258 612 684
612 684 1258
650 486 680
680 486 650
486 650 680
1051 1354 1459
1459 1051 1354
1354 1051 1459
395 697 1483
1483 395 697
697 395 1483
841 344 920
920 344 841
344 841 920
1305 653 1194
653 1194 1305
1194 653 1305
1239 78 316
78 316 1239
316 78 1239
1052 308 1342
1342 308 1052
308 1052 1342
1022 895 1211
895 1022 1211
1211 895 1022
927 67 882
67 882 927
882 67 927
1240 110 363
363 110 1240
110 363 1240
936 335 1452
335 936 1452
1452 335 936
458 665 1316
665 458 1316
1316 458 665
1298 858 955
955 858 1298
858 955 1298
799 303 1160
303 799 1160
1160 303 799
88 804 1007
1007 88 804
804 88 1007
849 575 1493
575 849 1493
1493 575 849
663 600 1100
600 663 1100
1100 600 663
1077 44 793
44 793 1077
793 44 1077
972 398 717
717 398 972
398 717 972
1484 781 1179
1179 781 1484
781 1179 1484
789 74 616
74 616 789
616 74 789
176 916 1492
1492 176 916
916 176 1492
151 660 982
660 151 982
982 151 660
1256 34 556
556 34 1256
34 556 1256
764 454 1040
454 764 1040
1040 454 764
1421 434 1123
1123 434 1421
434 1123 1421
1093 525 596
525 596 1093
596 525 1093
1481 180 815
815 180 1481
180 815 1481
1468 70 149
149 70 1468
70 149 1468
1208 745 1465
745 1208 1465
1465 745 1208
831 294 892
294 831 892
892 294 831
984 560 1380
1380 560 984
560 984 1380
1107 586 889
586 889 1107
889 586 1107
689 719 1030
719 689 1030
1030 689 719
461 207 215
215 207 461
207 215 461
186 96 959
959 96 186
96 186 959
1235 1242 1384
1384 1235 1242
1242 1235 1384
1012 320 822
822 320 1012
320 822 1012
1429 56 1294
1294 56 1429
56 1294 1429
1139 1221 1276
1221 1139 1276
1276 1139 1221
787 77 980
77 787 980
980 77 787
29 314 1490
1490 29 314
314 29 1490
623 706 1330
706 623 1330
1330 623 706
1182 846 870
870 846 1182
846 870 1182
321 361 1108
361 321 1108
1108 321 361
1265 57 299
57 299 1265
299 57 1265
816 191 211
191 211 816
211 191 816
256 610 664
610 256 664
664 256 610
784 235 1017
1017 235 784
235 784 1017
857 276 1098
276 857 1098
1098 276 857
594 394 983
394 594 983
983 394 594
910 91 908
908 91 910
91 908 910
1378 1245 1279
1279 1245 1378
1245 1279 1378
1435 792 1496
1496 792 1435
792 1435 1496
18 693 762
693 18 762
762 18 693
702 417 674
417 674 702
674 417 702
223 92 791
791 92 223
92 223 791
777 928 1206
928 777 1206
1206 777 928
172 317 837
317 172 837
837 172 317
305 170 173
173 170 305
170 173 305
944 614 713
614 713 944
713 614 944
753 250 1389
250 753 1389
1389 250 753
455 135 996
996 135 455
135 455 996
10 259 714
259 10 714
714 10 259
783 248 446
248 446 783
446 248 783
580 1006 1299
1299 580 1006
1006 580 1299
1399 20 1210
20 1210 1399
1210 20 1399
475 216 527
527 216 475
216 475 527
90 19 462
19 90 462
462 19 90
579 32 243
32 243 579
243 32 579
1331 592 1086
1086 592 1331
592 1086 1331
80 923 1471
923 80 1471
1471 80 923
298 1038 1397
1397 298 1038
1038 298 1397
529 768 1214
768 529 1214
1214 529 768
252 992 1199
1199 252 992
992 252 1199
607 336 847
336 607 847
847 336 607
23 1163 1469
1469 23 1163
1163 23 1469
568 304 1379
304 568 1379
1379 304 568
516 435 760
760 435 516
435 516 760
636 139 598
598 139 636
139 598 636
897 419 1335
1335 419 897
419 897 1335
1368 33 1360
1360 33 1368
33 1360 1368
1055 378 439
378 439 1055
439 378 1055
773 1104 1357
1357 773 1104
1104 773 1357
1050 99 1219
1219 99 1050
99 1050 1219
1192 273 1063
273 1063 1192
1063 273 1192
428 1097 1347
1347 428 1097
1097 428 1347
642 482 1085
482 642 1085
1085 482 642
535 138 953
138 535 953
953 138 535
1438 54 1348
1348 54 1438
54 1348 1438
1482 963 1057
1057 963 1482
963 1057 1482
1170 302 1323
1323 302 1170
302 1170 1323
295 31 1267
1267 31 295
31 295 1267
997 1034 1375
1034 997 1375
1375 997 1034
958 164 1367
1367 164 958
164 958 1367
759 362 1424
362 759 1424
1424 362 759
420 464 1437
464 420 1437
1437 420 464
1236 629 1455
629 1236 1455
1455 629 1236
5 1344 1406
1344 5 1406
1406 5 1344
1120 413 604
604 413 1120
413 604 1120
490 41 672
41 490 672
672 41 490
1405 796 994
796 994 1405
994 796 1405
855 8 948
948 8 855
8 855 948
140 485 1403
1403 140 485
485 140 1403
315 779 1456
1456 315 779
779 315 1456
201 192 342
192 201 342
342 192 201
538 183 544
183 538 544
544 183 538
661 375 1088
1088 375 661
375 661 1088
1358 459 498
498 459 1358
459 498 1358
155 75 182
75 155 182
182 75 155
1376 328 1133
1133 328 1376
328 1133 1376
539 36 1243
36 539 1243
1243 36 539
1033 1234 1412
1412 1033 1234
1234 1033 1412
21 86 492
492 21 86
86 21 492
369 602 802
602 369 802
802 369 602
426 863 1058
1058 426 863
863 426 1058
850 452 687
452 687 850
687 452 850
1450 675 974
675 974 1450
974 675 1450
466 1273 1306
1273 466 1306
1306 466 1273
828 12 785
785 12 828
12 785 828
593 376 685
376 593 685
685 376 593
326 66 1111
1111 66 326
66 326 1111
203 812 894
812 203 894
894 203 812
524 966 1266
1266 524 966
966 524 1266
724 136 888
136 724 888
888 136 724
157 264 311
311 157 264
264 157 311
97 237 722
722 97 237
237 97 722
840 1274 1329
1329 840 1274
1274 840 1329
1333 1075 1351
1351 1075 1333
1075 1333 1351
1216 951 954
951 954 1216
954 951 1216
284 694 744
694 284 744
744 284 694
1328 247 913
913 247 1328
247 913 1328
1488 731 1110
731 1110 1488
1110 731 1488
181 756 1091
1091 181 756
756 181 1091
171 210 628
210 171 628
628 171 210
1134 231 288
288 231 1134
231 288 1134
1303 360 1177
1177 360 1303
360 1177 1303
645 496 631
496 631 645
631 496 645
1327 634 1419
1419 634 1327
634 1327 1419
9 109 995
109 9 995
995 9 109
353 377 765
765 353 377
377 353 765
838 393 528
528 393 838
393 528 838
153 820 843
820 153 843
843 153 820
886 310 1445
1445 310 886
310 886 1445
1099 402 881
881 402 1099
402 881 1099
391 1031 1056
1031 391 1056
1056 391 1031
1275 978 1201
978 1201 1275
1201 978 1275
1174 111 1497
1497 111 1174
111 1174 1497
906 148 1307
148 906 1307
1307 148 906
818 635 1408
1408 635 818
635 818 1408
1009 290 1428
290 1009 1428
1428 290 1009
1383 1175 1186
1175 1186 1383
1186 1175 1383
827 128 540
128 540 827
540 128 827
309 108 606
108 309 606
606 108 309
28 272 1136
1136 28 272
272 28 1136
1185 808 1137
808 1137 1185
1137 808 1185
541 463 998
998 463 541
463 541 998
301 198 324
324 198 301
198 301 324
767 1044 1434
1044 767 1434
1434 767 1044
403 1200 1477
1477 403 1200
1200 403 1477
666 217 407
217 407 666
407 217 666
339 281 907
907 281 339
281 339 907
340 196 848
848 196 340
196 340 848
851 599 902
599 851 902
902 599 851
937 396 1374
396 937 1374
1374 396 937
227 864 1369
864 227 1369
1369 227 864
1066 118 755
755 118 1066
118 755 1066
1226 507 800
507 800 1226
800 507 1226
506 730 824
730 506 824
824 506 730
735 107 1090
107 735 1090
1090 107 735
803 355 1257
1257 355 803
355 803 1257
1262 268 554
268 554 1262
554 268 1262
219 918 1364
918 219 1364
1364 219 918
26 1155 1325
1155 26 1325
1325 26 1155
278 878 919
878 278 919
919 278 878
1130 1028 1166
1166 1028 1130
1028 1130 1166
578 51 880
51 578 880
880 51 578
431 1092 1457
1092 431 1457
1457 431 1092
79 480 1427
1427 79 480
480 79 1427
912 862 1372
862 912 1372
1372 862 912
69 71 1089
71 69 1089
1089 69 71
364 244 1285
244 364 1285
1285 244 364
1396 381 484
484 381 1396
381 484 1396
43 184 741
184 43 741
741 43 184
279 291 401
291 279 401
401 279 291
233 345 509
509 233 345
345 233 509
670 721 1126
721 670 1126
1126 670 721
365 27 1142
27 365 1142
1142 27 365
330 457 1003
1003 330 457
457 330 1003
1332 644 708
644 708 1332
708 644 1332
1317 778 1461
1461 778 1317
778 1317 1461
901 228 964
228 901 964
964 228 901
270 1076 1270
1270 270 1076
1076 270 1270
720 197 667
197 667 720
667 197 720
681 517 1241
1241 517 681
517 681 1241
253 405 430
405 253 430
430 253 405
1 626 1432
1432 1 626
626 1 1432
1073 411 1337
1337 411 1073
411 1073 1337
348 167 347
347 167 348
167 347 348
6 453 866
453 6 866
866 6 453
1122 251 990
251 990 1122
990 251 1122
1037 443 1047
1047 443 1037
443 1037 1047
774 427 752
427 752 774
752 427 774
206 386 1269
386 206 1269
1269 206 386
1014 35 805
805 35 1014
35 805 1014
105 55 615
55 105 615
615 55 105
103 656 834
656 103 834
834 103 656
859 833 1382
1382 833 859
833 859 1382
1207 1080 1314
1314 1080 1207
1080 1207 1314
1094 160 372
372 160 1094
160 372 1094
1453 1180 1223
1223 1180 1453
1180 1223 1453
536 190 1473
190 536 1473
1473 190 536
883 1343 1476
1476 883 1343
1343 883 1476
400 313 1254
313 400 1254
1254 313 400
374 271 613
271 374 613
613 271 374
64 166 1149
1149 64 166
166 64 1149
1054 370 424
370 424 1054
424 370 1054
236 232 932
932 232 236
232 236 932
112 130 952
130 112 952
952 112 130
502 154 415
415 154 502
154 415 502
943 213 839
213 839 943
839 213 943
691 473 521
473 521 691
521 473 691
388 83 1388
83 388 1388
1388 83 388
1074 476 950
950 476 1074
476 950 1074
627 93 1172
1172 93 627
93 627 1172
144 122 1391
122 144 1391
1391 122 144
1441 960 1362
1362 960 1441
960 1362 1441
647 1255 1478
1255 647 1478
1478 647 1255
47 790 929
929 47 790
790 47 929
1141 487 505
505 487 1141
487 505 1141
1377 449 1499
449 1377 1499
1499 449 1377
1233 100 1153
100 1153 1233
1153 100 1233
1212 124 421
421 124 1212
124 421 1212
688 1247 1361
1361 688 1247
1247 688 1361
917 621 1393
621 917 1393
1393 621 917
493 76 1326
1326 76 493
76 493 1326
162 520 572
520 162 572
572 162 520
456 690 1061
690 456 1061
1061 456 690
249 903 1253
903 249 1253
1253 249 903
1025 470 1291
1291 470 1025
470 1025 1291
1059 709 1442
1442 709 1059
709 1059 1442
477 495 1218
495 477 1218
1218 477 495
280 134 911
134 280 911
911 134 280
234 39 379
39 234 379
379 39 234
510 25 152
152 25 510
25 152 510
1248 65 257
257 65 1248
65 257 1248
782 341 512
512 341 782
341 512 782
338 383 387
383 338 387
387 338 383
258 423 876
876 258 423
423 258 876
1064 567 1068
1068 567 1064
567 1064 1068
832 1205 1251
1251 832 1205
1205 832 1251
1261 255 1491
255 1261 1491
1491 255 1261
1359 957 1278
957 1278 1359
1278 957 1359
1197 1029 1430
1430 1029 1197
1029 1197 1430
451 532 739
532 451 739
739 451 532
1070 98 168
98 168 1070
168 98 1070
671 1021 1350
1021 671 1350
1350 671 1021
1448 357 842
357 842 1448
842 357 1448
73 637 1433
637 73 1433
1433 73 637
306 669 737
669 306 737
737 306 669
399 146 1447
1447 146 399
146 399 1447
385 1109 1470
1109 385 1470
1470 385 1109
178 1101 1131
1131 178 1101
1101 178 1131
638 442 898
898 442 638
442 638 898
933 483 573
573 483 933
483 573 933
956 293 441
293 441 956
441 293 956
562 113 392
113 392 562
392 113 562
175 397 1173
397 175 1173
1173 175 397
868 94 655
94 655 868
655 94 868
1246 414 1480
414 1246 1480
1480 414 1246
749 961 988
988 749 961
961 749 988
165 333 334
333 165 334
334 165 333
45 1422 1463
1422 45 1463
1463 45 1422
872 597 1416
1416 597 872
597 872 1416
1415 1042 1394
1394 1042 1415
1042 1394 1415
861 16 1293
16 861 1293
1293 16 861
312 275 1334
275 312 1334
1334 275 312
1281 200 641
200 641 1281
641 200 1281
1284 58 817
817 58 1284
58 817 1284
1203 204 440
440 204 1203
204 440 1203
788 794 1176
794 788 1176
1176 788 794
1082 133 1151
1151 133 1082
133 1082 1151
410 87 406
87 406 410
406 87 410
601 518 700
518 601 700
700 518 601
770 683 1272
683 770 1272
1272 683 770
993 296 542
542 296 993
296 542 993
945 82 447
82 447 945
447 82 945
322 1103 1159
1103 322 1159
1159 322 1103
85 611 780
611 85 780
780 85 611
189 242 286
242 189 286
286 189 242
563 132 1440
132 563 1440
1440 132 563
733 723 854
854 723 733
723 733 854
1215 809 939
809 939 1215
939 809 1215
371 465 467
467 371 465
465 371 467
747 710 1286
710 747 1286
1286 710 747
95 195 758
758 95 195
195 95 758
3 158 1001
1001 3 158
158 3 1001
1191 728 926
926 728 1191
728 926 1191
62 552 1410
552 62 1410
1410 62 552
1189 551 1460
551 1189 1460
1460 551 1189
101 24 1138
1138 24 101
24 101 1138
1411 1308 1495
1495 1308 1411
1308 1411 1495
844 1300 1425
1300 844 1425
1425 844 1300
1035 199 408
408 199 1035
199 408 1035
1065 469 501
501 469 1065
469 501 1065
658 115 534
534 115 658
115 534 658
368 114 1479
114 368 1479
1479 114 368
1004 225 896
225 896 1004
896 225 1004
885 307 701
701 307 885
307 701 885
325 500 871
871 325 500
500 325 871
999 287 1202
287 999 1202
1202 287 999
1352 523 826
826 523 1352
523 826 1352
550 657 1318
1318 550 657
657 550 1318
318 1181 1339
1181 318 1339
1339 318 1181
323 829 1409
1409 323 829
829 323 1409
725 297 806
297 725 806
806 297 725
81 1008 1494
1494 81 1008
1008 81 1494
754 1407 1443
1407 754 1443
1443 754 1407
1290 801 1060
1060 801 1290
801 1060 1290
1418 582 1475
582 1418 1475
1475 582 1418
965 1083 1158
1158 965 1083
1083 965 1158
1487 558 931
931 558 1487
558 931 1487
1283 893 1019
893 1019 1283
1019 893 1283
358 649 1217
649 358 1217
1217 358 649
1169 618 738
738 618 1169
618 738 1169
119 1018 1204
1018 119 1204
1204 119 1018
900 131 1381
1381 131 900
131 900 1381
942 1264 1280
1264 942 1280
1280 942 1264
380 734 1237
1237 380 734
734 380 1237
229 676 1127
1127 229 676
676 229 1127
422 352 1252
352 422 1252
1252 352 422
1102 1304 1466
1466 1102 1304
1304 1102 1466
221 331 389
389 221 331
331 221 389
736 274 941
274 736 941
941 274 736
1302 497 986
497 986 1302
986 497 1302
1485 239 807
807 239 1485
239 807 1485
526 48 1069
1069 48 526
48 526 1069
976 1346 1454
1454 976 1346
1346 976 1454
1436 1072 1222
1222 1072 1436
1072 1222 1436
156 654 761
761 156 654
654 156 761
1277 577 718
577 718 1277
718 577 1277
246 350 1282
350 246 1282
1282 246 350
208 515 548
515 208 548
548 208 515
651 624 643
624 643 651
643 624 651
967 179 1125
1125 179 967
179 967 1125
565 7 504
7 504 565
504 7 565
46 564 1338
1338 46 564
564 46 1338
53 202 1232
202 53 1232
1232 53 202
1464 104 715
715 104 1464
104 715 1464
1178 1183 1213
1183 1178 1213
1213 1178 1183
979 137 1148
137 979 1148
1148 137 979
678 514 1312
1312 514 678
514 678 1312
174 332 1227
332 174 1227
1227 174 332
1244 282 1024
282 1024 1244
1024 282 1244
1225 915 1387
1387 915 1225
915 1225 1387
267 11 1309
11 267 1309
1309 11 267
748 1115 1230
1115 748 1230
1230 748 1115
460 194 1096
194 460 1096
1096 194 460
609 63 743
63 609 743
743 63 609
212 522 1439
1439 212 522
522 212 1439
