11276 2996 14346
14346 2996 11276
2996 11276 14346
6642 2349 10724
2349 6642 10724
10724 2349 6642
7461 4242 10041
10041 4242 7461
4242 7461 10041
2014 1653 2424
2424 1653 2014
1653 2014 2424
7450 3422 4916
3422 4916 7450
4916 3422 7450
10588 339 10633
10633 339 10588
339 10588 10633
14841 1776 8348
1776 8348 14841
8348 1776 14841
12122 88 980
980 88 12122
88 980 12122
9923 4163 9172
4163 9172 9923
9172 4163 9923
3564 13364 13731
13364 3564 13731
13731 3564 13364
1853 3341 4032
4032 1853 3341
3341 1853 4032
842 3088 4055
3088 842 4055
4055 842 3088
6811 9695 14915
14915 6811 9695
9695 6811 14915
10543 3209 9057
9057 3209 10543
3209 9057 10543
5311 10883 12247
10883 5311 12247
12247 5311 10883
11606 5000 10821
10821 5000 11606
5000 10821 11606
13890 1784 8064
1784 8064 13890
8064 1784 13890
5841 8766 11449
8766 5841 11449
11449 5841 8766
12164 8164 9091
8164 9091 12164
9091 8164 12164
2694 1892 14835
1892 2694 14835
14835 1892 2694
5415 2134 2560
2134 2560 5415
2560 2134 5415
9051 5741 8926
8926 5741 9051
5741 8926 9051
149 12073 14691
14691 149 12073
12073 149 14691
10306 5350 9877
5350 9877 10306
9877 5350 10306
7324 1894 4562
4562 1894 7324
1894 4562 7324
9438 6979 14175
6979 9438 14175
14175 6979 9438
4129 7678 10745
10745 4129 7678
7678 4129 10745
4047 6 8106
6 4047 8106
8106 6 4047
5812 1183 2854
2854 1183 5812
1183 2854 5812
951 4830 8316
8316 951 4830
4830 951 8316
11136 630 11285
11285 630 11136
630 11136 11285
7891 71 11926
71 7891 11926
11926 71 7891
11126 1987 5870
1987 5870 11126
5870 1987 11126
12433 4810 8372
4810 8372 12433
8372 4810 12433
14996 4759 14429
4759 14429 14996
14429 4759 14996
3463 13382 13429
13429 3463 13382
13382 3463 13429
6677 9347 14822
14822 6677 9347
9347 6677 14822
10930 1791 9528
1791 9528 10930
9528 1791 10930
13665 4308 9981
4308 9981 13665
9981 4308 13665
7365 5761 7002
5761 7002 7365
7002 5761 7365
7900 735 11481
11481 735 7900
735 7900 11481
7218 2569 4035
2569 4035 7218
4035 2569 7218
14220 7144 11896
11896 7144 14220
7144 11896 14220
5469 7602 14617
7602 5469 14617
14617 5469 7602
263 2470 10092
10092 263 2470
2470 263 10092
802 5052 6404
6404 802 5052
5052 802 6404
2333 4483 7867
7867 2333 4483
4483 2333 7867
4264 4466 10002
4466 4264 10002
10002 4264 4466
3223 8041 14632
8041 3223 14632
14632 3223 8041
7584 2702 5147
5147 2702 7584
2702 5147 7584
6556 6400 14882
14882 6400 6556
6400 6556 14882
437 7985 8684
7985 437 8684
8684 437 7985
12096 1509 10831
10831 1509 12096
1509 10831 12096
2810 9 2873
9 2810 2873
2873 9 2810
14308 5627 7621
5627 7621 14308
7621 5627 14308
94 6796 8809
8809 94 6796
6796 94 8809
13262 10818 12839
10818 12839 13262
12839 10818 13262
7042 11730 12788
12788 7042 11730
11730 7042 12788
12758 232 5970
232 5970 12758
5970 232 12758
7982 10896 11763
10896 7982 11763
11763 7982 10896
14633 7017 8862
8862 7017 14633
7017 8862 14633
5197 9363 13212
13212 5197 9363
9363 5197 13212
12911 761 12642
12642 761 12911
761 12642 12911
11811 5275 11477
11477 5275 11811
5275 11477 11811
9763 3631 5581
3631 5581 9763
5581 3631 9763
1432 1536 10269
1536 1432 10269
10269 1432 1536
1854 5229 9818
9818 1854 5229
5229 1854 9818
3845 3408 5607
3408 3845 5607
5607 3408 3845
11526 373 2564
373 2564 11526
2564 373 11526
2599 887 2829
2829 887 2599
887 2599 2829
1919 5685 7284
5685 1919 7284
7284 1919 5685
1320 2780 6411
2780 1320 6411
6411 1320 2780
13844 413 1600
1600 413 13844
413 1600 13844
13575 12511 12666
12666 12511 13575
12511 12666 13575
1243 4925 6094
6094 1243 4925
4925 1243 6094
13725 6859 10780
6859 10780 13725
10780 6859 13725
11406 3796 14686
3796 11406 14686
14686 3796 11406
11787 11184 14352
11184 11787 14352
14352 11184 11787
7533 9749 10452
9749 7533 10452
10452 7533 9749
1803 107 4513
4513 107 1803
107 1803 4513
8937 2538 5706
2538 5706 8937
5706 2538 8937
1069 3446 13069
3446 1069 13069
13069 1069 3446
7828 948 9494
948 7828 9494
9494 948 7828
12154 390 12669
12669 390 12154
390 12154 12669
8241 7076 13140
7076 8241 13140
13140 7076 8241
5192 5322 7964
7964 5192 5322
5322 5192 7964
9445 8255 14321
14321 8255 9445
8255 9445 14321
899 3045 5746
5746 899 3045
3045 899 5746
6253 593 8724
593 6253 8724
8724 593 6253
6421 6702 7012
6702 6421 7012
7012 6421 6702
11893 13834 14650
14650 11893 13834
13834 11893 14650
13098 8918 11360
8918 11360 13098
11360 8918 13098
14571 8934 9649
9649 8934 14571
8934 9649 14571
1610 252 7553
252 1610 7553
7553 252 1610
9439 2576 7152
2576 7152 9439
7152 2576 9439
1474 3179 11518
3179 1474 11518
11518 1474 3179
2235 2403 5658
2403 2235 5658
5658 2235 2403
14214 5544 7215
7215 5544 14214
5544 7215 14214
2616 6798 7231
7231 2616 6798
6798 2616 7231
13231 539 2841
539 2841 13231
2841 539 13231
9590 3885 4575
4575 3885 9590
3885 4575 9590
1451 1938 4913
1938 1451 4913
4913 1451 1938
5847 13044 13080
13044 5847 13080
13080 5847 13044
14883 11080 12048
12048 11080 14883
11080 12048 14883
7026 1438 9849
9849 1438 7026
1438 7026 9849
771 3686 9484
3686 771 9484
9484 771 3686
8773 2133 2649
2133 2649 8773
2649 2133 8773
5560 2367 11957
2367 5560 11957
11957 2367 5560
9302 10928 11966
10928 9302 11966
11966 9302 10928
1311 10576 11607
10576 1311 11607
11607 1311 10576
6555 10966 14525
14525 6555 10966
10966 6555 14525
1097 5782 8346
5782 1097 8346
8346 1097 5782
5931 80 10929
10929 80 5931
80 5931 10929
12870 1215 10275
10275 1215 12870
1215 10275 12870
2558 4997 7818
7818 2558 4997
4997 2558 7818
12693 1239 12679
1239 12679 12693
12679 1239 12693
11766 3840 14513
14513 3840 11766
3840 11766 14513
9463 3821 9870
9870 3821 9463
3821 9463 9870
14661 6496 8539
8539 6496 14661
6496 8539 14661
12905 791 8177
8177 791 12905
791 8177 12905
2915 1488 11261
1488 2915 11261
11261 1488 2915
9089 6192 9264
6192 9089 9264
9264 6192 9089
11474 977 5704
977 5704 11474
5704 977 11474
6482 5426 6683
6683 5426 6482
5426 6482 6683
6085 4096 11040
11040 4096 6085
4096 6085 11040
4251 1517 5990
1517 4251 5990
5990 1517 4251
6426 5461 12907
12907 5461 6426
5461 6426 12907
4617 1542 12508
1542 4617 12508
12508 1542 4617
7642 9142 14322
9142 7642 14322
14322 7642 9142
5033 221 8641
8641 221 5033
221 5033 8641
265 2898 14849
14849 265 2898
2898 265 14849
7345 647 9800
647 7345 9800
9800 647 7345
12337 1450 4435
4435 1450 12337
1450 4435 12337
3060 5020 14648
14648 3060 5020
5020 3060 14648
9577 9703 13323
9703 9577 13323
13323 9577 9703
14524 8048 13437
13437 8048 14524
8048 13437 14524
8142 3559 13228
3559 8142 13228
13228 3559 8142
2178 5132 14047
14047 2178 5132
5132 2178 14047
9920 112 838
112 838 9920
838 112 9920
7548 4450 10053
10053 4450 7548
4450 7548 10053
6762 8815 13936
13936 6762 8815
8815 6762 13936
2280 9395 11660
9395 2280 11660
11660 2280 9395
8203 2711 13291
13291 2711 8203
2711 8203 13291
4871 2779 11307
2779 4871 11307
11307 2779 4871
9544 1664 11234
11234 1664 9544
1664 9544 11234
4861 6072 12068
6072 4861 12068
12068 4861 6072
6461 6353 11563
11563 6353 6461
6353 6461 11563
3813 4325 10157
10157 3813 4325
4325 3813 10157
13388 11557 13047
11557 13047 13388
13047 11557 13388
225 2586 10571
10571 225 2586
2586 225 10571
10446 6396 6465
6396 6465 10446
6465 6396 10446
11522 8345 8735
8345 8735 11522
8735 8345 11522
2193 4638 7118
7118 2193 4638
4638 2193 7118
8442 5916 10256
10256 5916 8442
5916 8442 10256
2020 5049 5691
5691 2020 5049
5049 2020 5691
6616 1840 3975
3975 1840 6616
1840 3975 6616
12020 10545 11083
11083 10545 12020
10545 11083 12020
10865 7160 12808
7160 10865 12808
12808 7160 10865
6998 375 7158
375 6998 7158
7158 375 6998
8510 347 9893
347 8510 9893
9893 347 8510
14718 2768 4342
2768 4342 14718
4342 2768 14718
8118 5731 6958
6958 5731 8118
5731 6958 8118
5884 1081 14083
1081 5884 14083
14083 1081 5884
2136 2021 11809
2021 2136 11809
11809 2021 2136
14275 3973 12361
12361 3973 14275
3973 12361 14275
2816 6614 8946
6614 2816 8946
8946 2816 6614
4216 9205 10698
9205 4216 10698
10698 4216 9205
1767 6606 7222
7222 1767 6606
6606 1767 7222
4341 3874 3925
3925 3874 4341
3874 3925 4341
14816 7238 12847
7238 12847 14816
12847 7238 14816
1930 7302 8639
7302 1930 8639
8639 1930 7302
3568 3943 5899
5899 3568 3943
3943 3568 5899
8409 185 11431
11431 185 8409
185 8409 11431
8527 1423 11995
1423 8527 11995
11995 1423 8527
5489 640 4503
4503 640 5489
640 4503 5489
10420 4878 8921
8921 4878 10420
4878 8921 10420
12996 6971 13889
6971 12996 13889
13889 6971 12996
12771 2003 12477
2003 12477 12771
12477 2003 12771
2947 12015 14773
14773 2947 12015
12015 2947 14773
10382 2512 9522
2512 9522 10382
9522 2512 10382
6288 637 13659
637 6288 13659
13659 637 6288
5804 7011 8395
7011 5804 8395
8395 5804 7011
5084 3917 5116
5116 3917 5084
3917 5084 5116
7151 53 8036
8036 53 7151
53 7151 8036
2717 895 2278
2278 895 2717
895 2278 2717
2219 3397 10908
3397 2219 10908
10908 2219 3397
11882 3171 4327
3171 4327 11882
4327 3171 11882
12468 3177 10349
3177 10349 12468
10349 3177 12468
8073 2773 13039
13039 2773 8073
2773 8073 13039
12764 164 745
745 164 12764
164 745 12764
862 2883 3905
3905 862 2883
2883 862 3905
8479 2088 7398
2088 7398 8479
7398 2088 8479
11794 7926 10540
7926 10540 11794
10540 7926 11794
14559 5631 7199
7199 5631 14559
5631 7199 14559
3673 259 9184
259 3673 9184
9184 259 3673
3316 1045 6355
1045 3316 6355
6355 1045 3316
7594 4615 8993
4615 7594 8993
8993 4615 7594
9276 2924 8405
2924 8405 9276
8405 2924 9276
3960 11985 13887
11985 3960 13887
13887 3960 11985
2510 1466 11935
11935 1466 2510
1466 2510 11935
7932 8805 14902
14902 7932 8805
8805 7932 14902
7799 2772 11799
2772 7799 11799
11799 2772 7799
12929 1955 11638
1955 11638 12929
11638 1955 12929
3024 4097 5138
4097 3024 5138
5138 3024 4097
2509 6681 11860
11860 2509 6681
6681 2509 11860
12183 4970 8794
8794 4970 12183
4970 8794 12183
5677 13557 14344
14344 5677 13557
13557 5677 14344
12423 3111 5196
3111 5196 12423
5196 3111 12423
8751 4405 4791
4791 4405 8751
4405 4791 8751
835 35 2291
35 835 2291
2291 35 835
6403 10700 13167
13167 6403 10700
10700 6403 13167
3167 8841 11713
8841 3167 11713
11713 3167 8841
14216 3386 5749
5749 3386 14216
3386 5749 14216
9520 10251 14250
10251 9520 14250
14250 9520 10251
11162 7674 9390
9390 7674 11162
7674 9390 11162
7684 9121 10899
9121 7684 10899
10899 7684 9121
10768 7276 7996
7276 7996 10768
7996 7276 10768
179 627 14775
627 179 14775
14775 179 627
3029 4294 8496
8496 3029 4294
4294 3029 8496
6156 6448 12083
6448 6156 12083
12083 6156 6448
11128 1321 11514
1321 11128 11514
11514 1321 11128
12201 1247 10241
10241 1247 12201
1247 10241 12201
13004 4219 12001
12001 4219 13004
4219 12001 13004
13284 5002 14893
5002 13284 14893
14893 5002 13284
2828 13509 14910
13509 2828 14910
14910 2828 13509
3787 333 10689
10689 333 3787
333 3787 10689
12439 2758 13982
2758 12439 13982
13982 2758 12439
4950 3252 12010
3252 4950 12010
12010 3252 4950
760 8302 12803
8302 760 12803
12803 760 8302
10088 1300 12738
1300 10088 12738
12738 1300 10088
250 654 12379
12379 250 654
654 250 12379
497 4972 9888
4972 497 9888
9888 497 4972
3062 4971 7349
7349 3062 4971
4971 3062 7349
2522 1218 10190
1218 2522 10190
10190 1218 2522
14566 5352 9708
5352 9708 14566
9708 5352 14566
5612 430 6982
6982 430 5612
430 5612 6982
8127 1441 6249
6249 1441 8127
1441 6249 8127
3273 3077 12749
12749 3077 3273
3077 3273 12749
7616 742 4014
742 4014 7616
4014 742 7616
13565 2395 12196
2395 12196 13565
12196 2395 13565
7702 3008 14889
3008 7702 14889
14889 3008 7702
13392 687 13524
687 13392 13524
13524 687 13392
7131 5527 14120
14120 5527 7131
5527 7131 14120
10854 4691 10156
4691 10156 10854
10156 4691 10854
2132 2051 7373
2051 2132 7373
7373 2051 2132
9339 1124 1601
1601 1124 9339
1124 1601 9339
13165 3484 11678
11678 3484 13165
3484 11678 13165
3242 3017 9704
9704 3017 3242
3017 3242 9704
14669 6495 12890
12890 6495 14669
6495 12890 14669
9810 10728 12654
12654 9810 10728
10728 9810 12654
14637 9014 14712
14712 9014 14637
9014 14637 14712
204 3831 7776
3831 204 7776
7776 204 3831
1205 1200 3401
1200 1205 3401
3401 1200 1205
7737 4779 5236
4779 5236 7737
5236 4779 7737
10050 9840 13732
9840 10050 13732
13732 9840 10050
14278 7386 12893
7386 12893 14278
12893 7386 14278
2902 9317 14264
14264 2902 9317
9317 2902 14264
30 10179 13878
10179 30 13878
13878 30 10179
9831 2059 4050
4050 2059 9831
2059 4050 9831
8514 6666 14244
14244 6666 8514
6666 8514 14244
11672 3870 8371
8371 3870 11672
3870 8371 11672
2265 4103 11665
4103 2265 11665
11665 2265 4103
1953 3723 14544
3723 1953 14544
14544 1953 3723
8264 3538 12383
3538 8264 12383
12383 3538 8264
3579 2817 8190
8190 2817 3579
2817 3579 8190
1464 2735 8015
2735 1464 8015
8015 1464 2735
4384 1014 12912
12912 1014 4384
1014 4384 12912
10598 781 10851
10851 781 10598
781 10598 10851
8604 6354 8291
6354 8291 8604
8291 6354 8604
2533 8102 12288
12288 2533 8102
8102 2533 12288
8955 10803 12148
12148 8955 10803
10803 8955 12148
13941 7009 13520
7009 13520 13941
13520 7009 13941
6010 7067 12099
7067 6010 12099
12099 6010 7067
8020 5316 13435
13435 5316 8020
5316 8020 13435
9274 10714 13771
10714 9274 13771
13771 9274 10714
4565 4912 5142
4912 4565 5142
5142 4565 4912
1394 1402 3414
1402 1394 3414
3414 1394 1402
13172 7394 14269
14269 7394 13172
7394 13172 14269
77 1719 11243
11243 77 1719
1719 77 11243
11045 6513 13708
13708 6513 11045
6513 11045 13708
4724 2319 3328
3328 2319 4724
2319 3328 4724
3525 1711 14977
14977 1711 3525
1711 3525 14977
6326 3744 8671
8671 3744 6326
3744 6326 8671
13299 13596 14918
14918 13299 13596
13596 13299 14918
4433 6047 8613
8613 4433 6047
6047 4433 8613
974 2181 7039
2181 974 7039
7039 974 2181
14122 5993 11655
11655 5993 14122
5993 11655 14122
5867 9892 14741
14741 5867 9892
9892 5867 14741
5823 9277 13395
9277 5823 13395
13395 5823 9277
1628 3947 4448
3947 1628 4448
4448 1628 3947
3769 5043 7228
5043 3769 7228
7228 3769 5043
12681 2515 11462
11462 2515 12681
2515 11462 12681
11204 6291 6694
6694 6291 11204
6291 6694 11204
9591 2988 14887
2988 9591 14887
14887 2988 9591
4368 1350 10007
1350 4368 10007
10007 1350 4368
1003 10984 13348
10984 1003 13348
13348 1003 10984
9651 11656 11715
11656 9651 11715
11715 9651 11656
2961 777 1585
777 1585 2961
1585 777 2961
6541 3174 3942
3942 3174 6541
3174 3942 6541
5929 4215 7246
4215 5929 7246
7246 4215 5929
8804 2127 14666
14666 2127 8804
2127 8804 14666
2815 725 8062
725 2815 8062
8062 725 2815
13213 1715 2455
1715 2455 13213
2455 1715 13213
7326 4605 11531
11531 4605 7326
4605 7326 11531
9889 428 2052
2052 428 9889
428 2052 9889
4825 7903 13759
13759 4825 7903
7903 4825 13759
448 3902 11955
11955 448 3902
3902 448 11955
8666 5424 13674
13674 5424 8666
5424 8666 13674
14550 8629 12940
12940 8629 14550
8629 12940 14550
7420 7786 9901
9901 7420 7786
7786 7420 9901
12616 1700 2701
2701 1700 12616
1700 2701 12616
8229 8 11134
8 8229 11134
11134 8 8229
9159 9847 10480
10480 9159 9847
9847 9159 10480
11270 427 1813
427 1813 11270
1813 427 11270
2609 7545 13795
13795 2609 7545
7545 2609 13795
14975 4639 4869
4639 4869 14975
4869 4639 14975
2727 1524 13160
13160 1524 2727
1524 2727 13160
6535 6256 8777
8777 6256 6535
6256 6535 8777
1375 7927 8931
8931 1375 7927
7927 1375 8931
13 8817 10559
10559 13 8817
8817 13 10559
8341 5060 5828
5060 5828 8341
5828 5060 8341
3336 7718 10038
10038 3336 7718
7718 3336 10038
5199 5863 9342
9342 5199 5863
5863 5199 9342
11807 9187 10789
10789 9187 11807
9187 10789 11807
6348 201 13999
13999 201 6348
201 6348 13999
759 368 14555
14555 368 759
368 759 14555
2607 6109 7748
7748 2607 6109
6109 2607 7748
1149 976 6080
976 1149 6080
6080 976 1149
9481 8619 13629
8619 9481 13629
13629 8619 9481
3139 7512 10863
7512 3139 10863
10863 3139 7512
9998 10316 10919
10316 9998 10919
10919 9998 10316
414 5689 14128
14128 414 5689
5689 414 14128
4152 9023 10247
9023 4152 10247
10247 4152 9023
127 8090 9087
8090 127 9087
9087 127 8090
13801 5698 6499
6499 5698 13801
5698 6499 13801
4170 7452 10921
10921 4170 7452
7452 4170 10921
9663 11549 12159
12159 9663 11549
11549 9663 12159
3934 1850 10083
1850 3934 10083
10083 1850 3934
3519 2422 13757
2422 3519 13757
13757 2422 3519
5974 9876 12235
12235 5974 9876
9876 5974 12235
161 8337 8342
8337 161 8342
8342 161 8337
10090 4769 14325
14325 4769 10090
4769 10090 14325
11724 6501 8208
8208 6501 11724
6501 8208 11724
10333 13010 14094
14094 10333 13010
13010 10333 14094
7322 8386 9374
8386 7322 9374
9374 7322 8386
4114 348 6468
6468 348 4114
348 4114 6468
547 3588 6650
3588 547 6650
6650 547 3588
874 6039 10004
6039 874 10004
10004 874 6039
9822 4130 6299
4130 6299 9822
6299 4130 9822
8181 9957 10613
10613 8181 9957
9957 8181 10613
12700 2071 5128
2071 5128 12700
5128 2071 12700
1724 6129 8584
8584 1724 6129
6129 1724 8584
13747 119 2887
2887 119 13747
119 2887 13747
11283 3310 6386
6386 3310 11283
3310 6386 11283
6818 7233 14436
14436 6818 7233
7233 6818 14436
1098 1783 12002
1783 1098 12002
12002 1098 1783
3658 311 7990
311 3658 7990
7990 311 3658
1072 4040 14293
4040 1072 14293
14293 1072 4040
10773 1282 8852
8852 1282 10773
1282 8852 10773
13603 11765 12370
12370 11765 13603
11765 12370 13603
14150 3064 13352
13352 3064 14150
3064 13352 14150
14735 4611 10287
10287 4611 14735
4611 10287 14735
1979 1177 13531
13531 1177 1979
1177 1979 13531
11344 4022 7627
4022 7627 11344
7627 4022 11344
1717 5396 11534
5396 1717 11534
11534 1717 5396
10364 4609 12955
4609 10364 12955
12955 4609 10364
13811 1433 9988
9988 1433 13811
1433 9988 13811
13018 372 6635
372 6635 13018
6635 372 13018
3146 1221 4347
4347 1221 3146
1221 3146 4347
7758 10752 11414
11414 7758 10752
10752 7758 11414
12710 8761 10227
8761 10227 12710
10227 8761 12710
2657 12032 13981
12032 2657 13981
13981 2657 12032
13088 851 9109
9109 851 13088
851 9109 13088
2577 5357 11533
11533 2577 5357
5357 2577 11533
13169 341 11049
11049 341 13169
341 11049 13169
2991 4998 14100
4998 2991 14100
14100 2991 4998
502 11271 12271
12271 502 11271
11271 502 12271
13184 8489 9061
9061 8489 13184
8489 9061 13184
11046 5622 9569
5622 9569 11046
9569 5622 11046
1396 608 14514
14514 608 1396
608 1396 14514
10027 1796 3409
3409 1796 10027
1796 3409 10027
14737 12968 13730
13730 12968 14737
12968 13730 14737
13136 2023 2589
2023 2589 13136
2589 2023 13136
12581 42 6712
42 6712 12581
6712 42 12581
13630 806 2481
2481 806 13630
806 2481 13630
10551 7853 14365
7853 10551 14365
14365 7853 10551
9851 247 5423
5423 247 9851
247 5423 9851
13789 5488 8219
5488 8219 13789
8219 5488 13789
12894 9278 14803
14803 9278 12894
9278 12894 14803
11892 3137 6734
3137 6734 11892
6734 3137 11892
11247 2699 4610
4610 2699 11247
2699 4610 11247
14295 12356 14695
12356 14295 14695
14695 12356 14295
9444 5912 6311
5912 6311 9444
6311 5912 9444
9535 3615 5589
3615 5589 9535
5589 3615 9535
4076 1958 3582
1958 3582 4076
3582 1958 4076
691 950 4188
950 691 4188
4188 691 950
14280 2356 13186
13186 2356 14280
2356 13186 14280
4807 7712 9338
9338 4807 7712
7712 4807 9338
1411 8830 11881
8830 1411 11881
11881 1411 8830
4480 5840 8983
5840 4480 8983
8983 4480 5840
228 6052 12323
6052 228 12323
12323 228 6052
9197 3771 10664
3771 9197 10664
10664 3771 9197
8561 7490 10112
10112 7490 8561
7490 8561 10112
6423 9440 10766
10766 6423 9440
9440 6423 10766
1530 1831 7610
1831 1530 7610
7610 1530 1831
8535 12410 12592
12592 8535 12410
12410 8535 12592
5667 4850 8252
8252 4850 5667
4850 5667 8252
11468 2803 14065
2803 11468 14065
14065 2803 11468
8894 8463 12497
12497 8463 8894
8463 8894 12497
1295 6588 14908
6588 1295 14908
14908 1295 6588
11412 4977 10938
4977 10938 11412
10938 4977 11412
7919 529 8824
8824 529 7919
529 7919 8824
2617 9509 11118
9509 2617 11118
11118 2617 9509
2069 10220 10987
10220 2069 10987
10987 2069 10220
6808 5224 6969
6969 5224 6808
5224 6808 6969
594 764 1725
1725 594 764
764 594 1725
10365 5883 9720
5883 9720 10365
9720 5883 10365
12153 6438 10586
6438 10586 12153
10586 6438 12153
3869 93 4056
4056 93 3869
93 3869 4056
13215 3303 9916
3303 9916 13215
9916 3303 13215
1888 1804 13580
1804 1888 13580
13580 1804 1888
7521 4990 6172
6172 4990 7521
4990 6172 7521
2588 486 5364
486 2588 5364
5364 486 2588
12320 10686 12892
10686 12320 12892
12892 10686 12320
14916 2707 13870
2707 13870 14916
13870 2707 14916
6100 1292 3699
1292 3699 6100
3699 1292 6100
12688 6815 6997
6815 6997 12688
6997 6815 12688
11058 5853 14579
5853 11058 14579
14579 5853 11058
2466 5347 7469
5347 2466 7469
7469 2466 5347
13396 5504 13380
5504 13380 13396
13380 5504 13396
12041 3643 14780
3643 12041 14780
14780 3643 12041
10458 4354 14903
4354 10458 14903
14903 4354 10458
13028 4472 7377
4472 7377 13028
7377 4472 13028
8754 1507 2389
2389 1507 8754
1507 2389 8754
11127 5037 14599
14599 5037 11127
5037 11127 14599
1287 3889 9531
9531 1287 3889
3889 1287 9531
315 6782 10840
6782 315 10840
10840 315 6782
1649 8582 9178
9178 1649 8582
8582 1649 9178
3430 3122 11667
3122 3430 11667
11667 3122 3430
9574 13170 13187
13187 9574 13170
13170 9574 13187
6864 3288 6219
6219 3288 6864
3288 6219 6864
11465 5242 6747
5242 6747 11465
6747 5242 11465
2401 2982 4344
4344 2401 2982
2982 2401 4344
5293 9722 10927
9722 5293 10927
10927 5293 9722
12720 1460 7995
1460 7995 12720
7995 1460 12720
14417 2943 4193
4193 2943 14417
2943 4193 14417
1688 1771 5404
5404 1688 1771
1771 1688 5404
11991 631 4664
4664 631 11991
631 4664 11991
355 12035 12414
12035 355 12414
12414 355 12035
14476 11744 13277
11744 13277 14476
13277 11744 14476
9469 6577 6672
6672 6577 9469
6577 6672 9469
1468 423 1473
1473 423 1468
423 1468 1473
12438 4436 8888
8888 4436 12438
4436 8888 12438
3247 2610 14013
2610 3247 14013
14013 2610 3247
6733 3778 10845
10845 3778 6733
3778 6733 10845
2795 713 2272
2272 713 2795
713 2272 2795
6503 1031 4043
1031 4043 6503
4043 1031 6503
10721 1085 1877
1085 1877 10721
1877 1085 10721
14620 2118 4488
4488 2118 14620
2118 4488 14620
12923 2157 8003
2157 8003 12923
8003 2157 12923
13391 6123 12819
12819 6123 13391
6123 12819 13391
2855 2776 10347
10347 2776 2855
2776 2855 10347
13529 458 2637
458 2637 13529
2637 458 13529
13022 7013 9752
9752 7013 13022
7013 9752 13022
2503 1369 10478
1369 2503 10478
10478 1369 2503
9710 2870 7389
7389 2870 9710
2870 7389 9710
6479 2700 7687
2700 6479 7687
7687 2700 6479
13207 3971 12221
12221 3971 13207
3971 12221 13207
11962 6565 8060
6565 8060 11962
8060 6565 11962
3103 1439 4710
1439 3103 4710
4710 1439 3103
9462 5294 13344
13344 5294 9462
5294 9462 13344
10622 5738 13270
5738 10622 13270
13270 5738 10622
11922 3953 9372
9372 3953 11922
3953 9372 11922
6424 1360 10985
10985 1360 6424
1360 6424 10985
12285 536 4855
4855 536 12285
536 4855 12285
7498 6878 14906
14906 6878 7498
6878 7498 14906
495 2955 13489
2955 495 13489
13489 495 2955
12081 1479 13455
13455 1479 12081
1479 12081 13455
10266 9164 13670
13670 9164 10266
9164 10266 13670
14655 5529 6881
5529 6881 14655
6881 5529 14655
6164 5646 6046
5646 6046 6164
6046 5646 6164
8225 11119 12659
12659 8225 11119
11119 8225 12659
1699 4697 12034
12034 1699 4697
4697 1699 12034
3074 9772 12256
12256 3074 9772
9772 3074 12256
132 1296 6358
1296 132 6358
6358 132 1296
12860 11927 13627
11927 12860 13627
13627 11927 12860
10147 7050 14876
7050 10147 14876
14876 7050 10147
10195 14307 14378
14378 10195 14307
14307 10195 14378
1490 8380 14561
8380 1490 14561
14561 1490 8380
8668 3457 6237
3457 6237 8668
6237 3457 8668
6410 2152 8396
2152 6410 8396
8396 2152 6410
13110 2072 2858
2858 2072 13110
2072 2858 13110
2034 8795 11914
11914 2034 8795
8795 2034 11914
5718 388 6251
6251 388 5718
388 5718 6251
11947 1620 14099
1620 11947 14099
14099 1620 11947
1637 2451 14979
2451 1637 14979
14979 1637 2451
10234 8364 11338
11338 8364 10234
8364 10234 11338
693 12723 13825
12723 693 13825
13825 693 12723
8240 1304 3349
1304 3349 8240
3349 1304 8240
2237 1961 6748
6748 1961 2237
1961 2237 6748
5018 10140 14161
10140 5018 14161
14161 5018 10140
13300 833 11740
833 11740 13300
11740 833 13300
9736 5515 9846
5515 9736 9846
9846 5515 9736
4526 11097 11978
11978 4526 11097
11097 4526 11978
6572 338 1033
338 1033 6572
1033 338 6572
14162 9738 10783
10783 9738 14162
9738 10783 14162
14329 8284 11718
11718 8284 14329
8284 11718 14329
6038 260 10974
10974 260 6038
260 6038 10974
13667 4699 12793
4699 12793 13667
12793 4699 13667
5214 983 13238
983 5214 13238
13238 983 5214
10573 14596 14693
14596 10573 14693
14693 10573 14596
14183 2677 6088
2677 6088 14183
6088 2677 14183
8227 2263 5835
5835 2263 8227
2263 5835 8227
9010 6035 6181
6181 6035 9010
6035 6181 9010
8063 2104 4419
2104 4419 8063
4419 2104 8063
14636 4761 12134
12134 4761 14636
4761 12134 14636
11755 7098 14556
14556 7098 11755
7098 11755 14556
942 3548 6670
3548 942 6670
6670 942 3548
6483 3128 8541
8541 3128 6483
3128 6483 8541
184 10144 11312
11312 184 10144
10144 184 11312
14281 10556 12480
10556 12480 14281
12480 10556 14281
1763 5588 9867
5588 1763 9867
9867 1763 5588
9610 916 10888
10888 916 9610
916 9610 10888
652 3261 4702
4702 652 3261
3261 652 4702
11364 5831 11455
11455 5831 11364
5831 11364 11455
9836 11785 12487
12487 9836 11785
11785 9836 12487
5674 475 2485
2485 475 5674
475 2485 5674
4939 63 10949
63 4939 10949
10949 63 4939
237 3938 5664
5664 237 3938
3938 237 5664
4884 9773 11771
11771 4884 9773
9773 4884 11771
617 6092 13975
13975 617 6092
6092 617 13975
10600 540 2963
540 2963 10600
2963 540 10600
12872 11426 13762
13762 11426 12872
11426 12872 13762
8889 5261 13649
13649 5261 8889
5261 8889 13649
3369 3545 9040
9040 3369 3545
3545 3369 9040
14557 3762 10952
10952 3762 14557
3762 10952 14557
13390 3300 12507
3300 12507 13390
12507 3300 13390
3732 1669 10484
1669 3732 10484
10484 1669 3732
11497 4640 13723
4640 11497 13723
13723 4640 11497
4463 4968 6099
6099 4463 4968
4968 4463 6099
7474 3756 4934
4934 3756 7474
3756 4934 7474
10846 3165 8091
3165 8091 10846
8091 3165 10846
7957 4914 13236
13236 4914 7957
4914 7957 13236
8801 3183 5144
3183 5144 8801
5144 3183 8801
12498 351 8882
351 8882 12498
8882 351 12498
13838 1449 5013
5013 1449 13838
1449 5013 13838
13383 11695 11776
11695 11776 13383
11776 11695 13383
7212 5901 11070
11070 5901 7212
5901 7212 11070
5172 7753 8332
8332 5172 7753
7753 5172 8332
11001 12551 13075
12551 11001 13075
13075 11001 12551
7752 5714 6493
6493 5714 7752
5714 6493 7752
926 1797 9236
9236 926 1797
1797 926 9236
7893 768 3154
3154 768 7893
768 3154 7893
13763 1855 3839
1855 3839 13763
3839 1855 13763
4399 2557 14621
14621 2557 4399
2557 4399 14621
6060 1381 6296
1381 6060 6296
6296 1381 6060
3651 2150 10295
10295 2150 3651
2150 3651 10295
13828 4874 6610
6610 4874 13828
4874 6610 13828
4584 5169 10945
5169 4584 10945
10945 4584 5169
5997 13684 14518
14518 5997 13684
13684 5997 14518
6768 9314 14413
14413 6768 9314
9314 6768 14413
5042 8904 9757
8904 5042 9757
9757 5042 8904
2880 5725 11055
5725 2880 11055
11055 2880 5725
879 1142 8534
8534 879 1142
1142 879 8534
13322 7370 12150
12150 7370 13322
7370 12150 13322
7558 2861 3434
2861 3434 7558
3434 2861 7558
7951 1555 1589
1555 1589 7951
1589 1555 7951
1079 7670 9113
9113 1079 7670
7670 1079 9113
7414 9190 13791
13791 7414 9190
9190 7414 13791
9834 3709 14449
3709 9834 14449
14449 3709 9834
7260 481 1179
481 1179 7260
1179 481 7260
13570 8220 10898
8220 10898 13570
10898 8220 13570
537 4183 6050
4183 537 6050
6050 537 4183
6408 4100 13561
13561 4100 6408
4100 6408 13561
1554 3284 3322
3322 1554 3284
3284 1554 3322
3124 3449 9173
9173 3124 3449
3449 3124 9173
6004 4673 7443
7443 4673 6004
4673 6004 7443
6258 8863 12378
8863 6258 12378
12378 6258 8863
1465 5495 12652
5495 1465 12652
12652 1465 5495
8961 13273 14249
14249 8961 13273
13273 8961 14249
6654 5468 7953
7953 5468 6654
5468 6654 7953
8502 13113 14719
14719 8502 13113
13113 8502 14719
398 4221 10340
10340 398 4221
4221 398 10340
13052 6188 14424
6188 13052 14424
14424 6188 13052
6780 701 6078
6078 701 6780
701 6078 6780
755 5554 7582
5554 755 7582
7582 755 5554
775 2226 3404
3404 775 2226
2226 775 3404
13225 8043 13579
8043 13225 13579
13579 8043 13225
6568 6900 13084
13084 6568 6900
6900 6568 13084
4645 3089 4930
3089 4645 4930
4930 3089 4645
13703 1684 14137
1684 13703 14137
14137 1684 13703
2980 81 7066
81 2980 7066
7066 81 2980
7647 1418 9166
1418 7647 9166
9166 1418 7647
8597 6070 7791
6070 7791 8597
7791 6070 8597
705 5003 6583
6583 705 5003
5003 705 6583
9222 10463 13379
13379 9222 10463
10463 9222 13379
4141 9732 14006
9732 4141 14006
14006 4141 9732
6145 2741 10032
2741 6145 10032
10032 2741 6145
5663 5614 11473
11473 5614 5663
5614 5663 11473
4767 6884 10098
6884 4767 10098
10098 4767 6884
3293 1529 2618
1529 2618 3293
2618 1529 3293
14814 4017 11061
4017 11061 14814
11061 4017 14814
7756 2405 4132
4132 2405 7756
2405 4132 7756
10293 2683 8649
2683 8649 10293
8649 2683 10293
13015 233 4229
4229 233 13015
233 4229 13015
13655 2755 3048
2755 3048 13655
3048 2755 13655
10278 2382 13336
13336 2382 10278
2382 10278 13336
5205 4768 12535
4768 5205 12535
12535 4768 5205
8305 8680 14766
8680 8305 14766
14766 8305 8680
11585 2266 10506
2266 10506 11585
10506 2266 11585
5152 3149 10026
10026 3149 5152
3149 5152 10026
9420 6812 13675
6812 9420 13675
13675 6812 9420
2092 8440 9324
8440 2092 9324
9324 2092 8440
10473 5959 9939
5959 9939 10473
9939 5959 10473
11150 3512 5048
5048 3512 11150
3512 5048 11150
1949 1390 9671
9671 1390 1949
1390 1949 9671
6059 4361 5406
5406 4361 6059
4361 5406 6059
6647 8226 10667
10667 6647 8226
8226 6647 10667
4378 9460 10447
9460 4378 10447
10447 4378 9460
1063 601 2459
601 1063 2459
2459 601 1063
8743 1773 9666
9666 1773 8743
1773 8743 9666
1424 7004 13756
7004 1424 13756
13756 1424 7004
7654 4636 11026
11026 4636 7654
4636 7654 11026
13638 169 3267
169 3267 13638
3267 169 13638
14675 2502 13804
13804 2502 14675
2502 13804 14675
3743 4625 9490
9490 3743 4625
4625 3743 9490
3788 6641 7239
6641 3788 7239
7239 3788 6641
330 4820 11510
11510 330 4820
4820 330 11510
789 11005 11835
11005 789 11835
11835 789 11005
2940 4337 6894
6894 2940 4337
4337 2940 6894
2863 1329 10381
10381 1329 2863
1329 2863 10381
8691 9626 13218
9626 8691 13218
13218 8691 9626
12328 2622 4258
2622 4258 12328
4258 2622 12328
6168 511 12293
511 6168 12293
12293 511 6168
14824 9783 12999
9783 12999 14824
12999 9783 14824
11666 33 3827
33 3827 11666
3827 33 11666
6112 2306 12496
2306 6112 12496
12496 2306 6112
6693 3253 6932
6932 3253 6693
3253 6693 6932
10502 1154 14619
1154 10502 14619
14619 1154 10502
11336 345 11036
11036 345 11336
345 11036 11336
14931 11788 12093
11788 12093 14931
12093 11788 14931
10175 189 12904
189 10175 12904
12904 189 10175
14163 7053 7090
7053 7090 14163
7090 7053 14163
5300 953 12219
12219 953 5300
953 5300 12219
2100 4655 8031
4655 2100 8031
8031 2100 4655
616 4199 9638
4199 616 9638
9638 616 4199
5591 3903 6801
3903 5591 6801
6801 3903 5591
9414 1410 5610
5610 1410 9414
1410 5610 9414
3205 6907 7352
7352 3205 6907
6907 3205 7352
4778 2888 9194
2888 4778 9194
9194 2888 4778
13832 5906 7576
7576 5906 13832
5906 7576 13832
4078 11401 13711
11401 4078 13711
13711 4078 11401
10128 13456 13617
13456 10128 13617
13617 10128 13456
1491 9950 12138
12138 1491 9950
9950 1491 12138
4959 5312 12851
5312 4959 12851
12851 4959 5312
1483 7396 14843
14843 1483 7396
7396 1483 14843
219 2769 6269
6269 219 2769
2769 219 6269
13755 3129 11593
3129 11593 13755
11593 3129 13755
2443 12663 13129
12663 2443 13129
13129 2443 12663
4660 5378 6202
5378 4660 6202
6202 4660 5378
6508 10054 13443
13443 6508 10054
10054 6508 13443
9687 834 1891
834 1891 9687
1891 834 9687
626 5334 11758
11758 626 5334
5334 626 11758
7267 72 6631
72 6631 7267
6631 72 7267
1597 7411 11989
7411 1597 11989
11989 1597 7411
6435 4098 7531
7531 4098 6435
4098 6435 7531
10997 1522 4886
1522 4886 10997
4886 1522 10997
10651 2376 14009
14009 2376 10651
2376 10651 14009
6143 8215 14873
14873 6143 8215
8215 6143 14873
9600 11143 11211
11143 9600 11211
11211 9600 11143
19 6873 9110
9110 19 6873
6873 19 9110
6797 4537 6619
6619 4537 6797
4537 6619 6797
13351 3753 7153
7153 3753 13351
3753 7153 13351
2911 7182 10057
7182 2911 10057
10057 2911 7182
3203 4751 8516
8516 3203 4751
4751 3203 8516
733 4291 7060
7060 733 4291
4291 733 7060
10109 9101 13537
9101 10109 13537
13537 9101 10109
13108 298 9337
9337 298 13108
298 9337 13108
1030 1192 6278
1192 1030 6278
6278 1030 1192
1395 11921 13257
13257 1395 11921
11921 1395 13257
4574 3936 14268
3936 4574 14268
14268 3936 4574
5104 12120 14342
14342 5104 12120
12120 5104 14342
3724 3677 10981
3677 3724 10981
10981 3677 3724
6057 113 2351
113 2351 6057
2351 113 6057
4434 1537 13616
13616 1537 4434
1537 4434 13616
9362 7749 7914
7914 7749 9362
7749 7914 9362
5763 8837 12347
12347 5763 8837
8837 5763 12347
556 1622 8128
8128 556 1622
1622 556 8128
13086 2067 14526
14526 2067 13086
2067 13086 14526
2984 207 12161
207 2984 12161
12161 207 2984
13068 3216 12713
3216 12713 13068
12713 3216 13068
5584 2495 9042
2495 5584 9042
9042 2495 5584
9309 3603 5900
5900 3603 9309
3603 5900 9309
13043 4116 10511
10511 4116 13043
4116 10511 13043
11521 1741 9828
1741 9828 11521
9828 1741 11521
5557 316 9475
316 5557 9475
9475 316 5557
8086 660 8908
660 8086 8908
8908 660 8086
2692 2128 9246
2128 2692 9246
9246 2128 2692
12584 2566 8265
8265 2566 12584
2566 8265 12584
7808 3412 13937
3412 7808 13937
13937 3412 7808
7880 7717 14937
7717 7880 14937
14937 7717 7880
8998 7980 11614
7980 8998 11614
11614 7980 8998
10065 2545 3800
2545 3800 10065
3800 2545 10065
3926 4228 5811
4228 3926 5811
5811 3926 4228
12951 4928 11288
11288 4928 12951
4928 11288 12951
6491 334 8660
334 6491 8660
8660 334 6491
7457 9418 13445
9418 7457 13445
13445 7457 9418
12359 312 3533
312 3533 12359
3533 312 12359
9804 2138 14466
2138 9804 14466
14466 2138 9804
9974 4065 11871
4065 9974 11871
11871 4065 9974
14490 9902 12752
9902 12752 14490
12752 9902 14490
11774 99 2917
99 2917 11774
2917 99 11774
3338 1678 13611
13611 1678 3338
1678 3338 13611
5895 10115 13078
13078 5895 10115
10115 5895 13078
175 1186 2868
2868 175 1186
1186 175 2868
8408 11282 14068
14068 8408 11282
11282 8408 14068
12660 9503 11548
11548 9503 12660
9503 11548 12660
14694 4136 9394
4136 9394 14694
9394 4136 14694
972 2411 10599
10599 972 2411
2411 972 10599
8549 7554 10475
10475 7554 8549
7554 8549 10475
1087 10624 13245
10624 1087 13245
13245 1087 10624
4036 3372 3844
3372 3844 4036
3844 3372 4036
14327 882 9801
9801 882 14327
882 9801 14327
14041 653 3342
653 3342 14041
3342 653 14041
4958 5643 13099
5643 4958 13099
13099 4958 5643
2402 3779 10385
3779 2402 10385
10385 2402 3779
7268 877 5680
877 5680 7268
5680 877 7268
12102 1544 8667
8667 1544 12102
1544 8667 12102
8392 12753 13081
13081 8392 12753
12753 8392 13081
1781 11615 11684
11684 1781 11615
11615 1781 11684
5896 4543 9586
9586 4543 5896
4543 5896 9586
13105 603 8728
603 8728 13105
8728 603 13105
2307 3373 13478
3373 2307 13478
13478 2307 3373
20 2388 9789
9789 20 2388
2388 20 9789
4840 194 6190
6190 194 4840
194 4840 6190
10815 4275 5390
5390 4275 10815
4275 5390 10815
5201 2078 8596
2078 5201 8596
8596 2078 5201
10753 1493 6267
6267 1493 10753
1493 6267 10753
9955 10755 11347
11347 9955 10755
10755 9955 11347
4736 13595 13639
13639 4736 13595
13595 4736 13639
10808 10129 13316
13316 10129 10808
10129 10808 13316
13434 3130 7271
3130 7271 13434
7271 3130 13434
4403 4409 7579
4409 4403 7579
7579 4403 4409
6972 5211 7092
7092 5211 6972
5211 6972 7092
9368 2709 7078
7078 2709 9368
2709 7078 9368
13256 5868 8859
5868 8859 13256
8859 5868 13256
4456 404 8718
8718 404 4456
404 4456 8718
4180 6287 10503
6287 4180 10503
10503 4180 6287
1176 5158 6399
6399 1176 5158
5158 1176 6399
9349 4155 13858
4155 9349 13858
13858 4155 9349
10717 3639 11427
11427 3639 10717
3639 10717 11427
307 6316 12795
6316 307 12795
12795 307 6316
5519 9471 12845
9471 5519 12845
12845 5519 9471
14014 10437 11394
10437 11394 14014
11394 10437 14014
7079 4662 9063
4662 7079 9063
9063 4662 7079
7001 841 9036
9036 841 7001
841 7001 9036
3607 1408 9657
1408 3607 9657
9657 1408 3607
1299 5598 14687
5598 1299 14687
14687 1299 5598
11817 12251 13476
13476 11817 12251
12251 11817 13476
58 8163 8877
8877 58 8163
8163 58 8877
6441 1257 7803
7803 1257 6441
1257 6441 7803
10008 1927 8593
1927 8593 10008
8593 1927 10008
12174 8053 9767
8053 9767 12174
9767 8053 12174
11209 1387 7487
1387 7487 11209
7487 1387 11209
13205 6945 11014
6945 11014 13205
11014 6945 13205
14224 3283 14000
3283 14000 14224
14000 3283 14224
7344 9198 9401
9401 7344 9198
9198 7344 9401
11781 12512 12591
12591 11781 12512
12512 11781 12591
9929 3277 14613
3277 9929 14613
14613 3277 9929
7527 1520 12160
12160 1520 7527
1520 7527 12160
9672 7089 10205
10205 7089 9672
7089 9672 10205
10537 5077 14032
5077 10537 14032
14032 5077 10537
128 6314 7299
6314 128 7299
7299 128 6314
4744 5246 9422
9422 4744 5246
5246 4744 9422
9786 1415 12306
12306 1415 9786
1415 9786 12306
5263 3690 9798
3690 5263 9798
9798 3690 5263
9510 3627 4966
3627 4966 9510
4966 3627 9510
192 7112 11586
11586 192 7112
7112 192 11586
1040 2969 14492
2969 1040 14492
14492 1040 2969
9518 6419 13519
13519 6419 9518
6419 9518 13519
6292 5548 11369
11369 5548 6292
5548 6292 11369
11226 2243 8765
2243 8765 11226
8765 2243 11226
1777 6926 8915
8915 1777 6926
6926 1777 8915
3962 1482 13385
1482 3962 13385
13385 1482 3962
6750 8603 14257
14257 6750 8603
8603 6750 14257
8897 2974 13079
13079 2974 8897
2974 8897 13079
13468 3032 6474
3032 6474 13468
6474 3032 13468
3853 4089 5545
4089 3853 5545
5545 3853 4089
5305 1639 1816
1816 1639 5305
1639 1816 5305
4490 7505 14813
14813 4490 7505
7505 4490 14813
7163 6574 11726
6574 7163 11726
11726 6574 7163
3483 1356 12993
1356 3483 12993
12993 1356 3483
751 1435 2041
2041 751 1435
1435 751 2041
1904 75 9776
9776 75 1904
75 1904 9776
8717 8314 11216
11216 8314 8717
8314 8717 11216
10785 191 12257
191 10785 12257
12257 191 10785
12114 6167 10904
10904 6167 12114
6167 10904 12114
7720 1815 7734
1815 7720 7734
7734 1815 7720
13583 7473 12829
12829 7473 13583
7473 12829 13583
4801 500 14684
500 4801 14684
14684 500 4801
8323 3772 9782
3772 8323 9782
9782 3772 8323
9656 143 7392
143 7392 9656
7392 143 9656
1552 1077 12179
12179 1077 1552
1077 1552 12179
206 5957 7550
7550 206 5957
5957 206 7550
11878 11506 11653
11506 11653 11878
11653 11506 11878
1668 2591 12108
12108 1668 2591
2591 1668 12108
7449 3281 5097
5097 3281 7449
3281 5097 7449
4322 998 11640
998 4322 11640
11640 998 4322
13591 863 3050
3050 863 13591
863 3050 13591
7047 14511 14517
14517 7047 14511
14511 7047 14517
12149 4524 6228
4524 6228 12149
6228 4524 12149
8945 8057 11513
11513 8057 8945
8057 8945 11513
8162 1057 4848
1057 4848 8162
4848 1057 8162
2089 7537 10650
7537 2089 10650
10650 2089 7537
13305 3120 13722
3120 13305 13722
13722 3120 13305
10233 1044 14447
1044 10233 14447
14447 1044 10233
14801 6740 10263
6740 10263 14801
10263 6740 14801
14988 7083 10378
10378 7083 14988
7083 10378 14988
3191 1651 10376
10376 1651 3191
1651 3191 10376
8475 10158 10681
10681 8475 10158
10158 8475 10681
1005 8236 14815
8236 1005 14815
14815 1005 8236
11145 5290 7961
7961 5290 11145
5290 7961 11145
3093 6709 14884
6709 3093 14884
14884 3093 6709
6343 9417 10039
9417 6343 10039
10039 6343 9417
8523 11372 14194
11372 8523 14194
14194 8523 11372
7884 2449 11142
2449 7884 11142
11142 2449 7884
6071 832 10343
832 6071 10343
10343 832 6071
8733 290 14383
14383 290 8733
290 8733 14383
11272 1587 14697
14697 1587 11272
1587 11272 14697
12118 1146 12276
12276 1146 12118
1146 12118 12276
8417 4733 6749
6749 4733 8417
4733 6749 8417
3186 805 10066
10066 805 3186
805 3186 10066
10706 12185 14825
12185 10706 14825
14825 10706 12185
7857 10820 14437
14437 7857 10820
10820 7857 14437
11803 3262 6790
6790 3262 11803
3262 6790 11803
5822 10178 11214
10178 5822 11214
11214 5822 10178
1812 3046 12947
12947 1812 3046
3046 1812 12947
13962 31 12901
31 12901 13962
12901 31 13962
3374 2720 3250
3250 2720 3374
2720 3250 3374
8914 613 2864
613 2864 8914
2864 613 8914
14421 4212 6707
6707 4212 14421
4212 6707 14421
6347 11643 11686
11686 6347 11643
11643 6347 11686
12668 4205 9971
9971 4205 12668
4205 9971 12668
6397 3516 5549
3516 5549 6397
5549 3516 6397
3999 5475 8397
5475 3999 8397
8397 3999 5475
13413 565 9791
9791 565 13413
565 9791 13413
6146 3558 14360
3558 6146 14360
14360 3558 6146
5571 229 8065
229 5571 8065
8065 229 5571
4362 12211 13276
12211 4362 13276
13276 4362 12211
