1381 177 828
177 828 1381
828 177 1381
984 734 1147
734 984 1147
1147 734 984
579 14 1145
1145 14 579
14 579 1145
1314 293 1470
293 1314 1470
1470 293 1314
669 138 946
138 669 946
946 138 669
432 578 903
903 432 578
578 432 903
1006 277 1450
1450 277 1006
277 1006 1450
17 855 1332
855 17 1332
1332 17 855
1259 99 507
507 99 1259
99 507 1259
597 1080 1303
1080 597 1303
1303 597 1080
105 502 1047
502 105 1047
1047 105 502
956 878 1334
878 956 1334
1334 878 956
1025 484 857
484 857 1025
857 484 1025
69 1155 1296
1155 69 1296
1296 69 1155
302 499 938
938 302 499
499 302 938
1211 398 433
398 433 1211
433 398 1211
820 494 1454
1454 494 820
494 820 1454
1172 710 999
710 999 1172
999 710 1172
1106 714 1160
714 1106 1160
1160 714 1106
96 202 1223
1223 96 202
202 96 1223
1258 379 968
968 379 1258
379 968 1258
1355 518 1324
518 1324 1355
1324 518 1355
1230 346 1321
1321 346 1230
346 1230 1321
1249 317 1082
317 1082 1249
1082 317 1249
727 649 1168
649 727 1168
1168 649 727
1266 184 1281
184 1266 1281
1281 184 1266
1009 93 204
93 204 1009
204 93 1009
466 340 1244
340 466 1244
1244 340 466
979 212 274
212 274 979
274 212 979
1216 530 876
530 876 1216
876 530 1216
1045 574 705
574 705 1045
705 574 1045
719 76 1424
1424 76 719
76 719 1424
943 205 571
205 571 943
571 205 943
621 526 769
769 526 621
526 621 769
1020 419 718
419 718 1020
718 419 1020
762 678 1354
678 762 1354
1354 678 762
653 983 1317
1317 653 983
983 653 1317
1337 683 1175
1175 683 1337
683 1175 1337
535 486 959
959 486 535
486 535 959
342 491 811
811 342 491
491 342 811
50 124 469
124 50 469
469 50 124
961 153 1198
153 961 1198
1198 153 961
1293 324 1421
1421 324 1293
324 1293 1421
174 175 764
764 174 175
175 174 764
973 314 1122
1122 314 973
314 973 1122
1383 1350 1360
1360 1350 1383
1350 1360 1383
793 161 914
914 161 793
161 793 914
60 497 1229
1229 60 497
497 60 1229
87 101 243
243 87 101
101 87 243
1468 407 1497
1497 407 1468
407 1468 1497
846 291 1311
1311 291 846
291 846 1311
1451 73 775
775 73 1451
73 775 1451
427 207 760
760 207 427
207 427 760
1464 543 754
754 543 1464
543 754 1464
359 413 887
887 359 413
413 359 887
1125 618 1093
1093 618 1125
618 1093 1125
1262 72 1061
72 1061 1262
1061 72 1262
1417 849 1138
1138 849 1417
849 1138 1417
1304 933 1351
1351 933 1304
933 1304 1351
796 1397 1495
1495 796 1397
1397 796 1495
195 1064 1325
1325 195 1064
1064 195 1325
898 89 215
215 89 898
89 215 898
588 960 1011
960 588 1011
1011 588 960
1252 211 992
211 992 1252
992 211 1252
907 148 791
148 791 907
791 148 907
1492 521 1086
1086 521 1492
521 1086 1492
1202 54 632
632 54 1202
54 632 1202
533 804 1081
1081 533 804
804 533 1081
1206 253 270
253 270 1206
270 253 1206
1276 370 1038
370 1038 1276
1038 370 1276
1088 3 1173
1173 3 1088
3 1088 1173
1323 49 1465
49 1323 1465
1465 49 1323
803 886 1359
1359 803 886
886 803 1359
27 84 452
84 27 452
452 27 84
576 703 1109
703 576 1109
1109 576 703
1446 112 765
112 765 1446
765 112 1446
465 635 1353
1353 465 635
635 465 1353
624 1001 1471
1001 624 1471
1471 624 1001
662 197 1298
1298 197 662
197 662 1298
839 779 848
779 839 848
848 779 839
1119 800 1411
1411 800 1119
800 1119 1411
655 715 888
715 655 888
888 655 715
505 639 709
709 505 639
639 505 709
190 428 1043
1043 190 428
428 190 1043
784 257 437
437 257 784
257 437 784
164 623 830
623 164 830
830 164 623
1286 593 889
889 593 1286
593 889 1286
1144 282 360
360 282 1144
282 360 1144
524 283 397
397 283 524
283 397 524
1482 325 557
325 557 1482
557 325 1482
667 330 464
330 464 667
464 330 667
444 26 1357
1357 26 444
26 444 1357
498 7 80
7 80 498
80 7 498
838 671 1306
1306 671 838
671 838 1306
1445 812 1289
1289 812 1445
812 1289 1445
1374 1368 1373
1368 1373 1374
1373 1368 1374
474 404 510
510 404 474
404 474 510
1347 955 1403
1403 955 1347
955 1347 1403
284 475 976
976 284 475
475 284 976
271 194 225
225 194 271
194 225 271
1459 904 1255
904 1255 1459
1255 904 1459
614 831 1297
1297 614 831
831 614 1297
672 721 1379
721 672 1379
1379 672 721
1188 8 83
8 83 1188
83 8 1188
1432 137 1494
137 1432 1494
1494 137 1432
534 136 516
136 516 534
516 136 534
85 411 1295
1295 85 411
411 85 1295
395 221 509
221 395 509
509 221 395
259 374 620
374 259 620
620 259 374
1231 913 1392
1392 913 1231
913 1231 1392
68 1178 1422
1422 68 1178
1178 68 1422
594 974 1343
1343 594 974
974 594 1343
1362 258 377
377 258 1362
258 377 1362
515 200 1165
200 515 1165
1165 200 515
616 396 1500
396 616 1500
1500 396 616
840 978 1101
978 840 1101
1101 840 978
575 160 746
160 575 746
746 160 575
589 30 305
305 30 589
30 305 589
551 155 208
208 155 551
155 208 551
596 170 209
170 209 596
209 170 596
25 353 997
997 25 353
353 25 997
224 390 1384
1384 224 390
390 224 1384
998 263 349
349 263 998
263 349 998
1316 807 1033
807 1033 1316
1033 807 1316
281 1458 1484
1484 281 1458
1458 281 1484
735 679 1114
679 735 1114
1114 679 735
909 541 547
541 547 909
547 541 909
1108 858 929
858 929 1108
929 858 1108
1441 121 1002
1002 121 1441
121 1002 1441
310 1055 1142
1055 310 1142
1142 310 1055
622 236 1408
1408 236 622
236 622 1408
198 425 1234
1234 198 425
425 198 1234
761 232 931
232 761 931
931 232 761
1463 561 981
981 561 1463
561 981 1463
749 1159 1312
1312 749 1159
1159 749 1312
647 617 1078
617 647 1078
1078 617 647
958 666 1091
1091 666 958
666 958 1091
582 758 1164
758 582 1164
1164 582 758
982 506 965
965 506 982
506 965 982
1166 634 1466
634 1166 1466
1466 634 1166
1146 91 227
227 91 1146
91 227 1146
1016 947 1365
947 1016 1365
1365 947 1016
912 48 611
611 48 912
48 611 912
1496 569 1433
569 1433 1496
1433 569 1496
815 841 1448
841 815 1448
1448 815 841
780 558 980
558 780 980
980 558 780
910 745 1438
1438 745 910
745 910 1438
472 6 1483
1483 6 472
6 472 1483
1491 358 643
358 643 1491
643 358 1491
986 697 1415
697 986 1415
1415 697 986
152 1236 1380
1380 152 1236
1236 152 1380
774 826 1412
826 774 1412
1412 774 826
1136 1117 1232
1117 1136 1232
1232 1117 1136
554 748 921
748 554 921
921 554 748
708 278 1030
278 708 1030
1030 278 708
245 1154 1428
1428 245 1154
1154 245 1428
318 196 698
196 318 698
698 196 318
686 113 115
115 113 686
113 115 686
792 127 1092
1092 127 792
127 792 1092
970 220 1100
1100 220 970
220 970 1100
969 1427 1429
1427 969 1429
1429 969 1427
441 537 1486
537 441 1486
1486 441 537
1113 214 739
214 739 1113
739 214 1113
203 1269 1280
1280 203 1269
1269 203 1280
1099 685 939
685 939 1099
939 685 1099
128 145 423
423 128 145
145 128 423
625 539 957
539 625 957
957 539 625
479 580 872
580 479 872
872 479 580
923 681 808
681 808 923
808 681 923
436 418 562
418 436 562
562 418 436
862 58 642
58 642 862
642 58 862
468 926 954
926 468 954
954 468 926
1370 40 1017
1017 40 1370
40 1017 1370
853 79 388
388 79 853
79 388 853
827 446 1245
1245 446 827
446 827 1245
162 1039 1083
1039 162 1083
1083 162 1039
809 289 409
289 409 809
409 289 809
461 59 1218
1218 59 461
59 461 1218
144 21 1182
21 144 1182
1182 21 144
228 306 915
915 228 306
306 228 915
757 341 403
341 403 757
403 341 757
741 52 729
52 729 741
729 52 741
1214 20 156
156 20 1214
20 156 1214
1268 223 1419
1419 223 1268
223 1268 1419
1046 111 696
111 696 1046
696 111 1046
603 865 1414
865 603 1414
1414 603 865
104 239 417
417 104 239
239 104 417
1398 385 1431
1431 385 1398
385 1398 1431
637 723 1487
723 637 1487
1487 637 723
866 1096 1309
1096 866 1309
1309 866 1096
951 536 1037
1037 536 951
536 951 1037
1171 801 1472
801 1171 1472
1472 801 1171
990 406 1474
406 990 1474
1474 406 990
1272 673 1409
673 1272 1409
1409 673 1272
592 173 238
238 173 592
173 238 592
1361 590 1307
590 1307 1361
1307 590 1361
13 767 863
863 13 767
767 13 863
1070 552 916
916 552 1070
552 916 1070
1051 65 776
776 65 1051
65 776 1051
23 5 431
5 23 431
431 5 23
520 332 750
750 332 520
332 520 750
1041 763 837
837 763 1041
763 837 1041
525 1190 1345
1190 525 1345
1345 525 1190
1376 476 972
476 972 1376
972 476 1376
1326 895 1174
1174 895 1326
895 1174 1326
1031 235 740
235 740 1031
740 235 1031
301 139 455
139 301 455
455 139 301
752 825 941
825 752 941
941 752 825
658 70 252
70 252 658
252 70 658
1162 307 668
307 668 1162
668 307 1162
610 19 297
19 297 610
297 19 610
613 86 1199
1199 86 613
86 613 1199
1170 1208 1300
1208 1170 1300
1300 1170 1208
355 15 645
15 355 645
645 15 355
451 724 1149
724 451 1149
1149 451 724
890 384 1103
1103 384 890
384 890 1103
652 489 1014
489 652 1014
1014 489 652
701 41 92
92 41 701
41 92 701
120 927 1453
1453 120 927
927 120 1453
1194 109 601
109 601 1194
601 109 1194
295 389 988
988 295 389
389 295 988
676 587 1336
1336 587 676
587 676 1336
591 989 1185
1185 591 989
989 591 1185
2 1090 1247
1247 2 1090
1090 2 1247
759 55 1152
1152 55 759
55 759 1152
37 822 922
822 37 922
922 37 822
966 993 1265
1265 966 993
993 966 1265
1183 1242 1489
1489 1183 1242
1242 1183 1489
1058 179 492
492 179 1058
179 492 1058
919 119 567
567 119 919
119 567 919
1476 893 1053
893 1053 1476
1053 893 1476
731 794 1313
1313 731 794
794 731 1313
345 487 1205
487 345 1205
1205 345 487
900 275 682
275 682 900
682 275 900
1377 108 401
401 108 1377
108 401 1377
1246 545 859
859 545 1246
545 859 1246
319 885 897
897 319 885
885 319 897
832 424 1341
1341 424 832
424 832 1341
1305 16 133
133 16 1305
16 133 1305
159 339 891
339 159 891
891 159 339
699 1054 1406
1406 699 1054
1054 699 1406
924 1253 1410
1253 924 1410
1410 924 1253
129 149 1048
149 129 1048
1048 129 149
1228 273 1116
273 1116 1228
1116 273 1228
445 1135 1366
1366 445 1135
1135 445 1366
823 908 1195
908 823 1195
1195 823 908
1287 262 1339
262 1287 1339
1339 262 1287
538 64 1120
64 538 1120
1120 64 538
772 366 1330
366 772 1330
1330 366 772
1394 949 1010
949 1010 1394
1010 949 1394
151 964 1344
1344 151 964
964 151 1344
1348 1240 1396
1396 1240 1348
1240 1348 1396
1338 819 847
819 847 1338
847 819 1338
1036 932 1057
1057 932 1036
932 1036 1057
348 556 1067
1067 348 556
556 348 1067
154 711 994
994 154 711
711 154 994
97 630 1235
630 97 1235
1235 97 630
1013 412 856
856 412 1013
412 856 1013
1488 95 165
165 95 1488
95 165 1488
773 140 905
905 140 773
140 773 905
829 439 810
439 810 829
810 439 829
188 125 585
585 125 188
125 188 585
504 875 1386
1386 504 875
875 504 1386
1493 449 517
517 449 1493
449 517 1493
210 256 1389
1389 210 256
256 210 1389
987 10 365
365 10 987
10 365 987
352 180 1044
180 352 1044
1044 180 352
430 219 602
219 430 602
602 219 430
292 333 1241
333 292 1241
1241 292 333
171 628 1420
628 171 1420
1420 171 628
1118 1452 1473
1473 1118 1452
1452 1118 1473
1290 304 940
304 940 1290
940 304 1290
1059 550 648
550 648 1059
648 550 1059
1004 665 1008
1008 665 1004
665 1004 1008
35 1056 1442
1056 35 1442
1442 35 1056
42 612 1133
612 42 1133
1133 42 612
233 728 785
728 233 785
785 233 728
231 435 1263
1263 231 435
435 231 1263
1169 230 1319
1319 230 1169
230 1169 1319
1364 1024 1072
1024 1072 1364
1072 1024 1364
150 246 481
481 150 246
246 150 481
1436 122 519
122 519 1436
519 122 1436
843 315 1167
315 843 1167
1167 315 843
143 22 950
22 143 950
950 22 143
1485 1233 1387
1387 1233 1485
1233 1387 1485
799 434 1105
434 799 1105
1105 434 799
31 607 1226
1226 31 607
607 31 1226
1003 132 798
798 132 1003
132 798 1003
1077 1395 1455
1455 1077 1395
1395 1077 1455
638 877 996
877 638 996
996 638 877
583 508 1215
508 583 1215
1215 508 583
1480 36 1399
36 1399 1480
1399 36 1480
1112 191 300
191 300 1112
300 191 1112
182 46 1153
1153 46 182
46 182 1153
945 331 473
473 331 945
331 473 945
1204 770 937
770 937 1204
937 770 1204
1000 320 548
320 548 1000
548 320 1000
1444 226 1094
1094 226 1444
226 1094 1444
777 833 851
851 777 833
833 777 851
1127 563 1274
563 1127 1274
1274 563 1127
1007 288 1256
1256 288 1007
288 1007 1256
373 408 1460
1460 373 408
408 373 1460
265 266 1187
266 265 1187
1187 265 266
713 873 1200
1200 713 873
873 713 1200
1273 1065 1224
1065 1224 1273
1224 1065 1273
852 781 1085
1085 781 852
781 852 1085
193 899 1371
1371 193 899
899 193 1371
176 298 1434
1434 176 298
298 176 1434
1267 269 420
420 269 1267
269 420 1267
1207 415 1111
1111 415 1207
415 1111 1207
1157 234 771
771 234 1157
234 771 1157
1217 971 1278
1278 971 1217
971 1217 1278
511 367 609
367 511 609
609 367 511
503 540 599
540 503 599
599 503 540
272 549 1407
549 272 1407
1407 272 549
438 218 1331
218 438 1331
1331 218 438
1015 308 1075
308 1015 1075
1075 308 1015
1404 309 394
309 394 1404
394 309 1404
1042 942 1248
942 1042 1248
1248 942 1042
351 1151 1299
1151 351 1299
1299 351 1151
985 1098 1393
1393 985 1098
1098 985 1393
1402 595 1163
1163 595 1402
595 1163 1402
1388 568 1150
1150 568 1388
568 1150 1388
917 344 1490
344 917 1490
1490 344 917
1089 501 1018
1018 501 1089
501 1018 1089
1052 1283 1462
1283 1052 1462
1462 1052 1283
1019 368 1333
1333 368 1019
368 1019 1333
532 1115 1498
1498 532 1115
1115 532 1498
531 242 952
952 242 531
242 531 952
1060 75 362
75 362 1060
362 75 1060
725 303 1124
303 725 1124
1124 303 725
1358 730 782
782 730 1358
730 782 1358
869 456 1021
1021 456 869
456 869 1021
1110 902 1066
902 1066 1110
1066 902 1110
650 102 1097
102 650 1097
1097 102 650
1425 107 335
335 107 1425
107 335 1425
577 478 1213
478 577 1213
1213 478 577
1301 329 1069
329 1069 1301
1069 329 1301
896 795 1079
1079 795 896
795 896 1079
276 135 850
135 276 850
850 135 276
500 706 1302
706 500 1302
1302 500 706
871 350 584
584 350 871
350 584 871
1318 640 674
674 640 1318
640 674 1318
691 1022 1423
1423 691 1022
1022 691 1423
443 380 1186
1186 380 443
380 443 1186
88 1222 1260
1260 88 1222
1222 88 1260
141 894 1129
1129 141 894
894 141 1129
1189 513 1327
513 1189 1327
1327 513 1189
1481 213 901
213 901 1481
901 213 1481
1440 189 1212
1212 189 1440
189 1212 1440
250 636 1156
1156 250 636
636 250 1156
818 172 842
842 172 818
172 818 842
53 483 704
483 53 704
704 53 483
1457 82 255
255 82 1457
82 255 1457
169 361 1137
1137 169 361
361 169 1137
1479 217 1012
1012 217 1479
217 1012 1479
387 279 925
925 279 387
279 387 925
1040 1062 1271
1271 1040 1062
1062 1040 1271
1467 766 845
766 845 1467
845 766 1467
459 244 788
244 459 788
788 244 459
700 114 1342
1342 114 700
114 700 1342
460 529 1251
1251 460 529
529 460 1251
836 716 1203
716 836 1203
1203 716 836
573 106 732
732 106 573
106 573 732
336 527 1264
1264 336 527
527 336 1264
1257 29 817
817 29 1257
29 817 1257
604 953 1275
953 604 1275
1275 604 953
615 126 183
183 126 615
126 183 615
290 565 1076
565 290 1076
1076 290 565
756 130 422
422 130 756
130 422 756
442 619 702
702 442 619
619 442 702
975 334 1328
1328 334 975
334 975 1328
880 778 806
806 778 880
778 806 880
313 911 1068
1068 313 911
911 313 1068
206 74 664
664 74 206
74 206 664
707 462 1210
462 707 1210
1210 462 707
1192 116 936
936 116 1192
116 936 1192
39 470 928
470 39 928
928 39 470
327 882 1363
1363 327 882
882 327 1363
1340 747 991
991 747 1340
747 991 1340
598 44 744
744 44 598
44 598 744
157 375 920
375 157 920
920 157 375
167 448 1254
1254 167 448
448 167 1254
11 103 1416
1416 11 103
103 11 1416
753 399 660
660 399 753
399 660 753
641 18 1035
1035 18 641
18 641 1035
453 1179 1239
1179 453 1239
1239 453 1179
646 45 544
544 45 646
45 544 646
24 485 654
654 24 485
485 24 654
659 1028 1475
1028 659 1475
1475 659 1028
338 868 1126
1126 338 868
868 338 1126
1469 78 248
248 78 1469
78 248 1469
930 393 1034
393 930 1034
1034 393 930
1308 1161 1375
1375 1161 1308
1161 1308 1375
450 229 1221
1221 229 450
229 450 1221
280 675 1134
1134 280 675
675 280 1134
158 285 1477
285 158 1477
1477 158 285
369 633 1132
633 369 1132
1132 369 633
1356 222 572
572 222 1356
222 572 1356
864 482 720
482 720 864
720 482 864
251 493 786
493 251 786
786 251 493
1121 311 458
311 458 1121
458 311 1121
860 1084 1193
1193 860 1084
1084 860 1193
1131 216 1177
1177 216 1131
216 1131 1177
870 797 1049
1049 797 870
797 870 1049
712 488 1346
1346 488 712
488 712 1346
560 977 1270
1270 560 977
977 560 1270
241 62 100
62 100 241
100 62 241
32 67 187
187 32 67
67 32 187
1443 364 1023
364 1023 1443
1023 364 1443
1148 564 1102
1102 564 1148
564 1102 1148
440 626 1282
626 440 1282
1282 440 626
1315 267 962
267 962 1315
962 267 1315
834 117 186
117 186 834
186 117 834
1478 118 717
717 118 1478
118 717 1478
1352 181 944
181 944 1352
944 181 1352
1074 690 1372
1372 690 1074
690 1074 1372
1139 371 783
371 783 1139
783 371 1139
918 249 1176
1176 249 918
249 918 1176
185 670 1029
670 185 1029
1029 185 670
147 260 627
260 147 627
627 147 260
447 1050 1087
1050 447 1087
1087 447 1050
1294 693 1291
693 1291 1294
1291 693 1294
163 883 1237
1237 163 883
883 163 1237
787 38 1197
1197 38 787
38 787 1197
600 90 146
90 146 600
146 90 600
1447 343 737
343 737 1447
737 343 1447
168 631 1238
1238 168 631
631 168 1238
1220 542 736
542 736 1220
736 542 1220
261 382 1250
1250 261 382
382 261 1250
1219 264 1181
1181 264 1219
264 1181 1219
4 805 1191
805 4 1191
1191 4 805
463 110 337
337 110 463
110 337 463
1261 391 651
651 391 1261
391 651 1261
835 12 1095
1095 12 835
12 835 1095
1456 81 1322
81 1322 1456
1322 81 1456
94 383 570
570 94 383
383 94 570
605 51 471
471 51 605
51 471 605
477 661 844
844 477 661
661 477 844
323 802 1243
802 323 1243
1243 323 802
1225 247 559
559 247 1225
247 559 1225
1107 372 1329
1329 372 1107
372 1107 1329
416 967 995
967 416 995
995 416 967
454 414 1437
414 454 1437
1437 414 454
1400 192 657
657 192 1400
192 657 1400
1426 268 321
268 321 1426
321 268 1426
294 692 733
733 294 692
692 294 733
63 254 881
881 63 254
254 63 881
77 296 386
296 77 386
386 77 296
376 1180 1461
1461 376 1180
1180 376 1461
1499 400 694
400 694 1499
694 400 1499
755 357 684
684 357 755
357 684 755
1320 522 722
722 522 1320
522 722 1320
490 316 935
935 316 490
316 490 935
1158 426 553
426 553 1158
553 426 1158
286 1288 1439
1288 286 1439
1439 286 1288
421 66 299
66 299 421
299 66 421
680 751 1063
751 680 1063
1063 680 751
33 1141 1285
1141 33 1285
1285 33 1141
824 789 1367
1367 789 824
789 824 1367
821 742 1391
1391 742 821
742 821 1391
1027 546 1104
546 1027 1104
1104 546 1027
1418 429 1277
1277 429 1418
429 1277 1418
790 57 948
57 790 948
948 57 790
1032 322 528
322 528 1032
528 322 1032
287 392 867
392 287 867
867 287 392
61 363 1143
363 61 1143
1143 61 363
402 457 1201
457 402 1201
1201 402 457
98 47 934
47 98 934
934 47 98
328 743 1335
1335 328 743
743 328 1335
523 514 663
514 523 663
663 514 523
28 695 813
695 28 813
813 28 695
178 861 1279
1279 178 861
861 178 1279
495 644 1378
644 495 1378
1378 495 644
768 356 1140
1140 356 768
356 768 1140
1310 677 1005
1005 677 1310
677 1005 1310
1413 726 1071
726 1071 1413
1071 726 1413
512 1390 1430
1430 512 1390
1390 512 1430
687 1128 1382
1382 687 1128
1128 687 1382
1227 131 1196
1196 131 1227
131 1196 1227
555 201 963
201 555 963
963 201 555
71 467 1026
467 71 1026
1026 71 467
1123 581 688
688 581 1123
581 688 1123
405 814 1184
1184 405 814
814 405 1184
1449 123 240
123 240 1449
240 123 1449
381 199 1385
1385 199 381
199 381 1385
884 689 1292
689 884 1292
1292 689 884
1405 237 1284
1284 237 1405
237 1284 1405
347 354 410
354 347 410
410 347 354
854 606 629
606 629 854
629 606 854
134 892 906
892 134 906
906 134 892
142 9 1209
1209 9 142
9 142 1209
1349 34 608
34 608 1349
608 34 1349
312 43 656
656 43 312
43 312 656
879 166 326
166 326 879
326 166 879
874 738 816
816 738 874
738 816 874
496 378 1369
378 496 1369
1369 378 496
1130 566 1401
1401 566 1130
566 1130 1401
56 1 586
1 56 586
586 1 56
480 1073 1435
1435 480 1073
1073 480 1435
