890 979 1064
1064 890 979
979 890 1064
1378 785 972
972 785 1378
785 972 1378
1205 70 1209
70 1205 1209
1209 70 1205
1319 142 677
142 677 1319
677 142 1319
1132 869 1436
1436 869 1132
869 1132 1436
380 46 656
46 380 656
656 46 380
136 226 516
516 136 226
226 136 516
348 916 1323
1323 348 916
916 348 1323
664 1226 1299
1299 664 1226
1226 664 1299
1063 270 1006
270 1006 1063
1006 270 1063
1118 168 696
168 696 1118
696 168 1118
357 739 1185
739 357 1185
1185 357 739
1018 490 831
490 831 1018
831 490 1018
446 361 439
361 439 446
439 361 446
365 1222 1445
1445 365 1222
1222 365 1445
1259 176 715
715 176 1259
176 715 1259
127 623 1021
1021 127 623
623 127 1021
1243 108 1373
1373 108 1243
108 1243 1373
597 131 235
235 131 597
131 235 597
733 257 302
257 302 733
302 257 733
719 249 576
249 576 719
576 249 719
913 122 289
289 122 913
122 289 913
444 393 1417
393 444 1417
1417 393 444
529 590 643
643 529 590
590 529 643
712 777 1327
1327 712 777
777 712 1327
1032 852 980
980 852 1032
852 980 1032
411 928 1460
928 411 1460
1460 411 928
106 237 432
237 106 432
432 106 237
359 295 710
710 295 359
295 359 710
528 907 1253
1253 528 907
907 528 1253
356 290 1461
1461 290 356
290 356 1461
263 399 575
575 263 399
399 263 575
207 744 1131
744 207 1131
1131 207 744
838 554 714
714 554 838
554 714 838
765 276 501
501 276 765
276 501 765
1113 1128 1426
1128 1113 1426
1426 1113 1128
751 1123 1173
1173 751 1123
1123 751 1173
17 1090 1394
1394 17 1090
1090 17 1394
562 185 1465
185 562 1465
1465 185 562
1143 757 1045
1045 757 1143
757 1045 1143
871 433 1384
1384 433 871
433 871 1384
1179 750 885
750 885 1179
885 750 1179
638 578 1290
1290 578 638
578 638 1290
406 323 820
323 406 820
820 323 406
1479 984 1440
1440 984 1479
984 1440 1479
374 556 560
556 374 560
560 374 556
425 330 466
330 425 466
466 330 425
435 208 521
208 435 521
521 208 435
863 93 670
670 93 863
93 670 863
96 379 642
642 96 379
379 96 642
837 1159 1434
1159 837 1434
1434 837 1159
1047 438 673
673 438 1047
438 673 1047
509 94 589
589 94 509
94 509 589
769 286 1367
1367 286 769
286 769 1367
1375 215 872
215 872 1375
872 215 1375
728 574 879
574 728 879
879 574 728
327 692 1085
1085 327 692
692 327 1085
541 113 563
563 113 541
113 541 563
1252 679 1078
679 1078 1252
1078 679 1252
53 428 782
782 53 428
428 53 782
507 78 1069
1069 78 507
78 507 1069
780 279 353
353 279 780
279 353 780
523 758 792
792 523 758
758 523 792
1212 616 1096
616 1096 1212
1096 616 1212
1301 6 503
503 6 1301
6 503 1301
1043 682 836
682 836 1043
836 682 1043
1468 42 735
42 735 1468
735 42 1468
725 1382 1472
1472 725 1382
1382 725 1472
296 729 1380
1380 296 729
729 296 1380
1013 587 717
587 717 1013
717 587 1013
1356 135 200
200 135 1356
135 200 1356
1232 637 1135
637 1135 1232
1135 637 1232
513 157 889
157 513 889
889 157 513
102 161 1330
161 102 1330
1330 102 161
1033 29 1158
29 1033 1158
1158 29 1033
358 22 128
128 22 358
22 128 358
706 534 860
534 706 860
860 534 706
487 181 601
601 181 487
181 487 601
622 1077 1482
1077 622 1482
1482 622 1077
538 693 1056
693 538 1056
1056 538 693
216 856 1156
856 216 1156
1156 216 856
786 74 307
74 307 786
307 74 786
1249 293 530
293 530 1249
530 293 1249
297 345 940
345 297 940
940 297 345
475 18 1302
18 475 1302
1302 18 475
705 480 748
480 705 748
748 480 705
55 332 1012
1012 55 332
332 55 1012
1214 653 1079
1079 653 1214
653 1079 1214
502 1206 1251
1251 502 1206
1206 502 1251
1106 4 651
4 651 1106
651 4 1106
11 1081 1161
1081 11 1161
1161 11 1081
178 149 1289
1289 149 178
149 178 1289
596 731 789
731 596 789
789 596 731
805 495 1125
495 805 1125
1125 495 805
580 835 1266
835 580 1266
1266 580 835
833 7 1447
1447 7 833
7 833 1447
908 298 1237
1237 298 908
298 908 1237
143 1240 1348
1240 143 1348
1348 143 1240
423 174 223
174 223 423
223 174 423
236 925 1030
1030 236 925
925 236 1030
1385 711 1391
711 1385 1391
1391 711 1385
532 449 1245
1245 449 532
449 532 1245
1001 318 1261
1261 318 1001
318 1001 1261
1454 479 877
479 877 1454
877 479 1454
1120 975 1308
975 1120 1308
1308 975 1120
282 254 999
254 282 999
999 254 282
593 65 1100
65 593 1100
1100 65 593
229 584 709
584 229 709
709 229 584
404 722 1073
722 404 1073
1073 404 722
91 1281 1298
1298 91 1281
1281 91 1298
1195 1227 1467
1227 1195 1467
1467 1195 1227
1084 350 1466
1466 350 1084
350 1084 1466
806 384 1427
384 806 1427
1427 384 806
109 1270 1303
1303 109 1270
1270 109 1303
225 893 1416
893 225 1416
1416 225 893
848 171 784
171 784 848
784 171 848
699 28 842
842 28 699
28 699 842
202 648 1020
648 202 1020
1020 202 648
369 695 900
695 369 900
900 369 695
285 189 284
284 189 285
189 284 285
13 241 551
241 13 551
551 13 241
548 177 264
177 264 548
264 177 548
1208 471 1103
1103 471 1208
471 1103 1208
1360 997 1333
997 1333 1360
1333 997 1360
915 224 243
243 224 915
224 243 915
891 130 1366
1366 130 891
130 891 1366
595 80 1175
80 595 1175
1175 80 595
669 253 861
253 669 861
861 253 669
602 443 843
843 443 602
443 602 843
125 437 1117
437 125 1117
1117 125 437
414 69 1387
69 414 1387
1387 69 414
1137 2 1432
1432 2 1137
2 1137 1432
484 422 1386
1386 422 484
422 484 1386
311 772 1193
772 311 1193
1193 311 772
259 684 956
684 259 956
956 259 684
1494 1196 1326
1196 1326 1494
1326 1196 1494
27 21 801
21 27 801
801 21 27
865 1160 1220
1220 865 1160
1160 865 1220
1134 896 1355
1355 896 1134
896 1134 1355
1442 452 841
841 452 1442
452 841 1442
220 195 1438
1438 195 220
195 220 1438
58 442 1026
442 58 1026
1026 58 442
1408 817 1003
1003 817 1408
817 1003 1408
71 418 1412
418 71 1412
1412 71 418
776 700 1211
1211 700 776
700 776 1211
897 83 1340
83 897 1340
1340 83 897
378 887 911
911 378 887
887 378 911
1121 156 943
943 156 1121
156 943 1121
1234 256 1490
256 1234 1490
1490 256 1234
190 774 1183
1183 190 774
774 190 1183
271 455 937
937 271 455
455 271 937
626 537 1306
537 626 1306
1306 537 626
184 552 832
552 184 832
832 184 552
1474 258 463
258 463 1474
463 258 1474
620 25 38
25 38 620
38 25 620
1150 511 1492
1492 511 1150
511 1150 1492
1379 191 1075
191 1075 1379
1075 191 1379
44 201 790
790 44 201
201 44 790
1037 474 796
474 796 1037
796 474 1037
1223 756 1138
756 1138 1223
1138 756 1223
945 468 828
828 468 945
468 828 945
966 1002 1210
1210 966 1002
1002 966 1210
1174 1127 1282
1127 1174 1282
1282 1127 1174
1146 231 844
844 231 1146
231 844 1146
1429 630 1235
630 1235 1429
1235 630 1429
287 683 755
683 287 755
755 287 683
1354 19 611
19 611 1354
611 19 1354
1207 99 572
99 572 1207
572 99 1207
1481 1285 1314
1285 1314 1481
1314 1285 1481
994 462 550
462 550 994
550 462 994
278 9 1443
9 278 1443
1443 9 278
385 158 1061
1061 158 385
158 385 1061
949 974 1151
1151 949 974
974 949 1151
167 823 1405
1405 167 823
823 167 1405
26 15 1011
15 26 1011
1011 15 26
473 32 1439
32 473 1439
1439 32 473
373 43 366
43 366 373
366 43 373
1346 726 1459
1459 726 1346
726 1346 1459
281 1247 1334
1334 281 1247
1247 281 1334
878 210 518
210 518 878
518 210 878
1305 746 1067
746 1067 1305
1067 746 1305
977 824 921
921 824 977
824 921 977
577 12 615
615 12 577
12 577 615
526 14 1046
14 526 1046
1046 14 526
531 77 346
346 77 531
77 346 531
697 1430 1444
1444 697 1430
1430 697 1444
905 166 317
166 317 905
317 166 905
228 961 1395
961 228 1395
1395 228 961
172 904 1145
1145 172 904
904 172 1145
1218 360 822
822 360 1218
360 822 1218
618 1036 1389
1036 618 1389
1389 618 1036
1204 1070 1363
1070 1204 1363
1363 1070 1204
1187 137 730
137 730 1187
730 137 1187
839 794 1456
1456 794 839
794 839 1456
60 10 1148
1148 10 60
10 60 1148
542 197 492
492 197 542
197 492 542
971 50 1276
1276 50 971
50 971 1276
36 409 1048
1048 36 409
409 36 1048
942 97 654
97 654 942
654 97 942
89 396 1357
1357 89 396
396 89 1357
762 582 1271
582 762 1271
1271 582 762
894 72 607
607 72 894
72 607 894
870 953 1493
953 870 1493
1493 870 953
315 121 569
121 315 569
569 121 315
1362 368 512
512 368 1362
368 512 1362
436 1000 1423
1000 436 1423
1423 436 1000
375 76 209
209 76 375
76 209 375
825 54 1155
1155 54 825
54 825 1155
1119 1140 1496
1140 1119 1496
1496 1119 1140
497 985 1115
985 497 1115
1115 497 985
649 48 382
382 48 649
48 382 649
1164 608 688
688 608 1164
608 688 1164
107 650 931
931 107 650
650 107 931
1009 1162 1404
1404 1009 1162
1162 1009 1404
30 547 655
655 30 547
547 30 655
624 310 567
310 567 624
567 310 624
458 929 1349
929 458 1349
1349 458 929
930 1399 1422
1422 930 1399
1399 930 1422
1169 8 527
8 527 1169
527 8 1169
662 163 1177
163 662 1177
1177 163 662
62 658 1099
1099 62 658
658 62 1099
1296 1082 1343
1343 1082 1296
1082 1296 1343
485 218 773
218 485 773
773 218 485
376 603 880
880 376 603
603 376 880
995 1093 1317
1093 995 1317
1317 995 1093
1114 343 398
343 398 1114
398 343 1114
561 470 1023
470 561 1023
1023 470 561
159 600 1241
1241 159 600
600 159 1241
206 1365 1480
1480 206 1365
1365 206 1480
63 524 1181
1181 63 524
524 63 1181
732 41 609
41 609 732
609 41 732
1203 754 1304
1304 754 1203
754 1203 1304
252 1014 1339
1014 252 1339
1339 252 1014
1186 363 923
923 363 1186
363 923 1186
1288 1278 1388
1278 1288 1388
1388 1278 1288
519 199 1107
199 519 1107
1107 199 519
1224 64 400
400 64 1224
64 400 1224
341 461 606
606 341 461
461 341 606
447 488 753
488 447 753
753 447 488
640 1318 1409
1318 640 1409
1409 640 1318
504 718 1065
718 504 1065
1065 504 718
1199 846 988
846 988 1199
988 846 1199
1458 540 570
570 540 1458
540 570 1458
800 689 1369
1369 689 800
689 800 1369
924 164 614
614 164 924
164 614 924
812 52 489
489 52 812
52 489 812
367 265 759
759 265 367
265 367 759
205 337 583
337 205 583
583 205 337
1488 895 1246
1246 895 1488
895 1246 1488
277 588 681
588 277 681
681 277 588
1 37 342
37 1 342
342 1 37
886 84 430
430 84 886
84 430 886
1054 713 1256
713 1054 1256
1256 713 1054
1341 5 407
407 5 1341
5 407 1341
304 198 1200
1200 198 304
198 304 1200
335 119 1325
1325 119 335
119 335 1325
708 535 947
535 708 947
947 535 708
390 859 1498
859 390 1498
1498 390 859
902 771 1260
771 902 1260
1260 771 902
1004 322 1370
1370 322 1004
322 1004 1370
1007 976 1133
1133 976 1007
976 1007 1133
255 906 1152
906 255 1152
1152 255 906
1350 1320 1437
1320 1350 1437
1437 1320 1350
883 450 621
450 621 883
621 450 883
246 98 269
269 98 246
98 246 269
212 100 799
100 212 799
799 100 212
1491 86 1313
86 1313 1491
1313 86 1491
1194 188 881
881 188 1194
188 881 1194
1092 936 1272
936 1092 1272
1272 936 1092
992 87 1088
87 992 1088
1088 87 992
565 1027 1483
1483 565 1027
1027 565 1483
1361 300 671
671 300 1361
300 671 1361
707 309 998
998 309 707
309 707 998
1091 1068 1087
1087 1068 1091
1068 1087 1091
1489 275 1396
1396 275 1489
275 1396 1489
61 599 788
599 61 788
788 61 599
1475 328 876
328 876 1475
876 328 1475
1497 344 1060
344 1060 1497
1060 344 1497
973 1312 1487
1487 973 1312
1312 973 1487
1310 325 1406
1406 325 1310
325 1310 1406
716 1277 1402
1402 716 1277
1277 716 1402
40 227 392
392 40 227
227 40 392
266 787 1336
787 266 1336
1336 266 787
686 364 948
948 364 686
364 686 948
1192 770 1213
770 1192 1213
1213 770 1192
963 691 927
691 927 963
927 691 963
1264 678 809
678 809 1264
809 678 1264
546 66 619
66 546 619
619 66 546
457 144 155
144 155 457
155 144 457
989 193 617
193 617 989
617 193 989
1250 354 983
983 354 1250
354 983 1250
1392 31 1364
31 1364 1392
1364 31 1392
996 35 804
35 804 996
804 35 996
834 557 1315
1315 557 834
557 834 1315
814 221 1345
221 814 1345
1345 221 814
613 104 957
104 613 957
957 104 613
1441 413 1111
413 1111 1441
1111 413 1441
1279 75 1321
75 1279 1321
1321 75 1279
747 802 827
827 747 802
802 747 827
968 964 1097
1097 964 968
964 968 1097
1059 1295 1398
1398 1059 1295
1295 1059 1398
660 464 1178
464 660 1178
1178 464 660
1083 242 510
510 242 1083
242 510 1083
1191 1347 1383
1383 1191 1347
1347 1191 1383
914 110 506
110 506 914
506 110 914
1265 740 1126
1126 740 1265
740 1126 1265
453 303 727
303 453 727
727 303 453
690 952 1229
952 690 1229
1229 690 952
932 217 1419
217 932 1419
1419 217 932
816 493 1335
493 816 1335
1335 493 816
397 687 1500
1500 397 687
687 397 1500
969 45 632
632 45 969
45 632 969
1292 408 1112
1112 408 1292
408 1112 1292
362 666 1074
666 362 1074
1074 362 666
720 391 522
522 391 720
391 522 720
558 150 169
169 150 558
150 169 558
426 573 991
991 426 573
573 426 991
668 965 1477
965 668 1477
1477 668 965
111 499 981
499 111 981
981 111 499
1039 946 1368
1368 946 1039
946 1039 1368
1268 247 515
247 515 1268
515 247 1268
1337 811 1463
1463 811 1337
811 1337 1463
845 49 854
854 49 845
49 845 854
314 132 1116
1116 132 314
132 314 1116
743 737 1484
737 743 1484
1484 737 743
401 153 549
153 401 549
549 153 401
1171 566 1016
566 1016 1171
1016 566 1171
1055 248 1188
1188 248 1055
248 1055 1188
498 960 1495
1495 498 960
960 498 1495
1072 545 888
545 888 1072
888 545 1072
1401 138 585
138 585 1401
585 138 1401
1228 336 633
336 633 1228
633 336 1228
1108 536 1076
1076 536 1108
536 1076 1108
39 1376 1428
1428 39 1376
1376 39 1428
508 417 628
417 508 628
628 417 508
604 469 775
775 469 604
469 604 775
594 23 152
152 23 594
23 152 594
1022 864 1257
864 1022 1257
1257 864 1022
16 1153 1359
1153 16 1359
1359 16 1153
962 850 1157
1157 850 962
850 962 1157
555 779 1053
1053 555 779
779 555 1053
179 233 1035
233 179 1035
1035 179 233
858 1324 1457
1457 858 1324
1324 858 1457
778 82 477
82 477 778
477 82 778
734 211 1424
211 734 1424
1424 211 734
56 855 1420
855 56 1420
1420 56 855
1258 903 1400
1400 903 1258
903 1258 1400
533 3 641
3 533 641
641 3 533
760 340 496
340 496 760
496 340 760
445 288 402
402 288 445
288 402 445
752 261 892
892 261 752
261 752 892
412 405 821
405 412 821
821 405 412
1215 95 1010
95 1010 1215
1010 95 1215
1464 316 818
316 818 1464
818 316 1464
165 1225 1381
1381 165 1225
1225 165 1381
308 982 1057
1057 308 982
982 308 1057
204 90 1098
90 204 1098
1098 90 204
721 81 505
81 505 721
505 81 721
781 370 867
370 781 867
867 370 781
808 918 1284
1284 808 918
918 808 1284
1255 230 767
767 230 1255
230 767 1255
853 610 803
610 803 853
803 610 853
933 20 1102
1102 20 933
20 933 1102
761 741 766
741 761 766
766 741 761
465 1216 1390
1216 465 1390
1390 465 1216
260 213 1414
1414 213 260
213 260 1414
140 912 1142
1142 140 912
912 140 1142
1089 539 1110
539 1089 1110
1110 539 1089
1080 320 1377
1377 320 1080
320 1080 1377
292 194 571
571 194 292
194 292 571
1219 319 909
319 909 1219
909 319 1219
103 115 120
120 103 115
115 103 120
1351 783 813
783 813 1351
813 783 1351
1328 173 352
173 352 1328
352 173 1328
1086 517 1094
517 1086 1094
1094 517 1086
1019 899 920
899 920 1019
920 899 1019
701 239 1050
1050 239 701
239 701 1050
427 262 934
262 427 934
934 262 427
333 267 1038
1038 267 333
267 333 1038
338 351 919
919 338 351
351 338 919
1372 986 1201
1201 986 1372
986 1201 1372
646 674 1176
1176 646 674
674 646 1176
334 92 1462
1462 92 334
92 334 1462
1413 301 807
301 807 1413
807 301 1413
631 951 1446
1446 631 951
951 631 1446
938 1136 1331
1136 938 1331
1331 938 1136
612 959 1042
959 612 1042
1042 612 959
702 67 1274
1274 67 702
67 702 1274
1471 1267 1307
1267 1307 1471
1307 1267 1471
1144 559 1450
1450 559 1144
559 1144 1450
389 553 1374
1374 389 553
553 389 1374
1149 829 1029
829 1029 1149
1029 829 1149
1358 415 1451
1451 415 1358
415 1358 1451
482 1066 1287
1287 482 1066
1066 482 1287
476 117 647
117 476 647
647 117 476
424 244 970
244 424 970
970 244 424
57 192 312
192 57 312
312 57 192
305 410 910
410 305 910
910 305 410
1031 441 1154
441 1031 1154
1154 441 1031
1452 520 958
958 520 1452
520 958 1452
1473 187 420
187 420 1473
420 187 1473
1202 124 1044
124 1044 1202
1044 124 1202
183 186 1141
186 183 1141
1141 183 186
160 1184 1322
1322 160 1184
1184 160 1322
283 377 419
419 283 377
377 283 419
170 586 1129
1129 170 586
586 170 1129
1435 672 874
874 672 1435
672 874 1435
1028 456 543
456 543 1028
543 456 1028
250 222 639
222 250 639
639 222 250
955 203 483
483 203 955
203 483 955
634 294 581
294 581 634
581 294 634
1453 431 1448
1448 431 1453
431 1448 1453
564 1352 1499
1499 564 1352
1352 564 1499
591 849 1165
849 591 1165
1165 591 849
1262 387 1189
387 1189 1262
1189 387 1262
1233 324 451
324 451 1233
451 324 1233
941 1230 1297
1297 941 1230
1230 941 1297
1286 1170 1411
1411 1170 1286
1170 1286 1411
685 1478 1485
1478 685 1485
1485 685 1478
1486 146 810
146 810 1486
810 146 1486
141 627 1101
627 141 1101
1101 141 627
394 676 1283
676 394 1283
1283 394 676
763 251 349
349 251 763
251 349 763
1311 79 1071
1071 79 1311
79 1071 1311
1421 123 1433
1433 123 1421
123 1421 1433
133 1168 1469
1168 133 1469
1469 133 1168
830 372 884
884 372 830
372 830 884
219 764 1167
1167 219 764
764 219 1167
1040 145 1015
1015 145 1040
145 1015 1040
568 1024 1371
1024 568 1371
1371 568 1024
694 321 1393
321 694 1393
1393 321 694
1407 403 1147
403 1147 1407
1147 403 1407
114 274 579
579 114 274
274 114 579
272 68 939
68 272 939
939 68 272
491 313 434
434 313 491
313 434 491
383 291 791
291 383 791
791 291 383
525 234 926
234 525 926
926 234 525
24 116 724
116 24 724
724 24 116
112 1109 1221
1221 112 1109
1109 112 1221
1163 704 1329
704 1163 1329
1329 704 1163
214 85 1052
1052 85 214
85 214 1052
347 381 1198
1198 347 381
381 347 1198
268 1041 1244
1041 268 1244
1244 268 1041
768 33 448
33 448 768
448 33 768
162 355 698
698 162 355
355 162 698
154 196 857
857 154 196
196 154 857
1236 88 1105
88 1105 1236
1105 88 1236
1231 326 1025
1025 326 1231
326 1025 1231
703 798 1095
798 703 1095
1095 703 798
659 862 1353
862 659 1353
1353 659 862
1034 148 819
819 148 1034
148 819 1034
935 645 1172
1172 645 935
645 935 1172
47 306 1342
306 47 1342
1342 47 306
1425 967 1275
1275 967 1425
967 1275 1425
742 657 793
657 742 793
793 657 742
1239 182 944
182 944 1239
944 182 1239
663 59 151
59 151 663
151 59 663
1449 667 1415
667 1415 1449
1415 667 1449
34 105 847
847 34 105
105 34 847
652 1190 1291
1291 652 1190
1190 652 1291
118 73 273
273 73 118
73 118 273
815 101 736
101 736 815
736 101 815
625 395 1403
1403 395 625
395 625 1403
1418 134 459
134 459 1418
459 134 1418
129 514 1062
514 129 1062
1062 129 514
1300 868 1008
1008 868 1300
868 1008 1300
486 147 749
147 486 749
749 147 486
1182 917 1005
1005 917 1182
917 1005 1182
1248 898 1166
898 1166 1248
1166 898 1248
1122 329 421
421 329 1122
329 421 1122
866 1254 1263
1263 866 1254
1254 866 1263
629 1280 1431
1431 629 1280
1280 629 1431
644 175 873
873 175 644
175 644 873
1058 139 851
139 851 1058
851 139 1058
1316 978 1242
1242 978 1316
978 1242 1316
454 126 598
598 126 454
126 454 598
1051 950 1344
1344 950 1051
950 1051 1344
494 661 1309
1309 494 661
661 494 1309
238 472 680
472 238 680
680 238 472
875 826 901
901 826 875
826 875 901
1338 180 1410
1410 180 1338
180 1338 1410
299 882 1197
882 299 1197
1197 299 882
240 990 1455
990 240 1455
1455 240 990
605 386 467
386 467 605
467 386 605
544 795 1293
1293 544 795
795 544 1293
500 1273 1397
1397 500 1273
1273 500 1397
993 429 1049
1049 429 993
429 993 1049
665 675 1104
675 665 1104
1104 665 675
280 339 797
339 280 797
797 280 339
592 738 840
738 592 840
840 592 738
922 987 1269
987 922 1269
1269 922 987
745 331 1217
331 745 1217
1217 331 745
478 1017 1139
1017 478 1139
1139 478 1017
1180 481 1294
1294 481 1180
481 1180 1294
1332 440 635
635 440 1332
440 635 1332
1130 460 723
723 460 1130
460 723 1130
1124 232 1476
1476 232 1124
232 1124 1476
1470 371 636
371 636 1470
636 371 1470
1238 245 954
245 954 1238
954 245 1238
416 51 388
51 388 416
388 51 416
