93679 19056 149494
149494 19056 93679
19056 93679 149494
34806 24308 87403
87403 24308 34806
24308 34806 87403
584 85101 141114
141114 584 85101
85101 584 141114
124894 59858 99962
59858 99962 124894
99962 59858 124894
105483 6746 55403
6746 55403 105483
55403 6746 105483
104822 72229 86671
86671 72229 104822
72229 86671 104822
100119 120102 135599
120102 100119 135599
135599 100119 120102
71878 132779 146657
146657 71878 132779
132779 71878 146657
136921 27967 69677
27967 69677 136921
69677 27967 136921
43534 3490 81292
81292 3490 43534
3490 43534 81292
5681 113261 128268
128268 5681 113261
113261 5681 128268
144577 11878 91358
11878 91358 144577
91358 11878 144577
35886 75805 142571
75805 35886 142571
142571 35886 75805
19544 35694 119018
119018 19544 35694
35694 19544 119018
7793 46128 94658
46128 7793 94658
94658 7793 46128
937 118046 126840
118046 937 126840
126840 937 118046
11885 61576 147996
61576 11885 147996
147996 11885 61576
85997 100779 102900
102900 85997 100779
100779 85997 102900
28593 56392 130714
130714 28593 56392
56392 28593 130714
94039 72832 132970
72832 94039 132970
132970 72832 94039
24947 83490 138694
138694 24947 83490
83490 24947 138694
27457 18572 67556
67556 18572 27457
18572 27457 67556
63016 17930 92349
92349 17930 63016
17930 63016 92349
113078 46724 52331
46724 52331 113078
52331 46724 113078
97665 75974 97313
97313 75974 97665
75974 97313 97665
137889 6466 35450
6466 35450 137889
35450 6466 137889
13257 3266 132835
3266 13257 132835
132835 3266 13257
22653 34089 123195
34089 22653 123195
123195 22653 34089
136964 35722 149657
35722 136964 149657
149657 35722 136964
95355 41202 73488
41202 73488 95355
73488 41202 95355
93155 44647 86897
44647 86897 93155
86897 44647 93155
32094 87893 125928
125928 32094 87893
87893 32094 125928
17610 77864 116509
116509 17610 77864
77864 17610 116509
69320 73553 104038
73553 69320 104038
104038 69320 73553
223 5277 44172
5277 223 44172
44172 223 5277
94917 19040 149791
19040 94917 149791
149791 19040 94917
115940 27532 75861
75861 27532 115940
27532 75861 115940
30704 91454 112840
91454 30704 112840
112840 30704 91454
98456 13651 65288
65288 13651 98456
13651 65288 98456
81342 6055 132898
6055 81342 132898
132898 6055 81342
23137 27989 105302
27989 23137 105302
105302 23137 27989
134835 45312 65581
45312 65581 134835
65581 45312 134835
54966 95274 105508
95274 54966 105508
105508 54966 95274
116563 73190 126354
73190 116563 126354
126354 73190 116563
24019 13108 133155
13108 24019 133155
133155 13108 24019
110108 15570 53514
15570 53514 110108
53514 15570 110108
19687 135824 142740
142740 19687 135824
135824 19687 142740
56129 42203 149519
149519 42203 56129
42203 56129 149519
132598 51534 78211
78211 51534 132598
51534 78211 132598
144631 80945 81027
80945 81027 144631
81027 80945 144631
106079 23329 119277
119277 23329 106079
23329 106079 119277
110077 57732 88103
88103 57732 110077
57732 88103 110077
6834 93528 138843
138843 6834 93528
93528 6834 138843
111004 2129 95560
95560 2129 111004
2129 95560 111004
46 36253 39006
36253 46 39006
39006 46 36253
20022 23262 112585
112585 20022 23262
23262 20022 112585
24332 17272 101955
17272 24332 101955
101955 17272 24332
35460 56611 66174
56611 35460 66174
66174 35460 56611
97639 101745 111807
111807 97639 101745
101745 97639 111807
125032 30553 111873
30553 111873 125032
111873 30553 125032
17084 89757 116853
89757 17084 116853
116853 17084 89757
138634 42268 139670
139670 42268 138634
42268 138634 139670
99020 58462 94273
58462 94273 99020
94273 58462 99020
72142 6004 85544
85544 6004 72142
6004 72142 85544
17862 73245 88526
88526 17862 73245
73245 17862 88526
9024 57131 90583
57131 9024 90583
90583 9024 57131
38077 73270 80648
73270 38077 80648
80648 38077 73270
18280 8421 82992
8421 18280 82992
82992 8421 18280
62568 18354 108587
108587 18354 62568
18354 62568 108587
142667 58056 100679
100679 58056 142667
58056 100679 142667
80547 13518 101934
13518 80547 101934
101934 13518 80547
91835 20819 51329
51329 20819 91835
20819 51329 91835
141819 7834 132060
132060 7834 141819
7834 132060 141819
110591 83949 142729
83949 110591 142729
142729 83949 110591
34262 76050 141364
141364 34262 76050
76050 34262 141364
120121 1057 22883
22883 1057 120121
1057 22883 120121
122466 14252 28805
14252 28805 122466
28805 14252 122466
48583 111396 141760
141760 48583 111396
111396 48583 141760
134398 89245 144371
89245 134398 144371
144371 89245 134398
93264 35887 100624
35887 93264 100624
100624 35887 93264
16749 14526 67774
14526 16749 67774
67774 14526 16749
125230 142498 144804
144804 125230 142498
142498 125230 144804
142420 5092 82281
82281 5092 142420
5092 82281 142420
47579 62199 80779
80779 47579 62199
62199 47579 80779
9153 10110 40656
40656 9153 10110
10110 9153 40656
140303 53664 82434
53664 82434 140303
82434 53664 140303
144115 44934 75158
75158 44934 144115
44934 75158 144115
43868 106376 119947
119947 43868 106376
106376 43868 119947
143005 109485 113293
109485 113293 143005
113293 109485 143005
21508 65250 84780
84780 21508 65250
65250 21508 84780
8949 1313 58792
58792 1313 8949
1313 8949 58792
20140 103398 129810
103398 20140 129810
129810 20140 103398
129822 76542 99417
99417 76542 129822
76542 99417 129822
146382 68398 149160
149160 68398 146382
68398 146382 149160
26724 76013 93562
93562 26724 76013
76013 26724 93562
136385 17022 81863
17022 81863 136385
81863 17022 136385
62920 12269 62559
12269 62559 62920
62559 12269 62920
36 99123 109185
109185 36 99123
99123 36 109185
24685 2053 124615
124615 2053 24685
2053 24685 124615
101340 103146 125667
125667 101340 103146
103146 101340 125667
25095 65111 89772
65111 25095 89772
89772 25095 65111
23948 45332 98386
98386 23948 45332
45332 23948 98386
148007 127485 140338
127485 140338 148007
140338 127485 148007
62484 43042 108537
108537 43042 62484
43042 62484 108537
119877 4866 141864
4866 119877 141864
141864 4866 119877
63882 25706 148330
148330 25706 63882
25706 63882 148330
11937 53127 64782
53127 11937 64782
64782 11937 53127
141658 49429 101028
49429 101028 141658
101028 49429 141658
135584 4017 80539
4017 80539 135584
80539 4017 135584
45328 81564 91600
81564 45328 91600
91600 45328 81564
13280 112741 131523
112741 13280 131523
131523 13280 112741
48857 54257 65689
65689 48857 54257
54257 48857 65689
99183 21020 116874
116874 21020 99183
21020 99183 116874
11269 58364 141568
141568 11269 58364
58364 11269 141568
59956 2088 4985
4985 2088 59956
2088 4985 59956
975 74488 143546
143546 975 74488
74488 975 143546
146584 5818 78727
5818 78727 146584
78727 5818 146584
125407 118873 135079
118873 125407 135079
135079 118873 125407
89588 24661 72782
72782 24661 89588
24661 72782 89588
102867 27116 41019
27116 41019 102867
41019 27116 102867
82160 58586 143625
58586 82160 143625
143625 58586 82160
18854 28277 142448
142448 18854 28277
28277 18854 142448
123323 98479 138753
98479 123323 138753
138753 98479 123323
77739 7515 30239
7515 30239 77739
30239 7515 77739
67300 115288 130117
115288 67300 130117
130117 67300 115288
37976 87598 117890
87598 37976 117890
117890 37976 87598
88705 21818 128562
128562 21818 88705
21818 88705 128562
33155 1897 121686
121686 1897 33155
1897 33155 121686
28471 111153 130368
111153 28471 130368
130368 28471 111153
50991 7455 44811
44811 7455 50991
7455 44811 50991
104291 103696 141946
141946 103696 104291
103696 104291 141946
44825 29911 125919
125919 29911 44825
29911 44825 125919
140610 97165 148382
97165 140610 148382
148382 97165 140610
122440 81255 123835
123835 81255 122440
81255 122440 123835
149938 53825 84165
53825 84165 149938
84165 53825 149938
80014 92207 141943
92207 80014 141943
141943 80014 92207
116399 1593 129056
129056 1593 116399
1593 116399 129056
27193 46012 105761
105761 27193 46012
46012 27193 105761
145690 12321 27359
27359 12321 145690
12321 27359 145690
70202 4989 104058
104058 4989 70202
4989 70202 104058
134 66952 129177
129177 134 66952
66952 134 129177
107387 114464 116542
114464 107387 116542
116542 107387 114464
147593 862 111394
111394 862 147593
862 111394 147593
124859 39834 119974
119974 39834 124859
39834 119974 124859
136574 12726 15259
12726 15259 136574
15259 12726 136574
97378 78273 113124
113124 78273 97378
78273 97378 113124
133655 6450 30438
30438 6450 133655
6450 30438 133655
101143 3467 32776
32776 3467 101143
3467 32776 101143
41615 34983 148446
148446 34983 41615
34983 41615 148446
61743 58383 71456
58383 61743 71456
71456 58383 61743
54051 8722 99300
8722 54051 99300
99300 8722 54051
12248 125162 137863
125162 12248 137863
137863 12248 125162
103314 3908 35744
3908 35744 103314
35744 3908 103314
41171 86869 148594
86869 41171 148594
148594 41171 86869
40166 4313 10059
4313 10059 40166
10059 4313 40166
78626 57238 109344
109344 57238 78626
57238 78626 109344
11030 21398 123021
123021 11030 21398
21398 11030 123021
50111 75265 83904
75265 50111 83904
83904 50111 75265
67373 304 149617
149617 304 67373
304 67373 149617
118923 111988 114854
111988 114854 118923
114854 111988 118923
74813 47047 57661
47047 57661 74813
57661 47047 74813
99687 44946 102743
102743 44946 99687
44946 99687 102743
12671 31754 139452
139452 12671 31754
31754 12671 139452
43691 39599 129292
39599 43691 129292
129292 39599 43691
36173 105210 135872
135872 36173 105210
105210 36173 135872
4024 17458 98108
98108 4024 17458
17458 4024 98108
21676 26655 33292
33292 21676 26655
26655 21676 33292
133220 115748 147659
115748 133220 147659
147659 115748 133220
60065 110011 123265
123265 60065 110011
110011 60065 123265
119994 27285 39524
39524 27285 119994
27285 39524 119994
36977 3465 26302
26302 3465 36977
3465 26302 36977
133666 49288 99837
99837 49288 133666
49288 99837 133666
23215 2144 138909
138909 2144 23215
2144 23215 138909
83410 5110 47316
47316 5110 83410
5110 47316 83410
130661 66380 138246
138246 66380 130661
66380 130661 138246
41162 73612 144299
73612 41162 144299
144299 41162 73612
57994 84767 107518
107518 57994 84767
84767 57994 107518
63666 112304 117945
112304 63666 117945
117945 63666 112304
15953 2189 98111
2189 15953 98111
98111 2189 15953
148084 87668 138573
87668 138573 148084
138573 87668 148084
132469 128850 145360
128850 132469 145360
145360 128850 132469
135644 22253 107379
107379 22253 135644
22253 107379 135644
138736 8992 14905
8992 14905 138736
14905 8992 138736
22149 16166 106917
106917 16166 22149
16166 22149 106917
35490 51168 116815
116815 35490 51168
51168 35490 116815
79384 28095 111496
28095 79384 111496
111496 28095 79384
45204 17888 42539
42539 17888 45204
17888 42539 45204
71907 101210 107358
107358 71907 101210
101210 71907 107358
55784 28489 95173
95173 28489 55784
28489 55784 95173
50276 57499 80934
80934 50276 57499
57499 50276 80934
128559 32300 102724
32300 102724 128559
102724 32300 128559
7664 20094 102702
102702 7664 20094
20094 7664 102702
77255 51776 141254
51776 77255 141254
141254 51776 77255
148984 57712 144818
144818 57712 148984
57712 144818 148984
7782 34635 96821
34635 7782 96821
96821 7782 34635
63787 50887 130096
50887 63787 130096
130096 50887 63787
82891 128826 138767
138767 82891 128826
128826 82891 138767
35908 67625 102621
102621 35908 67625
67625 35908 102621
16621 81618 115599
115599 16621 81618
81618 16621 115599
4181 41788 48596
48596 4181 41788
41788 4181 48596
50928 111243 126671
126671 50928 111243
111243 50928 126671
33582 115351 142422
115351 33582 142422
142422 33582 115351
39613 59295 121376
121376 39613 59295
59295 39613 121376
39478 84668 122079
84668 39478 122079
122079 39478 84668
129780 19543 141041
19543 129780 141041
141041 19543 129780
105582 7583 102200
7583 102200 105582
102200 7583 105582
138375 3416 68358
68358 3416 138375
3416 68358 138375
14462 78497 148829
78497 14462 148829
148829 14462 78497
130961 124150 131791
124150 130961 131791
131791 124150 130961
2948 77450 123469
123469 2948 77450
77450 2948 123469
7634 99495 111734
99495 7634 111734
111734 7634 99495
83539 10369 50389
50389 10369 83539
10369 50389 83539
33491 94006 128537
94006 33491 128537
128537 33491 94006
83974 3098 100977
3098 83974 100977
100977 3098 83974
122116 19910 62156
19910 62156 122116
62156 19910 122116
84731 119678 129873
119678 84731 129873
129873 84731 119678
128869 5483 19290
19290 5483 128869
5483 19290 128869
16131 26040 115779
26040 16131 115779
115779 16131 26040
144339 4183 148040
4183 144339 148040
148040 4183 144339
36254 18514 79748
79748 18514 36254
18514 36254 79748
56668 17048 31369
31369 17048 56668
17048 31369 56668
55171 10112 105277
10112 55171 105277
105277 10112 55171
36702 17480 53170
17480 36702 53170
53170 17480 36702
122701 89800 147433
89800 122701 147433
147433 89800 122701
78665 94367 102672
94367 78665 102672
102672 78665 94367
127285 129220 131799
131799 127285 129220
129220 127285 131799
138439 66448 96391
66448 96391 138439
96391 66448 138439
87109 52314 52850
52314 52850 87109
52850 52314 87109
38704 56113 102458
56113 38704 102458
102458 38704 56113
98723 75596 84556
84556 75596 98723
75596 84556 98723
79108 5143 30386
5143 30386 79108
30386 5143 79108
15573 2130 85749
2130 15573 85749
85749 2130 15573
36124 22963 144043
144043 22963 36124
22963 36124 144043
35137 3403 85417
3403 35137 85417
85417 3403 35137
8048 47364 141338
47364 8048 141338
141338 8048 47364
52530 58048 129281
58048 52530 129281
129281 52530 58048
11594 79188 83538
83538 11594 79188
79188 11594 83538
14506 3668 10689
3668 10689 14506
10689 3668 14506
49682 10807 57757
57757 10807 49682
10807 49682 57757
23883 37274 112124
37274 23883 112124
112124 23883 37274
84959 49634 66564
49634 66564 84959
66564 49634 84959
60714 47379 62600
62600 47379 60714
47379 60714 62600
84358 30577 73086
30577 73086 84358
73086 30577 84358
71377 74517 125849
74517 71377 125849
125849 71377 74517
100813 45249 102191
45249 100813 102191
102191 45249 100813
50871 108826 147908
147908 50871 108826
108826 50871 147908
48272 9818 43189
9818 43189 48272
43189 9818 48272
114756 49344 49528
49528 49344 114756
49344 49528 114756
110493 57401 99799
99799 57401 110493
57401 99799 110493
57497 18850 108990
108990 18850 57497
18850 57497 108990
23497 18707 107912
18707 23497 107912
107912 18707 23497
131813 55798 83020
55798 83020 131813
83020 55798 131813
49086 20510 26287
26287 20510 49086
20510 26287 49086
4389 85498 89669
85498 4389 89669
89669 4389 85498
123135 48170 101572
101572 48170 123135
48170 101572 123135
113934 40356 90493
90493 40356 113934
40356 90493 113934
33542 10040 97325
10040 33542 97325
97325 10040 33542
127581 6719 70336
6719 70336 127581
70336 6719 127581
147885 25642 54967
54967 25642 147885
25642 54967 147885
43786 68254 69610
68254 43786 69610
69610 43786 68254
139625 5754 72577
72577 5754 139625
5754 72577 139625
137834 17085 129024
129024 17085 137834
17085 129024 137834
40469 85775 113332
113332 40469 85775
85775 40469 113332
114831 82890 94331
94331 82890 114831
82890 94331 114831
112652 57720 62040
57720 62040 112652
62040 57720 112652
136089 20058 122425
122425 20058 136089
20058 122425 136089
118695 87674 132031
87674 118695 132031
132031 87674 118695
110784 82780 100254
82780 100254 110784
100254 82780 110784
99569 53509 100528
53509 99569 100528
100528 53509 99569
48379 1155 135061
135061 1155 48379
1155 48379 135061
74000 16401 88295
88295 16401 74000
16401 74000 88295
135051 47910 69765
69765 47910 135051
47910 69765 135051
61502 64752 76441
64752 61502 76441
76441 61502 64752
50357 59766 91126
91126 50357 59766
59766 50357 91126
88642 83075 129151
83075 88642 129151
129151 83075 88642
68375 71845 92744
92744 68375 71845
71845 68375 92744
122586 115464 130975
115464 122586 130975
130975 115464 122586
83160 2829 23956
2829 23956 83160
23956 2829 83160
35446 48724 143921
143921 35446 48724
48724 35446 143921
86468 37051 46038
37051 46038 86468
46038 37051 86468
91740 16884 28189
28189 16884 91740
16884 28189 91740
34337 26731 62812
26731 34337 62812
62812 26731 34337
61660 65695 126689
126689 61660 65695
65695 61660 126689
106226 8969 75208
8969 75208 106226
75208 8969 106226
89276 55295 93813
93813 55295 89276
55295 89276 93813
23260 42226 60949
60949 23260 42226
42226 23260 60949
112466 123412 123648
123648 112466 123412
123412 112466 123648
301 14777 43923
43923 301 14777
14777 301 43923
75931 29878 132521
132521 29878 75931
29878 75931 132521
95854 13781 80675
13781 80675 95854
80675 13781 95854
36892 13647 24221
24221 13647 36892
13647 24221 36892
79575 4185 147030
4185 79575 147030
147030 4185 79575
78312 115987 149403
115987 78312 149403
149403 78312 115987
77090 48974 106290
48974 77090 106290
106290 48974 77090
144469 99934 127798
99934 127798 144469
127798 99934 144469
69757 24185 31871
24185 31871 69757
31871 24185 69757
97951 58503 133368
133368 58503 97951
58503 97951 133368
130132 37380 92663
92663 37380 130132
37380 92663 130132
142166 57829 123530
57829 123530 142166
123530 57829 142166
113677 24349 101406
101406 24349 113677
24349 101406 113677
115868 91325 101497
101497 91325 115868
91325 101497 115868
132338 113031 147753
147753 113031 132338
113031 132338 147753
98993 111302 126434
126434 98993 111302
111302 98993 126434
84839 30864 39638
39638 30864 84839
30864 39638 84839
76191 104960 112669
112669 76191 104960
104960 76191 112669
58075 40723 66330
40723 58075 66330
66330 40723 58075
48759 52802 131449
131449 48759 52802
52802 48759 131449
18700 30427 40917
40917 18700 30427
30427 18700 40917
40311 39967 118137
39967 40311 118137
118137 39967 40311
57392 73460 102834
73460 57392 102834
102834 57392 73460
50457 6754 34745
34745 6754 50457
6754 34745 50457
66675 118040 120826
118040 66675 120826
120826 66675 118040
107120 5147 86302
5147 86302 107120
86302 5147 107120
30780 49813 107472
107472 30780 49813
49813 30780 107472
141457 22429 62134
62134 22429 141457
22429 62134 141457
2266 2242 129644
129644 2242 2266
2242 2266 129644
127815 5945 72588
72588 5945 127815
5945 72588 127815
135336 49846 72095
49846 72095 135336
72095 49846 135336
68076 27801 75081
75081 27801 68076
27801 68076 75081
113762 4352 103890
4352 103890 113762
103890 4352 113762
77141 65679 141295
65679 77141 141295
141295 65679 77141
54907 43459 49172
43459 49172 54907
49172 43459 54907
57195 107899 108228
107899 57195 108228
108228 57195 107899
111949 33244 91099
91099 33244 111949
33244 91099 111949
48199 38542 126700
38542 48199 126700
126700 38542 48199
4127 35232 84453
35232 4127 84453
84453 4127 35232
42023 77601 81444
81444 42023 77601
77601 42023 81444
68009 135937 144913
144913 68009 135937
135937 68009 144913
24846 72544 80858
80858 24846 72544
72544 24846 80858
73555 37315 64522
37315 64522 73555
64522 37315 73555
113877 55078 121042
121042 55078 113877
55078 113877 121042
78487 49843 136756
136756 49843 78487
49843 78487 136756
10259 5307 14853
14853 5307 10259
5307 10259 14853
64646 65532 73625
65532 64646 73625
73625 64646 65532
9584 41053 68408
41053 9584 68408
68408 9584 41053
42841 9192 71200
71200 9192 42841
9192 42841 71200
139018 91415 126052
91415 126052 139018
126052 91415 139018
128256 16083 29076
29076 16083 128256
16083 29076 128256
15615 4981 145278
4981 15615 145278
145278 4981 15615
19342 21397 71205
21397 19342 71205
71205 19342 21397
733 23648 126030
126030 733 23648
23648 733 126030
20945 43636 75932
43636 20945 75932
75932 20945 43636
131304 21891 37396
37396 21891 131304
21891 37396 131304
87574 9605 95813
95813 9605 87574
9605 87574 95813
109795 78348 124685
78348 109795 124685
124685 78348 109795
10897 14002 134156
134156 10897 14002
14002 10897 134156
85431 52161 128323
128323 52161 85431
52161 85431 128323
141811 591 115744
115744 591 141811
591 115744 141811
40395 101762 118489
101762 40395 118489
118489 40395 101762
113235 80076 123430
80076 113235 123430
123430 80076 113235
57369 40373 65886
40373 57369 65886
65886 40373 57369
81321 31048 73979
73979 31048 81321
31048 73979 81321
124949 2505 29367
2505 29367 124949
29367 2505 124949
28129 30132 84944
84944 28129 30132
30132 28129 84944
95714 80850 132103
132103 80850 95714
80850 95714 132103
18825 28299 117458
117458 18825 28299
28299 18825 117458
84043 14527 149101
14527 84043 149101
149101 14527 84043
92897 90204 126483
90204 92897 126483
126483 90204 92897
149604 73654 83391
83391 73654 149604
73654 83391 149604
62100 5580 98696
98696 5580 62100
5580 62100 98696
88747 27907 130701
27907 88747 130701
130701 27907 88747
62402 9121 22433
9121 22433 62402
22433 9121 62402
37143 17126 70611
70611 17126 37143
17126 37143 70611
69376 118645 125925
118645 69376 125925
125925 69376 118645
117709 13180 81607
13180 81607 117709
81607 13180 117709
9350 31054 135763
135763 9350 31054
31054 9350 135763
916 98079 121600
98079 916 121600
121600 916 98079
3332 18009 89378
89378 3332 18009
18009 3332 89378
23915 25142 118785
118785 23915 25142
25142 23915 118785
125001 62620 109679
109679 62620 125001
62620 109679 125001
65673 62396 132320
62396 65673 132320
132320 62396 65673
77423 76893 77118
77118 76893 77423
76893 77118 77423
132799 74897 78795
78795 74897 132799
74897 78795 132799
52263 50329 96982
96982 50329 52263
50329 52263 96982
28315 20622 101375
20622 28315 101375
101375 20622 28315
14897 47606 130712
130712 14897 47606
47606 14897 130712
97482 46145 122017
122017 46145 97482
46145 97482 122017
38382 9355 106100
106100 9355 38382
9355 38382 106100
39809 52673 57998
57998 39809 52673
52673 39809 57998
100101 35545 59153
59153 35545 100101
35545 59153 100101
20369 118683 132045
132045 20369 118683
118683 20369 132045
73067 3321 75939
3321 73067 75939
75939 3321 73067
69123 4184 50631
4184 50631 69123
50631 4184 69123
402 79949 136710
79949 402 136710
136710 402 79949
78520 13017 49456
49456 13017 78520
13017 49456 78520
26539 119929 149684
149684 26539 119929
119929 26539 149684
140297 45060 116110
45060 116110 140297
116110 45060 140297
130686 59427 102247
102247 59427 130686
59427 102247 130686
49825 41640 89811
41640 49825 89811
89811 41640 49825
50109 14097 96540
14097 50109 96540
96540 14097 50109
79259 77394 136098
136098 77394 79259
77394 79259 136098
74296 113983 131762
131762 74296 113983
113983 74296 131762
24964 6416 36776
6416 24964 36776
36776 6416 24964
117149 58672 117465
58672 117149 117465
117465 58672 117149
85028 66599 130908
130908 66599 85028
66599 85028 130908
6797 90483 103467
90483 6797 103467
103467 6797 90483
90704 15364 91500
91500 15364 90704
15364 90704 91500
36169 50772 85542
50772 36169 85542
85542 36169 50772
90098 49519 111175
111175 49519 90098
49519 90098 111175
54176 28679 95089
95089 28679 54176
28679 54176 95089
93080 37015 111527
37015 93080 111527
111527 37015 93080
20376 24378 25900
25900 20376 24378
24378 20376 25900
7652 37570 97651
37570 7652 97651
97651 7652 37570
49824 26438 35358
35358 26438 49824
26438 35358 49824
20288 111152 113406
111152 20288 113406
113406 20288 111152
51899 33195 70605
33195 51899 70605
70605 33195 51899
14761 75674 88379
88379 14761 75674
75674 14761 88379
112774 9314 71254
71254 9314 112774
9314 71254 112774
26032 26043 146687
26043 26032 146687
146687 26032 26043
75437 22796 59925
22796 59925 75437
59925 22796 75437
15656 99021 117504
117504 15656 99021
99021 15656 117504
124660 34247 114076
34247 114076 124660
114076 34247 124660
102459 37046 109010
37046 102459 109010
109010 37046 102459
45902 8058 116222
8058 45902 116222
116222 8058 45902
5265 140294 149543
149543 5265 140294
140294 5265 149543
4279 6963 67027
67027 4279 6963
6963 4279 67027
35065 91915 136296
91915 35065 136296
136296 35065 91915
92128 2456 50301
50301 2456 92128
2456 50301 92128
3357 109046 118293
109046 3357 118293
118293 3357 109046
101163 22225 64182
22225 64182 101163
64182 22225 101163
126384 22711 108900
108900 22711 126384
22711 108900 126384
101250 96481 133506
133506 96481 101250
96481 101250 133506
145010 23635 91678
91678 23635 145010
23635 91678 145010
11332 70092 122373
122373 11332 70092
70092 11332 122373
104790 86728 101216
86728 101216 104790
101216 86728 104790
65625 101527 107678
107678 65625 101527
101527 65625 107678
12053 56417 133367
133367 12053 56417
56417 12053 133367
134691 55734 74526
74526 55734 134691
55734 74526 134691
95434 35651 75509
35651 75509 95434
75509 35651 95434
109113 24882 134178
24882 109113 134178
134178 24882 109113
55928 57701 112105
57701 55928 112105
112105 55928 57701
125867 84788 100453
84788 100453 125867
100453 84788 125867
72813 64061 91086
64061 72813 91086
91086 64061 72813
80314 29504 71006
71006 29504 80314
29504 71006 80314
40633 103921 143200
143200 40633 103921
103921 40633 143200
131081 17773 64033
17773 64033 131081
64033 17773 131081
50084 106737 144333
106737 50084 144333
144333 50084 106737
97492 18458 76560
76560 18458 97492
18458 76560 97492
123205 17079 78104
78104 17079 123205
17079 78104 123205
125396 66420 102168
66420 102168 125396
102168 66420 125396
145078 66372 142110
142110 66372 145078
66372 142110 145078
110709 26237 65549
26237 65549 110709
65549 26237 110709
39161 32951 72751
32951 39161 72751
72751 32951 39161
70635 238 66620
66620 238 70635
238 66620 70635
71285 24849 96311
96311 24849 71285
24849 71285 96311
50640 45167 69112
45167 50640 69112
69112 45167 50640
114890 110647 114759
114759 110647 114890
110647 114759 114890
96338 109256 113180
109256 96338 113180
113180 96338 109256
36487 50012 70904
70904 36487 50012
50012 36487 70904
54333 27235 35188
27235 35188 54333
35188 27235 54333
15569 88837 99741
88837 15569 99741
99741 15569 88837
144720 96211 122971
96211 122971 144720
122971 96211 144720
47999 85095 123305
85095 47999 123305
123305 47999 85095
75181 66868 91953
66868 75181 91953
91953 66868 75181
106492 53406 96177
53406 96177 106492
96177 53406 106492
41737 45711 118809
45711 41737 118809
118809 41737 45711
108832 7624 123702
7624 108832 123702
123702 7624 108832
74265 6596 23034
6596 23034 74265
23034 6596 74265
51573 77921 135575
135575 51573 77921
77921 51573 135575
117470 27676 71133
27676 71133 117470
71133 27676 117470
90823 17970 18798
17970 18798 90823
18798 17970 90823
132579 80843 130415
130415 80843 132579
80843 130415 132579
85850 8806 37655
8806 37655 85850
37655 8806 85850
61832 63945 135523
63945 61832 135523
135523 61832 63945
101305 45790 87998
87998 45790 101305
45790 87998 101305
16469 72367 87239
72367 16469 87239
87239 16469 72367
8978 1390 142798
1390 8978 142798
142798 1390 8978
4573 110289 121123
121123 4573 110289
110289 4573 121123
64928 80436 91268
80436 64928 91268
91268 64928 80436
122388 37497 108424
37497 108424 122388
108424 37497 122388
146046 84454 92821
84454 92821 146046
92821 84454 146046
38875 201 45148
201 38875 45148
45148 201 38875
82020 66588 143628
66588 82020 143628
143628 66588 82020
14841 55028 107431
107431 14841 55028
55028 14841 107431
6885 8665 70125
8665 6885 70125
70125 6885 8665
143034 19643 91115
19643 91115 143034
91115 19643 143034
14054 96302 134783
134783 14054 96302
96302 14054 134783
76067 10278 119192
10278 76067 119192
119192 10278 76067
4779 9980 68585
68585 4779 9980
9980 4779 68585
47154 12107 106919
106919 12107 47154
12107 47154 106919
58469 109375 130199
130199 58469 109375
109375 58469 130199
17026 34076 90257
34076 17026 90257
90257 17026 34076
32358 11733 42099
11733 32358 42099
42099 11733 32358
141764 57313 100801
57313 100801 141764
100801 57313 141764
146338 108131 124081
108131 124081 146338
124081 108131 146338
53021 40854 124873
124873 40854 53021
40854 53021 124873
142229 115897 137578
137578 115897 142229
115897 137578 142229
65136 55904 119663
55904 65136 119663
119663 55904 65136
143180 11431 44864
11431 44864 143180
44864 11431 143180
5255 56121 99275
99275 5255 56121
56121 5255 99275
40913 70029 118332
118332 40913 70029
70029 40913 118332
64175 87702 91711
87702 64175 91711
91711 64175 87702
18296 77996 78120
77996 18296 78120
78120 18296 77996
82612 111546 141089
141089 82612 111546
111546 82612 141089
79936 51003 79059
51003 79059 79936
79059 51003 79936
127932 74387 136575
74387 127932 136575
136575 74387 127932
94347 72242 100952
100952 72242 94347
72242 94347 100952
65411 85958 128199
85958 65411 128199
128199 65411 85958
34224 35300 78997
35300 34224 78997
78997 34224 35300
44386 11027 130744
11027 44386 130744
130744 11027 44386
126400 49177 116257
49177 116257 126400
116257 49177 126400
143500 7286 117580
117580 7286 143500
7286 117580 143500
10774 35349 144404
144404 10774 35349
35349 10774 144404
56650 37142 54783
37142 54783 56650
54783 37142 56650
139798 14600 54794
14600 54794 139798
54794 14600 139798
53692 13382 84708
84708 13382 53692
13382 53692 84708
134040 93019 132996
93019 132996 134040
132996 93019 134040
17567 121242 135403
121242 17567 135403
135403 17567 121242
60649 97499 98268
98268 60649 97499
97499 60649 98268
89484 23171 87472
23171 87472 89484
87472 23171 89484
4028 70673 123200
123200 4028 70673
70673 4028 123200
64288 70310 108473
108473 64288 70310
70310 64288 108473
111034 13734 38018
13734 38018 111034
38018 13734 111034
91218 25805 85683
85683 25805 91218
25805 85683 91218
15060 559 143820
559 15060 143820
143820 559 15060
74380 51516 57855
57855 51516 74380
51516 57855 74380
22675 73176 128462
128462 22675 73176
73176 22675 128462
59453 21303 95570
21303 59453 95570
95570 21303 59453
123735 22317 28588
28588 22317 123735
22317 28588 123735
115860 82264 88230
88230 82264 115860
82264 88230 115860
124253 121386 144095
144095 121386 124253
121386 124253 144095
25865 39150 66115
39150 25865 66115
66115 25865 39150
95747 24506 71711
71711 24506 95747
24506 71711 95747
46198 50061 81523
81523 46198 50061
50061 46198 81523
25299 13490 53881
53881 13490 25299
13490 25299 53881
9714 87422 149824
87422 9714 149824
149824 9714 87422
65654 37654 108857
37654 65654 108857
108857 37654 65654
148362 74680 96172
74680 96172 148362
96172 74680 148362
73293 111136 132039
111136 73293 132039
132039 73293 111136
129535 121732 129359
121732 129359 129535
129359 121732 129535
64402 23528 23871
23871 23528 64402
23528 23871 64402
76678 68493 68612
68612 68493 76678
68493 68612 76678
14965 114619 132288
132288 14965 114619
114619 14965 132288
20762 17021 23898
23898 17021 20762
17021 20762 23898
54382 18075 145071
145071 18075 54382
18075 54382 145071
75991 38477 59945
38477 59945 75991
59945 38477 75991
27151 87592 93177
87592 27151 93177
93177 27151 87592
31427 13868 35809
13868 31427 35809
35809 13868 31427
45460 19232 149841
19232 45460 149841
149841 19232 45460
6751 1919 59323
59323 1919 6751
1919 6751 59323
5641 7808 108402
7808 5641 108402
108402 5641 7808
111329 72622 93363
72622 93363 111329
93363 72622 111329
34001 109864 125910
109864 34001 125910
125910 34001 109864
46695 32302 106676
106676 32302 46695
32302 46695 106676
105104 66353 121650
66353 105104 121650
121650 66353 105104
111523 90824 98702
90824 98702 111523
98702 90824 111523
67004 17237 144342
144342 17237 67004
17237 67004 144342
22368 19258 87671
87671 19258 22368
19258 22368 87671
34714 37966 66255
37966 34714 66255
66255 34714 37966
128333 7250 26452
7250 26452 128333
26452 7250 128333
19407 54174 76488
54174 19407 76488
76488 19407 54174
75964 132837 145267
132837 75964 145267
145267 75964 132837
42370 26911 104825
104825 26911 42370
26911 42370 104825
4999 46935 52281
52281 4999 46935
46935 4999 52281
26054 35423 107432
35423 26054 107432
107432 26054 35423
63316 17668 40429
17668 40429 63316
40429 17668 63316
80817 129429 148430
148430 80817 129429
129429 80817 148430
99566 1093 9096
9096 1093 99566
1093 9096 99566
126410 51682 52125
52125 51682 126410
51682 52125 126410
75411 15956 105253
105253 15956 75411
15956 75411 105253
35075 27602 129769
129769 27602 35075
27602 35075 129769
119631 51941 94503
51941 94503 119631
94503 51941 119631
58542 31954 53805
31954 53805 58542
53805 31954 58542
92426 112911 144849
112911 92426 144849
144849 92426 112911
132705 42622 73606
42622 73606 132705
73606 42622 132705
100357 84156 85437
85437 84156 100357
84156 85437 100357
114157 108619 130150
130150 108619 114157
108619 114157 130150
3210 4824 86519
4824 3210 86519
86519 3210 4824
118937 11251 32085
11251 32085 118937
32085 11251 118937
122479 23117 65262
23117 65262 122479
65262 23117 122479
107044 18759 40414
40414 18759 107044
18759 40414 107044
12359 16904 57153
57153 12359 16904
16904 12359 57153
90543 8505 61404
8505 61404 90543
61404 8505 90543
49082 79106 106644
79106 49082 106644
106644 49082 79106
132465 40228 140049
140049 40228 132465
40228 132465 140049
32121 40315 127965
40315 32121 127965
127965 32121 40315
117530 32299 120940
32299 117530 120940
120940 32299 117530
80726 41693 92399
92399 41693 80726
41693 80726 92399
29147 119189 123692
123692 29147 119189
119189 29147 123692
134544 13005 96165
96165 13005 134544
13005 96165 134544
75892 16300 84673
16300 75892 84673
84673 16300 75892
120103 25144 135962
135962 25144 120103
25144 120103 135962
92431 13462 47456
47456 13462 92431
13462 47456 92431
90706 41778 139567
139567 41778 90706
41778 90706 139567
1370 78382 145999
145999 1370 78382
78382 1370 145999
104077 89271 114873
89271 104077 114873
114873 89271 104077
3334 70428 92542
70428 3334 92542
92542 3334 70428
65114 81320 149979
149979 65114 81320
81320 65114 149979
55367 46296 115519
115519 46296 55367
46296 55367 115519
80421 110947 114895
110947 80421 114895
114895 80421 110947
123278 16298 125778
125778 16298 123278
16298 123278 125778
26224 42122 124354
124354 26224 42122
42122 26224 124354
124568 61140 87168
87168 61140 124568
61140 87168 124568
23773 40104 56982
40104 23773 56982
56982 23773 40104
90710 119374 121005
121005 90710 119374
119374 90710 121005
149697 76591 120688
120688 76591 149697
76591 120688 149697
44186 46365 124547
46365 44186 124547
124547 44186 46365
58914 85137 99897
85137 58914 99897
99897 58914 85137
69730 83392 121741
121741 69730 83392
83392 69730 121741
63937 80110 147161
80110 63937 147161
147161 63937 80110
15448 20332 102116
20332 15448 102116
102116 15448 20332
70883 37067 110319
110319 37067 70883
37067 70883 110319
84146 33610 112203
33610 84146 112203
112203 33610 84146
48474 50641 138992
138992 48474 50641
50641 48474 138992
18890 72522 113870
113870 18890 72522
72522 18890 113870
92727 47940 72190
47940 72190 92727
72190 47940 92727
2449 70798 147702
147702 2449 70798
70798 2449 147702
137622 146180 149204
149204 137622 146180
146180 137622 149204
95189 99494 138048
138048 95189 99494
99494 95189 138048
76955 109994 144588
144588 76955 109994
109994 76955 144588
28622 84582 117337
84582 28622 117337
117337 28622 84582
108526 22758 51906
22758 51906 108526
51906 22758 108526
11696 9309 16711
16711 9309 11696
9309 11696 16711
22266 69871 101207
101207 22266 69871
69871 22266 101207
121002 6487 37267
6487 37267 121002
37267 6487 121002
71524 84303 139163
84303 71524 139163
139163 71524 84303
141875 28921 137974
28921 137974 141875
137974 28921 141875
16435 53679 142401
53679 16435 142401
142401 16435 53679
50769 76392 147234
76392 50769 147234
147234 50769 76392
5556 6749 30669
6749 5556 30669
30669 5556 6749
128072 65833 144298
65833 128072 144298
144298 65833 128072
70672 45515 101621
45515 70672 101621
101621 45515 70672
40643 53614 86152
86152 40643 53614
53614 40643 86152
110626 18965 29563
18965 29563 110626
29563 18965 110626
33453 75796 103942
103942 33453 75796
75796 33453 103942
29209 1064 36393
1064 29209 36393
36393 1064 29209
99688 103048 136153
136153 99688 103048
103048 99688 136153
56128 120238 141209
120238 56128 141209
141209 56128 120238
5119 19472 134508
19472 5119 134508
134508 5119 19472
112195 27489 119399
119399 27489 112195
27489 112195 119399
147636 62018 130653
62018 130653 147636
130653 62018 147636
93570 76500 86375
86375 76500 93570
76500 86375 93570
89298 42033 101079
42033 89298 101079
101079 42033 89298
71182 55646 64209
64209 55646 71182
55646 64209 71182
24629 58700 72576
58700 24629 72576
72576 24629 58700
90382 31993 69783
69783 31993 90382
31993 69783 90382
141179 69658 121318
69658 121318 141179
121318 69658 141179
136875 25546 118930
118930 25546 136875
25546 118930 136875
66602 69183 77541
77541 66602 69183
69183 66602 77541
40779 118490 134539
118490 40779 134539
134539 40779 118490
37866 74464 96019
74464 37866 96019
96019 37866 74464
48850 16604 148701
148701 16604 48850
16604 48850 148701
97455 29874 98398
29874 97455 98398
98398 29874 97455
101339 79051 135229
135229 79051 101339
79051 101339 135229
127554 6078 141393
6078 127554 141393
141393 6078 127554
93902 12037 128886
12037 93902 128886
128886 12037 93902
1805 37714 144161
144161 1805 37714
37714 1805 144161
2119 29401 97712
97712 2119 29401
29401 2119 97712
140591 29765 96008
29765 96008 140591
96008 29765 140591
19178 11296 87573
87573 11296 19178
11296 19178 87573
82234 24813 76119
24813 76119 82234
76119 24813 82234
107816 112109 131494
112109 107816 131494
131494 107816 112109
86039 23647 92100
23647 86039 92100
92100 23647 86039
103034 32740 96995
32740 96995 103034
96995 32740 103034
145708 4724 35195
4724 35195 145708
35195 4724 145708
80938 65404 102892
102892 65404 80938
65404 80938 102892
106264 36700 69124
36700 69124 106264
69124 36700 106264
79728 41979 81331
41979 79728 81331
81331 41979 79728
117339 8626 70346
70346 8626 117339
8626 70346 117339
30286 31194 132611
132611 30286 31194
31194 30286 132611
37444 41817 105343
105343 37444 41817
41817 37444 105343
127705 214 103322
103322 214 127705
214 103322 127705
20111 3804 87359
87359 3804 20111
3804 20111 87359
136827 74215 108585
108585 74215 136827
74215 108585 136827
26431 11814 67527
67527 11814 26431
11814 26431 67527
51165 21337 25084
25084 21337 51165
21337 25084 51165
97350 34323 47408
34323 47408 97350
47408 34323 97350
145063 125435 136056
136056 125435 145063
125435 136056 145063
5430 94489 111736
111736 5430 94489
94489 5430 111736
115075 27819 70461
70461 27819 115075
27819 70461 115075
103812 13607 109458
109458 13607 103812
13607 103812 109458
83853 31722 61221
31722 61221 83853
61221 31722 83853
59119 38121 91361
38121 59119 91361
91361 38121 59119
103617 4284 8856
8856 4284 103617
4284 8856 103617
44394 18294 140566
140566 18294 44394
18294 44394 140566
145479 9488 47439
9488 47439 145479
47439 9488 145479
19732 102536 134719
102536 19732 134719
134719 19732 102536
67685 75982 121576
75982 67685 121576
121576 67685 75982
131201 64008 149626
149626 64008 131201
64008 131201 149626
72307 94927 147949
94927 72307 147949
147949 72307 94927
87866 49210 148741
148741 49210 87866
49210 87866 148741
119416 70265 147645
70265 119416 147645
147645 70265 119416
142164 71886 104192
71886 104192 142164
104192 71886 142164
105067 12702 122045
122045 12702 105067
12702 105067 122045
74999 11423 84765
84765 11423 74999
11423 74999 84765
9378 15792 57442
15792 9378 57442
57442 9378 15792
145818 12844 67225
67225 12844 145818
12844 67225 145818
77529 80749 139060
139060 77529 80749
80749 77529 139060
91713 13330 98694
98694 13330 91713
13330 91713 98694
146350 41921 46032
46032 41921 146350
41921 46032 146350
56413 24691 100315
100315 24691 56413
24691 56413 100315
37823 47796 146464
146464 37823 47796
47796 37823 146464
98503 5989 79052
79052 5989 98503
5989 79052 98503
140383 48120 70537
70537 48120 140383
48120 70537 140383
79499 2941 112464
2941 79499 112464
112464 2941 79499
137944 69997 106865
106865 69997 137944
69997 106865 137944
35774 99938 108818
108818 35774 99938
99938 35774 108818
97696 65774 124115
124115 65774 97696
65774 97696 124115
149195 67906 133189
67906 133189 149195
133189 67906 149195
138126 99382 121581
121581 99382 138126
99382 121581 138126
119629 33169 131843
33169 119629 131843
131843 33169 119629
147961 91801 149948
149948 91801 147961
91801 147961 149948
86969 110471 122542
122542 86969 110471
110471 86969 122542
92444 31856 76149
31856 76149 92444
76149 31856 92444
30380 77306 81009
77306 30380 81009
81009 30380 77306
3714 89393 103591
103591 3714 89393
89393 3714 103591
89942 76340 85351
76340 85351 89942
85351 76340 89942
100978 7850 97826
7850 97826 100978
97826 7850 100978
138899 53859 104645
53859 104645 138899
104645 53859 138899
126929 43755 99034
43755 99034 126929
99034 43755 126929
65730 6311 70060
6311 65730 70060
70060 6311 65730
56467 47562 94978
94978 47562 56467
47562 56467 94978
95285 9977 38957
