15419 5731 131426
5731 15419 131426
131426 5731 15419
83718 97078 133531
133531 83718 97078
97078 83718 133531
61336 109992 144214
109992 61336 144214
144214 61336 109992
50156 78114 124803
124803 50156 78114
78114 50156 124803
105752 85965 106755
85965 105752 106755
106755 85965 105752
47312 118629 127110
127110 47312 118629
118629 47312 127110
45863 32124 85506
32124 45863 85506
85506 32124 45863
107858 2825 21061
2825 21061 107858
21061 2825 107858
92676 11821 15834
11821 15834 92676
15834 11821 92676
121431 17534 34041
34041 17534 121431
17534 34041 121431
122520 105862 112537
112537 105862 122520
105862 112537 122520
87608 71785 88847
71785 87608 88847
88847 71785 87608
123954 26208 26883
26208 26883 123954
26883 26208 123954
83088 115527 118954
118954 83088 115527
115527 83088 118954
49943 56332 80259
80259 49943 56332
56332 49943 80259
74367 25694 128967
128967 25694 74367
25694 74367 128967
112194 119948 126091
119948 112194 126091
126091 112194 119948
62332 13303 122321
122321 13303 62332
13303 62332 122321
64744 40888 88895
40888 64744 88895
88895 40888 64744
141504 53998 111115
111115 53998 141504
53998 111115 141504
32382 52171 125362
52171 32382 125362
125362 32382 52171
43154 1853 86170
1853 43154 86170
86170 1853 43154
129580 30438 41935
41935 30438 129580
30438 41935 129580
137632 48346 126084
48346 126084 137632
126084 48346 137632
130714 122484 147005
147005 122484 130714
122484 130714 147005
124452 59151 74653
59151 74653 124452
74653 59151 124452
114239 3607 145956
3607 114239 145956
145956 3607 114239
110294 62776 92890
92890 62776 110294
62776 92890 110294
46941 81457 100683
100683 46941 81457
81457 46941 100683
101922 65931 146661
65931 101922 146661
146661 65931 101922
32798 122360 143671
143671 32798 122360
122360 32798 143671
99232 16943 85849
85849 16943 99232
16943 85849 99232
43148 106927 117618
106927 43148 117618
117618 43148 106927
104933 60940 134653
60940 104933 134653
134653 60940 104933
95946 40036 147998
147998 40036 95946
40036 95946 147998
140241 53238 54450
54450 53238 140241
53238 54450 140241
87542 55519 114432
114432 55519 87542
55519 87542 114432
137347 38617 142922
38617 137347 142922
142922 38617 137347
92133 53349 73750
53349 73750 92133
73750 53349 92133
103931 11373 80395
11373 80395 103931
80395 11373 103931
133610 95577 135339
135339 95577 133610
95577 133610 135339
121937 63788 137241
137241 63788 121937
63788 121937 137241
1401 34422 92565
34422 1401 92565
92565 1401 34422
83602 30801 47474
47474 30801 83602
30801 47474 83602
123170 60598 142841
60598 123170 142841
142841 60598 123170
86628 75193 90555
90555 75193 86628
75193 86628 90555
50929 3472 47298
47298 3472 50929
3472 47298 50929
14239 29968 116011
116011 14239 29968
29968 14239 116011
95744 41494 71836
71836 41494 95744
41494 71836 95744
49666 3960 45332
3960 45332 49666
45332 3960 49666
12550 39970 126239
39970 12550 126239
126239 12550 39970
115647 44825 55593
44825 55593 115647
55593 44825 115647
40350 15654 126249
15654 40350 126249
126249 15654 40350
70338 25374 83296
25374 70338 83296
83296 25374 70338
32805 71097 122693
122693 32805 71097
71097 32805 122693
48251 2541 93520
93520 2541 48251
2541 48251 93520
143182 81710 111629
81710 111629 143182
111629 81710 143182
135817 25838 141515
25838 135817 141515
141515 25838 135817
72735 56347 124832
124832 56347 72735
56347 72735 124832
88687 12501 37248
12501 37248 88687
37248 12501 88687
47708 68232 125419
125419 47708 68232
68232 47708 125419
145844 104832 116156
116156 104832 145844
104832 116156 145844
46065 9895 78243
9895 46065 78243
78243 9895 46065
5928 43182 106043
43182 5928 106043
106043 5928 43182
32634 55390 116159
55390 32634 116159
116159 32634 55390
27510 24726 50939
24726 27510 50939
50939 24726 27510
58723 27156 37241
27156 37241 58723
37241 27156 58723
11508 102037 104039
102037 11508 104039
104039 11508 102037
142654 12491 98729
98729 12491 142654
12491 98729 142654
93233 72276 138391
138391 72276 93233
72276 93233 138391
77713 7084 42537
7084 42537 77713
42537 7084 77713
65544 69893 124558
69893 65544 124558
124558 65544 69893
111402 23617 41063
41063 23617 111402
23617 41063 111402
82502 105922 119116
105922 82502 119116
119116 82502 105922
48571 107182 138562
138562 48571 107182
107182 48571 138562
80306 92598 94193
92598 80306 94193
94193 80306 92598
83516 5151 64713
64713 5151 83516
5151 64713 83516
16792 102643 139430
139430 16792 102643
102643 16792 139430
145777 90196 141757
90196 141757 145777
141757 90196 145777
36633 32177 61774
32177 36633 61774
61774 32177 36633
14644 97149 107170
97149 14644 107170
107170 14644 97149
4864 16532 67378
67378 4864 16532
16532 4864 67378
1562 119900 145977
119900 1562 145977
145977 1562 119900
49005 108226 112176
112176 49005 108226
108226 49005 112176
36193 22217 139092
139092 22217 36193
22217 36193 139092
123174 70652 142616
142616 70652 123174
70652 123174 142616
89184 48969 101691
101691 48969 89184
48969 89184 101691
81187 8908 138971
8908 81187 138971
138971 8908 81187
121555 49906 62125
49906 62125 121555
62125 49906 121555
102834 36836 54469
54469 36836 102834
36836 54469 102834
137849 17144 118394
118394 17144 137849
17144 118394 137849
44492 86470 148963
86470 44492 148963
148963 44492 86470
29531 35046 59727
59727 29531 35046
35046 29531 59727
127494 46217 125749
46217 125749 127494
125749 46217 127494
41883 12197 21542
21542 12197 41883
12197 21542 41883
76588 80519 106415
106415 76588 80519
80519 76588 106415
19192 46917 124747
124747 19192 46917
46917 19192 124747
40896 33389 79718
79718 33389 40896
33389 40896 79718
135366 105716 130767
130767 105716 135366
105716 130767 135366
63746 96467 147487
96467 63746 147487
147487 63746 96467
57525 100025 146269
100025 57525 146269
146269 57525 100025
27450 19999 147893
147893 19999 27450
19999 27450 147893
116702 88708 104771
104771 88708 116702
88708 104771 116702
85757 59773 129982
129982 59773 85757
59773 85757 129982
85504 4749 139719
4749 85504 139719
139719 4749 85504
118435 90452 124839
90452 118435 124839
124839 90452 118435
122761 71476 75880
71476 75880 122761
75880 71476 122761
88729 44801 76586
44801 76586 88729
76586 44801 88729
73870 61721 66619
66619 61721 73870
61721 66619 73870
4432 88766 135444
135444 4432 88766
88766 4432 135444
93274 46803 130528
46803 93274 130528
130528 46803 93274
126730 39604 85676
39604 85676 126730
85676 39604 126730
110306 138568 142496
138568 110306 142496
142496 110306 138568
125538 26967 115459
26967 115459 125538
115459 26967 125538
7762 37966 75175
37966 7762 75175
75175 7762 37966
47677 32541 97392
32541 47677 97392
97392 32541 47677
7619 73625 80953
73625 7619 80953
80953 7619 73625
25345 8768 127996
127996 8768 25345
8768 25345 127996
16903 24710 26972
24710 16903 26972
26972 16903 24710
36973 123951 143599
143599 36973 123951
123951 36973 143599
70383 7857 47318
7857 47318 70383
47318 7857 70383
19306 56760 126527
56760 19306 126527
126527 19306 56760
55450 61936 147701
61936 55450 147701
147701 55450 61936
141823 35825 99367
35825 99367 141823
99367 35825 141823
67715 52655 107676
107676 52655 67715
52655 67715 107676
49584 26326 48090
48090 26326 49584
26326 48090 49584
47340 37445 38777
37445 38777 47340
38777 37445 47340
5467 3772 22602
3772 5467 22602
22602 3772 5467
69859 2171 35179
2171 35179 69859
35179 2171 69859
2309 119488 120912
120912 2309 119488
119488 2309 120912
3174 65355 102090
65355 3174 102090
102090 3174 65355
145122 23461 131967
23461 131967 145122
131967 23461 145122
59414 21561 30031
21561 30031 59414
30031 21561 59414
48809 22925 84762
84762 22925 48809
22925 48809 84762
21138 50438 95741
95741 21138 50438
50438 21138 95741
99018 69955 105131
69955 99018 105131
105131 69955 99018
30795 99000 122503
122503 30795 99000
99000 30795 122503
19765 5488 59007
5488 19765 59007
59007 5488 19765
8163 59163 125016
125016 8163 59163
59163 8163 125016
108899 7675 17319
7675 17319 108899
17319 7675 108899
25935 25342 105026
105026 25342 25935
25342 25935 105026
61811 138332 139677
139677 61811 138332
138332 61811 139677
109589 68251 125590
68251 109589 125590
125590 68251 109589
124429 41816 97030
97030 41816 124429
41816 97030 124429
137530 11548 117319
117319 11548 137530
11548 117319 137530
60409 145170 146964
145170 60409 146964
146964 60409 145170
102890 32013 137284
32013 102890 137284
137284 32013 102890
82429 64504 137223
137223 64504 82429
64504 82429 137223
104937 50936 131525
50936 104937 131525
131525 50936 104937
139962 86670 110550
86670 110550 139962
110550 86670 139962
64922 54856 127554
54856 64922 127554
127554 54856 64922
21893 12007 77708
12007 21893 77708
77708 12007 21893
51464 1971 134422
1971 51464 134422
134422 1971 51464
43872 31166 57254
31166 43872 57254
57254 31166 43872
103105 4590 104279
104279 4590 103105
4590 103105 104279
19890 26795 87237
87237 19890 26795
26795 19890 87237
93710 31601 114186
31601 93710 114186
114186 31601 93710
138171 41069 65298
65298 41069 138171
41069 65298 138171
56905 93502 123714
93502 56905 123714
123714 56905 93502
17 135456 148379
148379 17 135456
135456 17 148379
45370 93568 123165
93568 45370 123165
123165 45370 93568
5617 96454 117803
117803 5617 96454
96454 5617 117803
71921 29926 94654
29926 71921 94654
94654 29926 71921
41226 28913 90430
28913 41226 90430
90430 28913 41226
137009 17668 94684
17668 94684 137009
94684 17668 137009
111236 90458 131705
90458 111236 131705
131705 90458 111236
21779 35698 61266
61266 21779 35698
35698 21779 61266
36302 15233 124556
124556 15233 36302
15233 36302 124556
114510 53226 76763
53226 76763 114510
76763 53226 114510
104871 53343 66390
66390 53343 104871
53343 66390 104871
95500 29970 41522
29970 41522 95500
41522 29970 95500
89930 8239 134502
8239 89930 134502
134502 8239 89930
36592 32707 50968
50968 32707 36592
32707 36592 50968
83849 11702 80557
11702 80557 83849
80557 11702 83849
18385 24335 91160
91160 18385 24335
24335 18385 91160
148695 28982 58735
58735 28982 148695
28982 58735 148695
34440 8750 31766
8750 31766 34440
31766 8750 34440
79882 78525 89998
78525 79882 89998
89998 78525 79882
50681 57865 65332
65332 50681 57865
57865 50681 65332
85677 50660 136475
136475 50660 85677
50660 85677 136475
80716 25065 51068
25065 51068 80716
51068 25065 80716
10700 17745 50378
17745 10700 50378
50378 10700 17745
135331 226 54328
54328 226 135331
226 54328 135331
67697 79614 94243
79614 67697 94243
94243 67697 79614
84893 45102 132658
132658 45102 84893
45102 84893 132658
2629 5173 38641
38641 2629 5173
5173 2629 38641
146013 38757 64778
64778 38757 146013
38757 64778 146013
35903 45190 115950
115950 35903 45190
45190 35903 115950
10010 17486 88295
88295 10010 17486
17486 10010 88295
76072 69232 77116
77116 69232 76072
69232 76072 77116
103226 46813 137166
46813 103226 137166
137166 46813 103226
18932 77484 108772
77484 18932 108772
108772 18932 77484
51866 78536 118333
118333 51866 78536
78536 51866 118333
148915 85824 101725
85824 101725 148915
101725 85824 148915
37797 100792 145136
145136 37797 100792
100792 37797 145136
13073 24342 121884
24342 13073 121884
121884 13073 24342
137700 79478 145840
79478 137700 145840
145840 79478 137700
10410 128916 133520
128916 10410 133520
133520 10410 128916
23978 56081 91827
56081 23978 91827
91827 23978 56081
100342 104302 112671
104302 100342 112671
112671 100342 104302
131625 76770 139268
76770 131625 139268
139268 76770 131625
145123 70101 100894
70101 100894 145123
100894 70101 145123
3854 3889 61765
61765 3854 3889
3889 3854 61765
51339 6454 147810
6454 51339 147810
147810 6454 51339
45270 5398 10932
10932 5398 45270
5398 10932 45270
103831 47403 87396
87396 47403 103831
47403 87396 103831
27293 130518 139329
139329 27293 130518
130518 27293 139329
135772 57689 77970
77970 57689 135772
57689 77970 135772
46050 43678 148856
148856 43678 46050
43678 46050 148856
74803 96886 105387
105387 74803 96886
96886 74803 105387
41125 50114 125846
125846 41125 50114
50114 41125 125846
9309 36785 114962
114962 9309 36785
36785 9309 114962
82510 22698 116905
22698 82510 116905
116905 22698 82510
147768 66553 108262
108262 66553 147768
66553 108262 147768
17431 45791 130807
130807 17431 45791
45791 17431 130807
110350 61527 81875
81875 61527 110350
61527 81875 110350
31715 2995 33182
33182 2995 31715
2995 31715 33182
28709 45534 87571
45534 28709 87571
87571 28709 45534
68477 29636 121168
29636 68477 121168
121168 29636 68477
97796 51680 94330
94330 51680 97796
51680 94330 97796
119249 42086 122482
122482 42086 119249
42086 119249 122482
68456 75770 109164
75770 68456 109164
109164 68456 75770
120920 101905 141351
101905 120920 141351
141351 101905 120920
42239 70402 80037
80037 42239 70402
70402 42239 80037
102019 90323 112019
90323 102019 112019
112019 90323 102019
87514 8857 11095
8857 11095 87514
11095 8857 87514
69210 10479 77036
10479 69210 77036
77036 10479 69210
121257 41339 51444
41339 51444 121257
51444 41339 121257
108065 103461 124577
103461 108065 124577
124577 103461 108065
115064 131738 141736
131738 115064 141736
141736 115064 131738
118221 91917 106864
106864 91917 118221
91917 106864 118221
50132 8606 135240
135240 8606 50132
8606 50132 135240
5606 70936 91042
70936 5606 91042
91042 5606 70936
91543 30329 95245
30329 91543 95245
95245 30329 91543
98581 111910 148615
148615 98581 111910
111910 98581 148615
55933 9899 90498
90498 9899 55933
9899 55933 90498
148387 10313 73257
73257 10313 148387
10313 73257 148387
138243 54211 97362
54211 97362 138243
97362 54211 138243
121588 6770 56230
56230 6770 121588
6770 56230 121588
69546 44505 54752
44505 54752 69546
54752 44505 69546
50829 54370 59538
59538 50829 54370
54370 50829 59538
102220 76181 147435
76181 102220 147435
147435 76181 102220
84789 122064 126307
126307 84789 122064
122064 84789 126307
131940 49089 126059
126059 49089 131940
49089 126059 131940
27612 4847 55979
55979 4847 27612
4847 27612 55979
19908 53920 91812
91812 19908 53920
53920 19908 91812
74851 107460 117888
117888 74851 107460
107460 74851 117888
112892 114331 125268
125268 112892 114331
114331 112892 125268
104874 126588 146095
126588 104874 146095
146095 104874 126588
63849 25595 83779
25595 63849 83779
83779 25595 63849
99057 57429 67317
67317 57429 99057
57429 67317 99057
96594 20868 101863
101863 20868 96594
20868 96594 101863
9292 63265 79426
79426 9292 63265
63265 9292 79426
118325 104769 122275
122275 104769 118325
104769 118325 122275
10957 75997 98284
98284 10957 75997
75997 10957 98284
7726 12944 39656
39656 7726 12944
12944 7726 39656
133852 97302 143687
143687 97302 133852
97302 133852 143687
13424 8562 113738
113738 8562 13424
8562 13424 113738
4773 62725 84697
62725 4773 84697
84697 4773 62725
129716 110719 137336
110719 129716 137336
137336 110719 129716
144617 27897 134500
134500 27897 144617
27897 134500 144617
28027 3666 23111
3666 23111 28027
23111 3666 28027
21258 52862 93219
93219 21258 52862
52862 21258 93219
70855 24363 68922
68922 24363 70855
24363 68922 70855
22400 21941 98494
21941 22400 98494
98494 21941 22400
85490 54924 117323
54924 85490 117323
117323 54924 85490
94526 117496 142666
142666 94526 117496
117496 94526 142666
70009 4576 61368
4576 61368 70009
61368 4576 70009
86212 13721 44171
13721 44171 86212
44171 13721 86212
45641 80087 125322
125322 45641 80087
80087 45641 125322
23786 36735 50605
36735 23786 50605
50605 23786 36735
27961 1675 69867
69867 1675 27961
1675 27961 69867
67633 4089 148585
148585 4089 67633
4089 67633 148585
25893 18876 45448
45448 18876 25893
18876 25893 45448
106541 82721 135629
135629 82721 106541
82721 106541 135629
124390 91953 149328
91953 124390 149328
149328 91953 124390
59984 44698 123514
123514 44698 59984
44698 59984 123514
22406 10772 66197
10772 22406 66197
66197 10772 22406
85450 53728 133457
133457 53728 85450
53728 85450 133457
60153 57324 79714
57324 60153 79714
79714 57324 60153
114027 23644 97690
23644 97690 114027
97690 23644 114027
67974 118349 129136
129136 67974 118349
118349 67974 129136
87128 11572 68553
68553 11572 87128
11572 68553 87128
93597 97390 105487
97390 93597 105487
105487 93597 97390
23854 61986 127796
61986 23854 127796
127796 23854 61986
97059 1967 45812
45812 1967 97059
1967 45812 97059
95840 82039 122339
122339 82039 95840
82039 95840 122339
33901 68087 111182
111182 33901 68087
68087 33901 111182
89966 55214 137766
55214 89966 137766
137766 55214 89966
32170 43639 77786
43639 32170 77786
77786 32170 43639
107513 72106 129432
129432 72106 107513
72106 107513 129432
10708 98976 118709
98976 10708 118709
118709 10708 98976
119733 30732 105415
105415 30732 119733
30732 105415 119733
64462 63190 104604
63190 64462 104604
104604 63190 64462
27717 94380 138767
138767 27717 94380
94380 27717 138767
68459 10793 120504
10793 68459 120504
120504 10793 68459
64727 23715 149376
149376 23715 64727
23715 64727 149376
120772 29889 92938
29889 92938 120772
92938 29889 120772
4390 66330 102765
66330 4390 102765
102765 4390 66330
80562 64110 75640
64110 75640 80562
75640 64110 80562
50194 67408 148497
148497 50194 67408
67408 50194 148497
83040 13033 16308
16308 13033 83040
13033 16308 83040
12763 62661 142406
142406 12763 62661
62661 12763 142406
42499 82399 95368
95368 42499 82399
82399 42499 95368
90878 39431 120812
39431 90878 120812
120812 39431 90878
39478 15096 79725
15096 39478 79725
79725 15096 39478
12305 43629 147375
43629 12305 147375
147375 12305 43629
115882 60834 130561
130561 60834 115882
60834 115882 130561
75598 140897 149271
140897 75598 149271
149271 75598 140897
18391 119946 141360
141360 18391 119946
119946 18391 141360
137592 112622 133627
133627 112622 137592
112622 133627 137592
59124 93059 126177
93059 59124 126177
126177 59124 93059
44781 17512 134553
134553 17512 44781
17512 44781 134553
141339 5528 43283
5528 43283 141339
43283 5528 141339
113517 38375 101594
38375 101594 113517
101594 38375 113517
33038 92293 148993
92293 33038 148993
148993 33038 92293
15003 78556 115807
78556 15003 115807
115807 15003 78556
36316 21955 139531
139531 21955 36316
21955 36316 139531
16431 39800 51869
51869 16431 39800
39800 16431 51869
93364 63372 92016
92016 63372 93364
63372 92016 93364
57608 41456 89124
89124 41456 57608
41456 57608 89124
78326 71144 142171
71144 78326 142171
142171 71144 78326
116510 15847 104275
15847 104275 116510
104275 15847 116510
31508 138372 147202
138372 31508 147202
147202 31508 138372
142271 20706 75321
75321 20706 142271
20706 75321 142271
48585 49616 86655
86655 48585 49616
49616 48585 86655
134294 103620 132625
132625 103620 134294
103620 132625 134294
110529 82762 104435
104435 82762 110529
82762 104435 110529
99660 59367 114615
59367 99660 114615
114615 59367 99660
141375 108613 148569
108613 141375 148569
148569 108613 141375
84012 99342 118606
99342 84012 118606
118606 84012 99342
120619 5860 123442
5860 120619 123442
123442 5860 120619
137948 86309 134458
86309 134458 137948
134458 86309 137948
86737 38699 118250
118250 38699 86737
38699 86737 118250
19690 3897 40578
40578 3897 19690
3897 19690 40578
46672 38541 71552
71552 38541 46672
38541 46672 71552
5290 31628 65790
65790 5290 31628
31628 5290 65790
69069 34567 57264
57264 34567 69069
34567 57264 69069
30287 74697 121707
74697 30287 121707
121707 30287 74697
80653 16514 95350
16514 80653 95350
95350 16514 80653
11703 102207 120501
120501 11703 102207
102207 11703 120501
121669 54126 84418
54126 84418 121669
84418 54126 121669
126880 101064 103684
101064 103684 126880
103684 101064 126880
40120 141820 145864
145864 40120 141820
141820 40120 145864
50459 12514 138835
138835 12514 50459
12514 50459 138835
39079 40890 67010
40890 39079 67010
67010 39079 40890
106425 6471 133020
133020 6471 106425
6471 106425 133020
51144 64768 147575
64768 51144 147575
147575 51144 64768
127150 49201 132591
49201 127150 132591
132591 49201 127150
48333 18355 45751
18355 45751 48333
45751 18355 48333
70097 67273 106917
67273 70097 106917
106917 67273 70097
64108 2011 141735
141735 2011 64108
2011 64108 141735
90565 55797 68511
55797 68511 90565
68511 55797 90565
52375 46509 50512
50512 46509 52375
46509 50512 52375
130470 49919 142141
142141 49919 130470
49919 130470 142141
55929 25708 38428
25708 38428 55929
38428 25708 55929
56460 63369 109995
109995 56460 63369
63369 56460 109995
53015 78966 86367
78966 53015 86367
86367 53015 78966
93733 92404 139498
92404 93733 139498
139498 92404 93733
122066 6962 135712
135712 6962 122066
6962 122066 135712
96119 51019 120566
51019 96119 120566
120566 51019 96119
31640 49324 70151
49324 31640 70151
70151 31640 49324
57789 60697 95316
60697 57789 95316
95316 57789 60697
113909 72882 93344
72882 93344 113909
93344 72882 113909
65542 17522 42394
42394 17522 65542
17522 42394 65542
71717 66949 73020
66949 71717 73020
73020 66949 71717
73355 51982 74534
51982 73355 74534
74534 51982 73355
20271 6108 39847
39847 6108 20271
6108 20271 39847
21778 84509 123914
84509 21778 123914
123914 21778 84509
111265 2943 66337
2943 66337 111265
66337 2943 111265
127075 32940 127714
32940 127075 127714
127714 32940 127075
26062 10008 67664
10008 26062 67664
67664 10008 26062
101604 98846 120716
98846 101604 120716
120716 98846 101604
24705 106007 112625
112625 24705 106007
106007 24705 112625
72774 56088 70603
70603 56088 72774
56088 70603 72774
122324 25026 78060
25026 78060 122324
78060 25026 122324
89620 72289 83472
72289 83472 89620
83472 72289 89620
17703 77040 89772
77040 17703 89772
89772 17703 77040
73479 27034 123369
27034 73479 123369
123369 27034 73479
97456 11752 84881
11752 84881 97456
84881 11752 97456
34222 5295 58046
58046 5295 34222
5295 34222 58046
11388 61242 77167
61242 11388 77167
77167 11388 61242
113887 40386 111320
111320 40386 113887
40386 111320 113887
91173 12258 136797
12258 91173 136797
136797 12258 91173
5757 23543 51717
23543 5757 51717
51717 5757 23543
63074 43669 81267
81267 43669 63074
43669 63074 81267
10325 46473 66975
46473 10325 66975
66975 10325 46473
116104 10006 52554
10006 52554 116104
52554 10006 116104
69373 88146 147074
88146 69373 147074
147074 69373 88146
135268 58267 91150
58267 91150 135268
91150 58267 135268
127764 28032 136791
28032 127764 136791
136791 28032 127764
2330 57040 133965
133965 2330 57040
57040 2330 133965
51993 99530 112970
99530 51993 112970
112970 51993 99530
67553 31471 36462
36462 31471 67553
31471 36462 67553
118759 25452 80656
80656 25452 118759
25452 80656 118759
140065 53489 62165
62165 53489 140065
53489 62165 140065
87482 89833 109689
89833 87482 109689
109689 87482 89833
14634 13746 71027
13746 14634 71027
71027 13746 14634
37967 99017 134311
134311 37967 99017
99017 37967 134311
54291 16880 105089
16880 54291 105089
105089 16880 54291
81003 70911 91801
91801 70911 81003
70911 81003 91801
78260 103403 126617
126617 78260 103403
103403 78260 126617
49077 23861 145057
145057 23861 49077
23861 49077 145057
144473 106132 144081
106132 144081 144473
144081 106132 144473
78896 44151 50715
44151 50715 78896
50715 44151 78896
142045 11231 57199
57199 11231 142045
11231 57199 142045
41353 65110 148457
148457 41353 65110
65110 41353 148457
130030 83582 89862
83582 89862 130030
89862 83582 130030
39311 43428 86250
43428 39311 86250
86250 39311 43428
119577 124544 138103
124544 119577 138103
138103 119577 124544
117521 43062 128084
43062 117521 128084
128084 43062 117521
66875 1166 147060
1166 66875 147060
147060 1166 66875
140977 5350 116465
5350 116465 140977
116465 5350 140977
65657 55375 57651
55375 57651 65657
57651 55375 65657
51561 73349 108568
108568 51561 73349
73349 51561 108568
142283 80161 148069
80161 142283 148069
148069 80161 142283
83317 55662 65923
55662 65923 83317
65923 55662 83317
121709 25799 29765
29765 25799 121709
25799 29765 121709
71620 22334 39460
22334 39460 71620
39460 22334 71620
83615 56631 97367
56631 83615 97367
97367 56631 83615
13090 14821 82773
14821 13090 82773
82773 13090 14821
103977 86565 140120
86565 103977 140120
140120 86565 103977
10555 33282 78360
33282 10555 78360
78360 10555 33282
132944 91164 135157
135157 91164 132944
91164 132944 135157
87014 105070 130839
130839 87014 105070
105070 87014 130839
99540 8216 132373
132373 8216 99540
8216 99540 132373
44366 7824 100997
100997 7824 44366
7824 44366 100997
17477 106513 120685
106513 17477 120685
120685 17477 106513
14524 41372 67968
67968 14524 41372
41372 14524 67968
145021 66296 141756
66296 141756 145021
141756 66296 145021
7087 4816 63433
4816 7087 63433
63433 4816 7087
124328 42889 81100
42889 81100 124328
81100 42889 124328
20114 63817 79526
79526 20114 63817
63817 20114 79526
89547 9331 140333
140333 9331 89547
9331 89547 140333
64192 43252 136022
136022 43252 64192
43252 64192 136022
16000 17279 105630
105630 16000 17279
17279 16000 105630
105188 86369 105177
105177 86369 105188
86369 105177 105188
99436 130894 138041
130894 99436 138041
138041 99436 130894
142109 93972 105257
105257 93972 142109
93972 105257 142109
97201 137563 144851
144851 97201 137563
137563 97201 144851
61350 1231 142200
1231 61350 142200
142200 1231 61350
3266 9318 61884
61884 3266 9318
9318 3266 61884
136057 44156 66009
44156 66009 136057
66009 44156 136057
55171 95377 116471
95377 55171 116471
116471 55171 95377
37829 70585 72076
70585 37829 72076
72076 37829 70585
111209 41426 81527
41426 81527 111209
81527 41426 111209
78627 10352 46327
46327 10352 78627
10352 46327 78627
105317 104073 105276
104073 105276 105317
105276 104073 105317
88704 67886 74083
74083 67886 88704
67886 74083 88704
53952 35470 71523
71523 35470 53952
35470 53952 71523
1023 20860 143980
143980 1023 20860
20860 1023 143980
54018 22295 85772
85772 22295 54018
22295 54018 85772
82522 3434 30008
3434 30008 82522
30008 3434 82522
8541 53444 120170
120170 8541 53444
53444 8541 120170
2771 23814 123201
23814 2771 123201
123201 2771 23814
53760 17641 43692
17641 43692 53760
43692 17641 53760
118723 3528 84869
3528 84869 118723
84869 3528 118723
42559 84147 143887
143887 42559 84147
84147 42559 143887
42428 11361 140603
140603 11361 42428
11361 42428 140603
105393 9274 33072
33072 9274 105393
9274 33072 105393
6874 50878 87772
87772 6874 50878
50878 6874 87772
79446 75461 106520
75461 79446 106520
106520 75461 79446
111139 56417 126097
126097 56417 111139
56417 111139 126097
76681 96473 116851
96473 76681 116851
116851 76681 96473
76716 48821 82197
48821 76716 82197
82197 48821 76716
59756 55762 109931
55762 59756 109931
109931 55762 59756
50675 21849 25242
25242 21849 50675
21849 25242 50675
27187 41514 68761
41514 27187 68761
68761 27187 41514
77112 22043 124260
124260 22043 77112
22043 77112 124260
139509 17373 134829
134829 17373 139509
17373 134829 139509
599 68043 131944
68043 599 131944
131944 599 68043
63606 91876 117066
91876 63606 117066
117066 63606 91876
90509 126908 132479
126908 90509 132479
132479 90509 126908
118457 5440 69036
5440 69036 118457
69036 5440 118457
135023 27374 85793
27374 85793 135023
85793 27374 135023
84848 18114 125140
18114 84848 125140
125140 18114 84848
59900 102615 125874
125874 59900 102615
102615 59900 125874
41148 20994 139624
139624 20994 41148
20994 41148 139624
122136 90937 111051
90937 111051 122136
111051 90937 122136
30251 4973 105133
105133 4973 30251
4973 30251 105133
91817 3840 39301
39301 3840 91817
3840 39301 91817
82955 92108 132624
132624 82955 92108
92108 82955 132624
83631 78095 98035
98035 78095 83631
78095 83631 98035
90659 131032 142001
142001 90659 131032
131032 90659 142001
107359 60669 76886
60669 76886 107359
76886 60669 107359
4894 34157 89544
34157 4894 89544
89544 4894 34157
75375 120263 149857
120263 75375 149857
149857 75375 120263
77037 53527 103662
103662 53527 77037
53527 77037 103662
32669 341 2147
2147 341 32669
341 2147 32669
41227 41005 44702
44702 41005 41227
41005 41227 44702
73084 97783 120232
97783 73084 120232
120232 73084 97783
40193 3280 13181
13181 3280 40193
3280 13181 40193
140846 97911 128055
128055 97911 140846
97911 128055 140846
54498 7849 49475
7849 49475 54498
49475 7849 54498
80560 75798 128002
128002 75798 80560
75798 80560 128002
91754 57377 113687
57377 91754 113687
113687 57377 91754
147958 82191 105979
105979 82191 147958
82191 105979 147958
84390 33346 128758
128758 33346 84390
33346 84390 128758
127527 76074 141197
76074 127527 141197
141197 76074 127527
102159 16176 48456
48456 16176 102159
16176 48456 102159
110968 20084 44415
44415 20084 110968
20084 44415 110968
49970 70484 74722
70484 49970 74722
74722 49970 70484
60918 1418 146032
1418 60918 146032
146032 1418 60918
71750 69044 115555
69044 71750 115555
115555 69044 71750
76368 88216 99754
88216 76368 99754
99754 76368 88216
50711 6168 110426
6168 50711 110426
110426 6168 50711
28841 2098 140480
140480 2098 28841
2098 28841 140480
138256 70851 93728
93728 70851 138256
70851 93728 138256
113567 50379 119855
50379 113567 119855
119855 50379 113567
43439 96339 103618
96339 43439 103618
103618 43439 96339
95031 75236 105101
75236 95031 105101
105101 75236 95031
30449 78901 148065
148065 30449 78901
78901 30449 148065
67492 20546 50184
50184 20546 67492
20546 50184 67492
133372 112263 133412
133412 112263 133372
112263 133372 133412
89456 52593 90480
90480 52593 89456
52593 89456 90480
33417 46960 68267
68267 33417 46960
46960 33417 68267
127790 35529 69856
35529 69856 127790
69856 35529 127790
79161 65484 138310
138310 65484 79161
65484 79161 138310
34353 113220 141473
141473 34353 113220
113220 34353 141473
12473 3941 65900
65900 3941 12473
3941 12473 65900
857 80917 139867
80917 857 139867
139867 857 80917
57606 26288 138330
138330 26288 57606
26288 57606 138330
7091 11714 49611
11714 7091 49611
49611 7091 11714
86959 88581 128308
128308 86959 88581
88581 86959 128308
121346 98115 121166
98115 121166 121346
121166 98115 121346
34761 57730 60662
57730 34761 60662
60662 34761 57730
37875 117793 144671
144671 37875 117793
117793 37875 144671
98006 42681 87545
42681 87545 98006
87545 42681 98006
119879 49213 67454
49213 67454 119879
67454 49213 119879
79844 17062 66769
17062 66769 79844
66769 17062 79844
95009 76731 125605
125605 76731 95009
76731 95009 125605
115907 110723 114677
110723 114677 115907
114677 110723 115907
105981 34716 62472
62472 34716 105981
34716 62472 105981
148189 88468 113321
88468 113321 148189
113321 88468 148189
53951 60013 122912
60013 53951 122912
122912 53951 60013
57196 26088 146233
146233 26088 57196
26088 57196 146233
62269 77636 93616
93616 62269 77636
77636 62269 93616
34057 102652 125214
102652 34057 125214
125214 34057 102652
42136 586 2400
2400 586 42136
586 2400 42136
142125 98474 131586
131586 98474 142125
98474 131586 142125
23345 45487 131058
131058 23345 45487
45487 23345 131058
23614 47351 97647
47351 23614 97647
97647 23614 47351
126678 6447 141259
141259 6447 126678
6447 126678 141259
94443 40603 127108
127108 40603 94443
40603 94443 127108
83906 58776 144305
58776 83906 144305
144305 58776 83906
34193 144648 146572
146572 34193 144648
144648 34193 146572
27399 67724 83679
83679 27399 67724
67724 27399 83679
120633 137466 147092
147092 120633 137466
137466 120633 147092
1642 54572 96426
96426 1642 54572
54572 1642 96426
75120 11215 37474
37474 11215 75120
11215 37474 75120
131235 15555 67769
15555 67769 131235
67769 15555 131235
79013 12785 83486
83486 12785 79013
12785 79013 83486
38083 16715 123137
16715 38083 123137
123137 16715 38083
87072 43473 137067
137067 43473 87072
43473 87072 137067
96746 101460 118448
101460 96746 118448
118448 96746 101460
13904 16753 39194
16753 13904 39194
39194 13904 16753
54989 81520 135325
135325 54989 81520
81520 54989 135325
127328 115837 123490
115837 123490 127328
123490 115837 127328
88264 21079 109635
21079 88264 109635
109635 21079 88264
120645 23105 51570
23105 51570 120645
51570 23105 120645
9954 95701 132950
132950 9954 95701
95701 9954 132950
117974 21186 101474
21186 101474 117974
101474 21186 117974
101698 65817 69630
69630 65817 101698
65817 69630 101698
105366 100127 117604
100127 105366 117604
117604 100127 105366
147832 52833 99304
52833 99304 147832
99304 52833 147832
30152 37378 122519
122519 30152 37378
37378 30152 122519
75406 71415 78141
78141 71415 75406
71415 75406 78141
149240 107091 133637
133637 107091 149240
107091 133637 149240
21678 9252 149309
149309 9252 21678
9252 21678 149309
122422 93295 112828
112828 93295 122422
93295 112828 122422
55753 108485 114967
108485 55753 114967
114967 55753 108485
98206 58055 82081
58055 82081 98206
82081 58055 98206
55835 66705 126756
126756 55835 66705
66705 55835 126756
88824 54948 114000
114000 54948 88824
54948 88824 114000
97876 56104 61660
61660 56104 97876
56104 61660 97876
106511 73945 138394
73945 106511 138394
138394 73945 106511
41759 41030 76918
76918 41030 41759
41030 41759 76918
79546 6517 54003
6517 54003 79546
54003 6517 79546
116227 55271 65812
65812 55271 116227
55271 65812 116227
13898 69480 131451
131451 13898 69480
69480 13898 131451
120906 46651 61323
61323 46651 120906
46651 61323 120906
8489 45042 111663
111663 8489 45042
45042 8489 111663
21097 8279 30532
30532 8279 21097
8279 21097 30532
128477 81181 90319
90319 81181 128477
81181 90319 128477
54285 2256 44096
44096 2256 54285
2256 44096 54285
128602 74187 110680
74187 110680 128602
110680 74187 128602
133762 19364 40552
19364 40552 133762
40552 19364 133762
39256 45847 119935
45847 39256 119935
119935 39256 45847
34311 24386 42041
42041 24386 34311
24386 34311 42041
124181 4080 37460
37460 4080 124181
4080 37460 124181
131620 4958 40482
40482 4958 131620
4958 40482 131620
82260 58985 149363
58985 82260 149363
149363 58985 82260
62092 47632 141523
47632 62092 141523
141523 47632 62092
115898 128014 138470
128014 115898 138470
138470 115898 128014
51599 95110 122746
122746 51599 95110
95110 51599 122746
111615 67287 69424
69424 67287 111615
67287 69424 111615
78745 77312 112390
77312 78745 112390
112390 77312 78745
365 6112 86119
6112 365 86119
86119 365 6112
73760 9949 51462
51462 9949 73760
9949 51462 73760
74120 64841 129725
129725 64841 74120
64841 74120 129725
43379 46737 103078
46737 43379 103078
103078 43379 46737
29973 34562 138240
138240 29973 34562
34562 29973 138240
79045 37529 131344
131344 37529 79045
37529 79045 131344
125624 111579 141342
141342 111579 125624
111579 125624 141342
63453 12798 104804
12798 63453 104804
104804 12798 63453
130872 4451 20390
4451 20390 130872
20390 4451 130872
51620 10824 72108
10824 51620 72108
72108 10824 51620
98458 552 42794
42794 552 98458
552 42794 98458
114048 11299 103889
11299 103889 114048
103889 11299 114048
80831 115350 147691
115350 80831 147691
147691 80831 115350
30196 55253 96152
55253 30196 96152
96152 30196 55253
16111 20604 52068
52068 16111 20604
20604 16111 52068
118126 21890 44803
44803 21890 118126
21890 44803 118126
55882 99465 100312
100312 55882 99465
99465 55882 100312
92443 51373 80223
80223 51373 92443
51373 80223 92443
133500 101579 128908
101579 128908 133500
128908 101579 133500
121022 13892 47060
13892 47060 121022
47060 13892 121022
30882 111513 128162
111513 30882 128162
128162 30882 111513
105056 17779 41691
41691 17779 105056
17779 41691 105056
61614 76026 139569
76026 61614 139569
139569 61614 76026
95673 29540 34450
29540 34450 95673
34450 29540 95673
76307 17971 97764
17971 76307 97764
97764 17971 76307
34478 7155 145203
7155 34478 145203
145203 7155 34478
61552 123220 133566
123220 61552 133566
133566 61552 123220
123994 51603 77426
51603 77426 123994
77426 51603 123994
7865 14467 106879
106879 7865 14467
14467 7865 106879
94158 12942 18846
12942 18846 94158
18846 12942 94158
36472 65113 71520
65113 36472 71520
71520 36472 65113
18723 7094 93784
7094 18723 93784
93784 7094 18723
3205 68403 139907
139907 3205 68403
68403 3205 139907
103272 14891 147357
14891 103272 147357
147357 14891 103272
58501 67585 89655
89655 58501 67585
67585 58501 89655
103507 86491 127718
86491 103507 127718
127718 86491 103507
115869 48501 132464
48501 115869 132464
132464 48501 115869
60690 70012 85836
70012 60690 85836
85836 60690 70012
137865 59740 112122
112122 59740 137865
59740 112122 137865
84365 6839 106719
6839 84365 106719
106719 6839 84365
56291 39714 100958
39714 56291 100958
100958 39714 56291
6278 5592 130041
5592 6278 130041
130041 5592 6278
17163 110335 120472
110335 17163 120472
120472 17163 110335
86478 12052 49939
49939 12052 86478
12052 49939 86478
25948 36422 81979
81979 25948 36422
36422 25948 81979
27294 66609 131217
131217 27294 66609
66609 27294 131217
32620 7497 131169
131169 7497 32620
7497 32620 131169
144285 16862 138824
16862 138824 144285
138824 16862 144285
94869 79799 101435
101435 79799 94869
79799 94869 101435
125888 3163 11081
3163 11081 125888
11081 3163 125888
84391 6567 128384
128384 6567 84391
6567 84391 128384
91486 26730 39064
26730 39064 91486
39064 26730 91486
97177 22215 53558
22215 53558 97177
53558 22215 97177
55871 53275 86276
86276 53275 55871
53275 55871 86276
47172 27559 28962
28962 27559 47172
27559 28962 47172
81183 30880 73825
30880 73825 81183
73825 30880 81183
91127 33350 109932
33350 91127 109932
109932 33350 91127
97680 18956 52961
52961 18956 97680
18956 52961 97680
106137 37141 118893
118893 37141 106137
37141 106137 118893
139105 108005 135222
135222 108005 139105
108005 135222 139105
57443 30202 43728
30202 43728 57443
43728 30202 57443
20581 5714 38305
38305 5714 20581
5714 20581 38305
133229 120456 141890
120456 133229 141890
141890 120456 133229
102284 90901 136395
136395 90901 102284
90901 102284 136395
74865 96806 149063
149063 74865 96806
96806 74865 149063
88626 61940 140697
61940 88626 140697
140697 61940 88626
65363 9613 98442
98442 9613 65363
9613 65363 98442
114926 24027 105559
24027 105559 114926
105559 24027 114926
40909 7325 128203
7325 40909 128203
128203 7325 40909
7129 44740 135985
135985 7129 44740
44740 7129 135985
5176 44122 70498
44122 5176 70498
70498 5176 44122
134643 14690 117483
14690 117483 134643
117483 14690 134643
51002 3431 108691
3431 51002 108691
108691 3431 51002
65990 72939 144269
144269 65990 72939
72939 65990 144269
100889 103452 149359
149359 100889 103452
103452 100889 149359
80882 114718 132849
132849 80882 114718
114718 80882 132849
88759 16204 99485
16204 88759 99485
99485 16204 88759
108188 48621 75090
48621 75090 108188
75090 48621 108188
137716 17751 137574
17751 137574 137716
137574 17751 137716
11626 107431 141243
141243 11626 107431
107431 11626 141243
63280 27546 117377
117377 27546 63280
27546 63280 117377
114687 4927 74471
4927 74471 114687
74471 4927 114687
2017 50364 93603
93603 2017 50364
50364 2017 93603
68376 120518 129642
129642 68376 120518
120518 68376 129642
50705 34891 146259
34891 50705 146259
146259 34891 50705
10048 8510 100246
8510 10048 100246
100246 8510 10048
18270 12004 66408
66408 12004 18270
12004 18270 66408
34693 12613 35826
35826 12613 34693
12613 34693 35826
32240 126958 144197
126958 32240 144197
144197 32240 126958
91482 117823 127189
117823 91482 127189
127189 91482 117823
107849 21286 27891
27891 21286 107849
21286 27891 107849
79315 32477 93719
32477 79315 93719
93719 32477 79315
144799 88630 143412
88630 143412 144799
143412 88630 144799
97954 119284 125685
119284 97954 125685
125685 97954 119284
88867 50324 111239
50324 88867 111239
111239 50324 88867
63125 33413 123234
33413 63125 123234
123234 33413 63125
128100 21430 55555
55555 21430 128100
21430 55555 128100
114220 46401 146683
46401 114220 146683
146683 46401 114220
32254 16681 28132
28132 16681 32254
16681 28132 32254
20014 34648 70670
34648 20014 70670
70670 20014 34648
52564 56416 81523
81523 52564 56416
56416 52564 81523
147685 126627 128735
128735 126627 147685
126627 128735 147685
28138 85554 149018
149018 28138 85554
85554 28138 149018
88656 35376 49859
35376 49859 88656
49859 35376 88656
81348 41936 97556
97556 41936 81348
41936 81348 97556
43429 101215 117584
117584 43429 101215
101215 43429 117584
8388 7961 23240
7961 8388 23240
23240 7961 8388
14036 4191 62381
4191 14036 62381
62381 4191 14036
59256 33627 63307
33627 59256 63307
63307 33627 59256
34566 135588 137643
137643 34566 135588
135588 34566 137643
143432 48751 123704
123704 48751 143432
48751 123704 143432
64111 95684 95732
95732 64111 95684
95684 64111 95732
143419 43688 140007
43688 140007 143419
140007 43688 143419
