112090 25372 84499
25372 84499 112090
84499 25372 112090
94349 10130 146641
146641 10130 94349
10130 94349 146641
95417 47530 55346
47530 55346 95417
55346 47530 95417
81111 110564 112009
112009 81111 110564
110564 81111 112009
22473 85694 88962
85694 22473 88962
88962 22473 85694
89384 7933 32591
32591 7933 89384
7933 32591 89384
122988 68940 86666
86666 68940 122988
68940 86666 122988
89341 54473 128097
128097 54473 89341
54473 89341 128097
130338 21568 97701
21568 97701 130338
97701 21568 130338
92340 65124 132257
132257 65124 92340
65124 92340 132257
87406 55687 72675
72675 55687 87406
55687 72675 87406
778 93613 115639
115639 778 93613
93613 778 115639
138789 11979 131446
131446 11979 138789
11979 131446 138789
97241 66414 149606
66414 97241 149606
149606 66414 97241
115502 58469 139850
139850 58469 115502
58469 115502 139850
109593 17729 92007
92007 17729 109593
17729 92007 109593
51041 48630 93106
48630 51041 93106
93106 48630 51041
82445 45047 97523
45047 82445 97523
97523 45047 82445
74444 108189 123590
123590 74444 108189
108189 74444 123590
36231 39590 69809
69809 36231 39590
39590 36231 69809
106658 86900 104573
104573 86900 106658
86900 104573 106658
30820 73151 121900
73151 30820 121900
121900 30820 73151
138827 46888 112061
112061 46888 138827
46888 112061 138827
89781 66906 110460
66906 89781 110460
110460 66906 89781
17758 122510 141331
122510 17758 141331
141331 17758 122510
23436 87348 115434
87348 23436 115434
115434 23436 87348
52204 27159 137290
137290 27159 52204
27159 52204 137290
29601 46611 64217
46611 29601 64217
64217 29601 46611
107539 75822 77546
77546 75822 107539
75822 77546 107539
42418 119152 140319
140319 42418 119152
119152 42418 140319
84826 32789 70868
70868 32789 84826
32789 70868 84826
41342 5429 27135
5429 27135 41342
27135 5429 41342
30141 91997 97336
97336 30141 91997
91997 30141 97336
85407 15968 136606
15968 85407 136606
136606 15968 85407
55054 66606 103028
66606 55054 103028
103028 55054 66606
140314 15177 35869
35869 15177 140314
15177 35869 140314
29632 98045 144448
144448 29632 98045
98045 29632 144448
268 77629 132891
77629 268 132891
132891 268 77629
25359 18233 37445
37445 18233 25359
18233 25359 37445
12125 81090 143226
143226 12125 81090
81090 12125 143226
27113 64654 80665
80665 27113 64654
64654 27113 80665
8525 108203 140519
108203 8525 140519
140519 8525 108203
103537 90814 100077
100077 90814 103537
90814 100077 103537
122252 34298 52602
34298 52602 122252
52602 34298 122252
117634 24144 109094
24144 109094 117634
109094 24144 117634
98536 41919 59459
59459 41919 98536
41919 59459 98536
66388 86128 140950
140950 66388 86128
86128 66388 140950
41512 74091 116943
116943 41512 74091
74091 41512 116943
94004 86350 93009
86350 93009 94004
93009 86350 94004
2011 87045 108842
108842 2011 87045
87045 2011 108842
50971 21719 60316
21719 50971 60316
60316 21719 50971
37906 49831 62911
49831 37906 62911
62911 37906 49831
12647 24721 76072
24721 12647 76072
76072 12647 24721
93620 7889 14292
7889 14292 93620
14292 7889 93620
143079 40768 143061
40768 143061 143079
143061 40768 143079
67901 7257 15675
15675 7257 67901
7257 15675 67901
76812 110358 126829
110358 76812 126829
126829 76812 110358
31642 96731 146453
146453 31642 96731
96731 31642 146453
31263 62374 100038
62374 31263 100038
100038 31263 62374
45175 36951 128536
128536 36951 45175
36951 45175 128536
22385 2029 33141
2029 22385 33141
33141 2029 22385
141021 13207 45634
45634 13207 141021
13207 45634 141021
59819 32352 132998
132998 32352 59819
32352 59819 132998
10838 23667 127193
127193 10838 23667
23667 10838 127193
8839 18909 79008
18909 8839 79008
79008 8839 18909
12818 55904 89681
89681 12818 55904
55904 12818 89681
124607 138305 139492
139492 124607 138305
138305 124607 139492
126093 11651 53903
53903 11651 126093
11651 53903 126093
57470 24186 131215
24186 57470 131215
131215 24186 57470
129023 56686 108914
56686 108914 129023
108914 56686 129023
122507 38597 43988
38597 43988 122507
43988 38597 122507
53128 89519 95818
95818 53128 89519
89519 53128 95818
52883 62424 72781
62424 52883 72781
72781 52883 62424
91108 33309 114302
114302 33309 91108
33309 91108 114302
954 75935 142666
75935 954 142666
142666 954 75935
109232 12788 61733
12788 61733 109232
61733 12788 109232
58038 18888 49646
18888 49646 58038
49646 18888 58038
50998 54215 88506
88506 50998 54215
54215 50998 88506
35089 89108 146346
146346 35089 89108
89108 35089 146346
93312 5035 129353
5035 93312 129353
129353 5035 93312
17357 77974 80436
77974 17357 80436
80436 17357 77974
13733 135536 146529
135536 13733 146529
146529 13733 135536
102780 40983 62046
62046 40983 102780
40983 62046 102780
56385 5949 141944
141944 5949 56385
5949 56385 141944
57646 86245 122816
86245 57646 122816
122816 57646 86245
12682 1774 66567
1774 12682 66567
66567 1774 12682
68180 16967 145459
145459 16967 68180
16967 68180 145459
135278 1529 41205
41205 1529 135278
1529 41205 135278
112737 12343 129599
129599 12343 112737
12343 112737 129599
110124 65706 103865
103865 65706 110124
65706 103865 110124
52042 33973 143817
33973 52042 143817
143817 33973 52042
90619 104635 140776
104635 90619 140776
140776 90619 104635
139062 54264 69795
54264 69795 139062
69795 54264 139062
101935 12765 34568
34568 12765 101935
12765 34568 101935
6098 73825 82735
73825 6098 82735
82735 6098 73825
134323 84634 98801
98801 84634 134323
84634 98801 134323
133462 126344 126462
126344 126462 133462
126462 126344 133462
111466 89665 108513
108513 89665 111466
89665 108513 111466
11189 5094 127595
127595 5094 11189
5094 11189 127595
9952 63088 127923
127923 9952 63088
63088 9952 127923
124753 17507 136752
136752 17507 124753
17507 124753 136752
70327 15000 77930
77930 15000 70327
15000 70327 77930
102758 5279 77123
77123 5279 102758
5279 77123 102758
19299 12092 139283
139283 12092 19299
12092 19299 139283
85037 3562 29389
29389 3562 85037
3562 29389 85037
74263 121368 131899
121368 74263 131899
131899 74263 121368
79421 9497 60233
60233 9497 79421
9497 60233 79421
62624 63917 118164
118164 62624 63917
63917 62624 118164
101613 38802 58933
58933 38802 101613
38802 58933 101613
115971 47581 119882
119882 47581 115971
47581 115971 119882
30731 7694 145444
145444 7694 30731
7694 30731 145444
14494 12027 134564
12027 14494 134564
134564 12027 14494
4419 1077 71220
1077 4419 71220
71220 1077 4419
52594 42224 82458
42224 52594 82458
82458 42224 52594
147093 43883 139001
43883 139001 147093
139001 43883 147093
1895 33168 61484
61484 1895 33168
33168 1895 61484
144626 98959 140524
140524 98959 144626
98959 140524 144626
21604 4679 57910
4679 21604 57910
57910 4679 21604
109456 23238 143101
23238 109456 143101
143101 23238 109456
56743 82587 103885
103885 56743 82587
82587 56743 103885
115199 86773 122311
86773 115199 122311
122311 86773 115199
21297 17826 22514
17826 21297 22514
22514 17826 21297
144122 63394 137814
63394 137814 144122
137814 63394 144122
49793 5304 135954
135954 5304 49793
5304 49793 135954
119370 7301 77771
7301 77771 119370
77771 7301 119370
67263 104180 124307
104180 67263 124307
124307 67263 104180
14685 41060 43222
43222 14685 41060
41060 14685 43222
85608 25819 55892
25819 55892 85608
55892 25819 85608
32030 27821 80905
80905 27821 32030
27821 32030 80905
9048 15210 80140
80140 9048 15210
15210 9048 80140
52185 3361 122710
122710 3361 52185
3361 52185 122710
22233 50254 54068
50254 22233 54068
54068 22233 50254
16115 97187 117421
97187 16115 117421
117421 16115 97187
128581 118464 120012
118464 120012 128581
120012 118464 128581
34070 27798 92561
27798 34070 92561
92561 27798 34070
112429 12495 72665
72665 12495 112429
12495 72665 112429
42053 131822 133364
131822 42053 133364
133364 42053 131822
118560 13568 21600
13568 21600 118560
21600 13568 118560
40210 58344 119518
58344 40210 119518
119518 40210 58344
81055 15169 71902
15169 71902 81055
71902 15169 81055
132880 83552 92438
83552 92438 132880
92438 83552 132880
127129 43200 110469
110469 43200 127129
43200 110469 127129
10550 28562 64675
64675 10550 28562
28562 10550 64675
61579 94002 144937
144937 61579 94002
94002 61579 144937
132227 98859 145870
145870 98859 132227
98859 132227 145870
139607 62777 69683
62777 69683 139607
69683 62777 139607
98104 20356 60524
20356 60524 98104
60524 20356 98104
79658 48991 103196
103196 48991 79658
48991 79658 103196
146364 88483 120886
88483 120886 146364
120886 88483 146364
143474 52629 131286
52629 131286 143474
131286 52629 143474
83283 105287 122769
122769 83283 105287
105287 83283 122769
55593 23688 128319
128319 23688 55593
23688 55593 128319
139426 75973 108348
108348 75973 139426
75973 108348 139426
61299 39576 134818
134818 39576 61299
39576 61299 134818
78641 13999 49393
13999 49393 78641
49393 13999 78641
114784 123373 143552
143552 114784 123373
123373 114784 143552
32367 10574 115190
115190 10574 32367
10574 32367 115190
22898 52226 62594
52226 22898 62594
62594 22898 52226
83756 33328 101236
101236 33328 83756
33328 83756 101236
6443 39883 101147
39883 6443 101147
101147 6443 39883
1402 17112 146379
17112 1402 146379
146379 1402 17112
108600 64005 138711
138711 64005 108600
64005 108600 138711
148798 62725 87386
62725 87386 148798
87386 62725 148798
26511 6264 48735
48735 6264 26511
6264 26511 48735
25895 68249 113101
113101 25895 68249
68249 25895 113101
140879 90935 91506
90935 91506 140879
91506 90935 140879
61635 45525 82139
45525 61635 82139
82139 45525 61635
125182 19735 82227
82227 19735 125182
19735 82227 125182
14181 65436 80225
65436 14181 80225
80225 14181 65436
111129 84003 105760
105760 84003 111129
84003 105760 111129
135805 89670 113756
113756 89670 135805
89670 113756 135805
118185 90443 139417
139417 90443 118185
90443 118185 139417
57807 55401 118902
118902 55401 57807
55401 57807 118902
135372 8645 56514
56514 8645 135372
8645 56514 135372
25961 11224 73284
73284 11224 25961
11224 25961 73284
105887 68197 80737
68197 80737 105887
80737 68197 105887
20699 28292 88242
28292 20699 88242
88242 20699 28292
23624 111661 133621
111661 23624 133621
133621 23624 111661
78607 54958 105560
105560 54958 78607
54958 78607 105560
53848 19958 105912
105912 19958 53848
19958 53848 105912
141210 62812 125241
62812 125241 141210
125241 62812 141210
139996 60970 69836
69836 60970 139996
60970 69836 139996
71687 95351 136122
95351 71687 136122
136122 71687 95351
108178 126441 131049
131049 108178 126441
126441 108178 131049
112149 32058 138637
32058 112149 138637
138637 32058 112149
116843 42766 43184
43184 42766 116843
42766 43184 116843
149450 114670 138923
138923 114670 149450
114670 138923 149450
89752 49206 79356
79356 49206 89752
49206 79356 89752
95473 44455 49151
49151 44455 95473
44455 49151 95473
36502 1029 121006
121006 1029 36502
1029 36502 121006
147712 36220 140739
36220 140739 147712
140739 36220 147712
125143 72917 95203
95203 72917 125143
72917 95203 125143
79494 41943 118951
41943 79494 118951
118951 41943 79494
91880 5144 22442
22442 5144 91880
5144 22442 91880
48499 119194 135262
119194 48499 135262
135262 48499 119194
115088 10700 60625
10700 60625 115088
60625 10700 115088
76271 39866 125848
39866 76271 125848
125848 39866 76271
96671 106336 119393
119393 96671 106336
106336 96671 119393
39619 2486 145710
145710 2486 39619
2486 39619 145710
49605 13836 113931
113931 13836 49605
13836 49605 113931
50533 62662 147170
147170 50533 62662
62662 50533 147170
99617 39312 89744
39312 89744 99617
89744 39312 99617
93152 25134 98372
98372 25134 93152
25134 93152 98372
97933 80543 105719
80543 97933 105719
105719 80543 97933
17239 60916 80123
60916 17239 80123
80123 17239 60916
65922 23844 33988
23844 33988 65922
33988 23844 65922
107153 12766 71253
12766 71253 107153
71253 12766 107153
19863 85444 149641
149641 19863 85444
85444 19863 149641
130250 38188 86224
86224 38188 130250
38188 86224 130250
147525 1470 127374
1470 127374 147525
127374 1470 147525
146212 16152 148685
148685 16152 146212
16152 146212 148685
57383 81824 148592
81824 57383 148592
148592 57383 81824
132238 5383 94698
5383 94698 132238
94698 5383 132238
79646 1718 53366
53366 1718 79646
1718 53366 79646
82209 75636 100135
100135 75636 82209
75636 82209 100135
17735 1255 58235
58235 1255 17735
1255 17735 58235
38902 6597 119546
6597 38902 119546
119546 6597 38902
128643 14816 108019
14816 108019 128643
108019 14816 128643
65278 103938 129752
129752 65278 103938
103938 65278 129752
132419 62747 80171
80171 62747 132419
62747 80171 132419
82727 43434 60737
60737 43434 82727
43434 60737 82727
102840 65580 87573
87573 65580 102840
65580 87573 102840
37249 5504 23856
23856 5504 37249
5504 23856 37249
121144 34903 107087
107087 34903 121144
34903 107087 121144
30972 141789 142100
141789 30972 142100
142100 30972 141789
34966 121475 145574
121475 34966 145574
145574 34966 121475
66085 37618 80894
80894 37618 66085
37618 66085 80894
92866 115172 136281
136281 92866 115172
115172 92866 136281
17310 117718 126331
126331 17310 117718
117718 17310 126331
148452 114435 119624
119624 114435 148452
114435 119624 148452
11417 13770 26657
13770 11417 26657
26657 11417 13770
142771 15883 34620
34620 15883 142771
15883 34620 142771
70676 34914 143729
34914 70676 143729
143729 34914 70676
16196 14754 51127
51127 14754 16196
14754 16196 51127
36071 15368 99645
99645 15368 36071
15368 36071 99645
77755 28980 106252
28980 77755 106252
106252 28980 77755
61051 9529 129496
129496 9529 61051
9529 61051 129496
21047 44761 109234
109234 21047 44761
44761 21047 109234
25329 36641 113647
36641 25329 113647
113647 25329 36641
135927 68376 137396
137396 68376 135927
68376 135927 137396
141633 21624 149869
21624 141633 149869
149869 21624 141633
104243 3426 100324
100324 3426 104243
3426 100324 104243
132743 102373 144588
102373 132743 144588
144588 102373 132743
34123 2510 12313
12313 2510 34123
2510 12313 34123
105673 78792 111946
78792 105673 111946
111946 78792 105673
61961 33295 37708
33295 37708 61961
37708 33295 61961
12201 41284 44215
41284 12201 44215
44215 12201 41284
66748 38618 63710
38618 63710 66748
63710 38618 66748
114428 60103 71727
71727 60103 114428
60103 71727 114428
134626 104893 140523
140523 104893 134626
104893 134626 140523
39949 47015 66447
66447 39949 47015
47015 39949 66447
142611 6090 146096
146096 6090 142611
6090 142611 146096
92906 29735 118344
29735 92906 118344
118344 29735 92906
59 28085 36772
36772 59 28085
28085 59 36772
138405 93843 127999
93843 127999 138405
127999 93843 138405
48477 68687 149054
149054 48477 68687
68687 48477 149054
126349 78256 100695
100695 78256 126349
78256 100695 126349
138884 82248 144892
82248 138884 144892
144892 82248 138884
92403 141278 143969
141278 92403 143969
143969 92403 141278
121312 78715 116589
116589 78715 121312
78715 116589 121312
17543 15283 106532
106532 15283 17543
15283 17543 106532
69272 57919 104578
57919 69272 104578
104578 57919 69272
126816 104686 121652
104686 121652 126816
121652 104686 126816
14916 106932 111087
111087 14916 106932
106932 14916 111087
99751 1224 10171
10171 1224 99751
1224 10171 99751
146875 88971 144646
144646 88971 146875
88971 144646 146875
33949 48256 52938
52938 33949 48256
48256 33949 52938
25989 62012 137496
137496 25989 62012
62012 25989 137496
30799 64904 96137
96137 30799 64904
64904 30799 96137
64238 28745 67818
67818 28745 64238
28745 64238 67818
45135 36237 62748
36237 45135 62748
62748 36237 45135
84737 17503 84204
84204 17503 84737
17503 84204 84737
60399 10753 52877
52877 10753 60399
10753 52877 60399
118325 29110 112912
112912 29110 118325
29110 112912 118325
61076 121583 144056
121583 61076 144056
144056 61076 121583
59252 56820 75043
56820 59252 75043
75043 56820 59252
111644 9372 130609
130609 9372 111644
9372 111644 130609
71336 78375 146795
78375 71336 146795
146795 71336 78375
99787 5258 6908
6908 5258 99787
5258 6908 99787
141103 102526 104128
102526 104128 141103
104128 102526 141103
87950 33245 35956
35956 33245 87950
33245 35956 87950
102286 32845 56273
56273 32845 102286
32845 56273 102286
4167 19537 94669
19537 4167 94669
94669 4167 19537
34242 92546 108464
92546 34242 108464
108464 34242 92546
82503 80651 143064
143064 80651 82503
80651 82503 143064
5057 73409 110461
110461 5057 73409
73409 5057 110461
131436 111149 116005
111149 116005 131436
116005 111149 131436
57965 124204 130211
130211 57965 124204
124204 57965 130211
92773 117304 142074
117304 92773 142074
142074 92773 117304
69584 113347 122310
122310 69584 113347
113347 69584 122310
37504 75203 112735
112735 37504 75203
75203 37504 112735
91911 71006 110300
71006 91911 110300
110300 71006 91911
117306 26289 55524
26289 55524 117306
55524 26289 117306
66700 87318 91631
91631 66700 87318
87318 66700 91631
147671 26902 139584
139584 26902 147671
26902 139584 147671
32308 9455 60576
60576 9455 32308
9455 32308 60576
15370 12353 100138
12353 15370 100138
100138 12353 15370
143942 32656 109789
32656 109789 143942
109789 32656 143942
147020 462 17270
17270 462 147020
462 17270 147020
88384 85670 149410
149410 85670 88384
85670 88384 149410
64467 20163 84982
84982 20163 64467
20163 64467 84982
4528 26242 105950
105950 4528 26242
26242 4528 105950
76921 81183 108131
81183 76921 108131
108131 76921 81183
125110 14849 65397
65397 14849 125110
14849 65397 125110
91296 48580 86205
86205 48580 91296
48580 86205 91296
120418 29567 83670
83670 29567 120418
29567 83670 120418
10800 25925 141961
25925 10800 141961
141961 10800 25925
10815 25528 102442
102442 10815 25528
25528 10815 102442
12419 11447 20295
20295 11447 12419
11447 12419 20295
7179 3981 33967
33967 3981 7179
3981 7179 33967
78541 35622 97209
97209 35622 78541
35622 78541 97209
23425 74560 107643
107643 23425 74560
74560 23425 107643
2412 19982 127002
127002 2412 19982
19982 2412 127002
117356 106435 148675
106435 117356 148675
148675 106435 117356
138570 38820 83865
38820 83865 138570
83865 38820 138570
114374 19266 110936
19266 110936 114374
110936 19266 114374
84832 100701 134102
100701 84832 134102
134102 84832 100701
52940 22178 30021
30021 22178 52940
22178 30021 52940
116495 43860 63681
63681 43860 116495
43860 63681 116495
8162 41606 46953
41606 8162 46953
46953 8162 41606
129111 72440 139895
72440 129111 139895
139895 72440 129111
46580 40250 136186
136186 40250 46580
40250 46580 136186
105184 10353 32322
10353 32322 105184
32322 10353 105184
99259 23453 112002
112002 23453 99259
23453 99259 112002
88151 54650 75319
75319 54650 88151
54650 75319 88151
42770 12099 76311
12099 42770 76311
76311 12099 42770
33925 27114 123895
27114 33925 123895
123895 27114 33925
117506 61769 103871
61769 103871 117506
103871 61769 117506
85626 43816 67278
67278 43816 85626
43816 67278 85626
28699 102490 104237
104237 28699 102490
102490 28699 104237
30927 31014 118514
31014 30927 118514
118514 30927 31014
128910 120100 129313
129313 120100 128910
120100 128910 129313
57618 120388 131369
131369 57618 120388
120388 57618 131369
119480 54127 92582
54127 92582 119480
92582 54127 119480
38057 14654 95504
95504 14654 38057
14654 38057 95504
105861 52215 106518
106518 52215 105861
52215 105861 106518
29287 107601 137295
137295 29287 107601
107601 29287 137295
8404 7309 110739
7309 8404 110739
110739 7309 8404
106009 72640 78638
72640 78638 106009
78638 72640 106009
56956 14165 91116
14165 56956 91116
91116 14165 56956
47946 50310 56851
50310 47946 56851
56851 47946 50310
46270 57258 131760
57258 46270 131760
131760 46270 57258
143960 76063 82987
76063 82987 143960
82987 76063 143960
95431 53692 79335
53692 79335 95431
79335 53692 95431
138848 5189 131087
5189 131087 138848
131087 5189 138848
26527 39778 60842
60842 26527 39778
39778 26527 60842
101539 94291 107109
107109 94291 101539
94291 101539 107109
96764 50568 141003
50568 96764 141003
141003 50568 96764
111033 61416 79585
61416 79585 111033
79585 61416 111033
101554 56852 128343
56852 101554 128343
128343 56852 101554
38866 24601 82193
24601 38866 82193
82193 24601 38866
132736 54580 78000
54580 78000 132736
78000 54580 132736
60009 40652 144917
40652 60009 144917
144917 40652 60009
126412 23351 88364
23351 88364 126412
88364 23351 126412
139449 106505 116541
106505 116541 139449
116541 106505 139449
10363 14506 31990
31990 10363 14506
14506 10363 31990
107888 33826 140075
140075 33826 107888
33826 107888 140075
54338 130871 141858
141858 54338 130871
130871 54338 141858
7945 61927 118566
118566 7945 61927
61927 7945 118566
97296 35807 123845
123845 35807 97296
35807 97296 123845
97765 9010 137372
9010 97765 137372
137372 9010 97765
6661 41527 69926
69926 6661 41527
41527 6661 69926
101055 20947 117977
20947 101055 117977
117977 20947 101055
94175 14741 15145
15145 14741 94175
14741 15145 94175
14800 22998 52219
52219 14800 22998
22998 14800 52219
101252 9284 134068
134068 9284 101252
9284 101252 134068
29182 94084 111826
94084 29182 111826
111826 29182 94084
109856 61041 82045
61041 82045 109856
82045 61041 109856
59212 67390 142002
67390 59212 142002
142002 59212 67390
120233 61844 80751
80751 61844 120233
61844 80751 120233
57069 74918 129505
129505 57069 74918
74918 57069 129505
81436 53767 134767
134767 53767 81436
53767 81436 134767
117155 26610 75395
75395 26610 117155
26610 75395 117155
45643 9552 71218
71218 9552 45643
9552 45643 71218
53924 93429 135811
93429 53924 135811
135811 53924 93429
137185 14111 130494
14111 130494 137185
130494 14111 137185
97977 59916 135834
135834 59916 97977
59916 97977 135834
147061 21327 64222
64222 21327 147061
21327 64222 147061
27262 97580 130073
97580 27262 130073
130073 27262 97580
14125 33411 121418
33411 14125 121418
121418 14125 33411
130918 50440 130332
50440 130332 130918
130332 50440 130918
139862 62318 136840
136840 62318 139862
62318 136840 139862
53341 20380 113083
113083 20380 53341
20380 53341 113083
16980 62805 83568
83568 16980 62805
62805 16980 83568
143629 2797 35200
35200 2797 143629
2797 35200 143629
71305 46625 76594
46625 71305 76594
76594 46625 71305
17423 17540 142639
142639 17423 17540
17540 17423 142639
93401 67505 99514
67505 93401 99514
99514 67505 93401
66134 34558 48303
48303 34558 66134
34558 48303 66134
84588 39633 129238
129238 39633 84588
39633 84588 129238
116653 88273 138549
88273 116653 138549
138549 88273 116653
41098 54033 144926
54033 41098 144926
144926 41098 54033
101423 87535 92764
87535 92764 101423
92764 87535 101423
10417 70110 144028
144028 10417 70110
70110 10417 144028
124728 26341 59823
26341 59823 124728
59823 26341 124728
2450 129812 144649
129812 2450 144649
144649 2450 129812
22320 82728 114021
114021 22320 82728
82728 22320 114021
147680 68584 99066
68584 99066 147680
99066 68584 147680
68225 21101 116194
116194 21101 68225
21101 68225 116194
19870 30136 125339
125339 19870 30136
30136 19870 125339
126342 33257 122703
122703 33257 126342
33257 122703 126342
27120 122890 130377
122890 27120 130377
130377 27120 122890
70478 93272 143503
143503 70478 93272
93272 70478 143503
31208 10743 126701
126701 10743 31208
10743 31208 126701
31816 6164 24400
24400 6164 31816
6164 24400 31816
146538 4053 11884
4053 11884 146538
11884 4053 146538
93342 2392 114118
2392 93342 114118
114118 2392 93342
27431 4929 54678
4929 27431 54678
54678 4929 27431
27303 18246 95860
95860 18246 27303
18246 27303 95860
135920 3156 114491
3156 114491 135920
114491 3156 135920
69155 30514 91104
30514 69155 91104
91104 30514 69155
81589 43391 44105
43391 44105 81589
44105 43391 81589
15736 1793 64206
1793 15736 64206
64206 1793 15736
67269 56882 61917
61917 56882 67269
56882 61917 67269
53069 6983 94483
94483 6983 53069
6983 53069 94483
123079 46135 109715
46135 109715 123079
109715 46135 123079
28796 39119 72013
72013 28796 39119
39119 28796 72013
127515 9300 59808
59808 9300 127515
9300 59808 127515
70076 38422 149744
149744 38422 70076
38422 70076 149744
50503 67054 93363
67054 50503 93363
93363 50503 67054
85202 18792 86511
86511 18792 85202
18792 85202 86511
148585 110021 115564
115564 110021 148585
110021 115564 148585
131943 81758 119200
119200 81758 131943
81758 119200 131943
70385 41639 125115
125115 41639 70385
41639 70385 125115
84085 45162 45556
45162 45556 84085
45556 45162 84085
125969 55774 139490
55774 125969 139490
139490 55774 125969
97432 58203 128855
128855 58203 97432
58203 97432 128855
11863 15082 27743
27743 11863 15082
15082 11863 27743
14618 85384 90865
90865 14618 85384
85384 14618 90865
146242 130703 148672
130703 146242 148672
148672 130703 146242
124476 18954 143398
143398 18954 124476
18954 124476 143398
25319 24964 82058
82058 24964 25319
24964 25319 82058
140785 60417 91956
60417 91956 140785
91956 60417 140785
85014 56207 93060
56207 85014 93060
93060 56207 85014
11116 96312 100362
100362 11116 96312
96312 11116 100362
120763 24445 143504
24445 120763 143504
143504 24445 120763
10231 38718 71046
71046 10231 38718
38718 10231 71046
78382 87144 100250
100250 78382 87144
87144 78382 100250
130978 83008 107189
107189 83008 130978
83008 107189 130978
21672 34377 75750
75750 21672 34377
34377 21672 75750
40278 55693 134649
55693 40278 134649
134649 40278 55693
32074 15600 63707
63707 15600 32074
15600 32074 63707
51324 2838 105892
105892 2838 51324
2838 51324 105892
127292 71563 86284
86284 71563 127292
71563 86284 127292
41613 130683 133976
133976 41613 130683
130683 41613 133976
1906 59667 117448
117448 1906 59667
59667 1906 117448
148249 18295 87873
18295 87873 148249
87873 18295 148249
101585 8177 99761
8177 99761 101585
99761 8177 101585
112716 40671 82000
40671 82000 112716
82000 40671 112716
65444 31459 113799
113799 31459 65444
31459 65444 113799
17005 18989 63718
18989 17005 63718
63718 17005 18989
124711 8378 52286
8378 52286 124711
52286 8378 124711
127664 5889 39616
39616 5889 127664
5889 39616 127664
16285 33296 126666
126666 16285 33296
33296 16285 126666
41016 25168 81818
25168 41016 81818
81818 25168 41016
120259 10805 137718
137718 10805 120259
10805 120259 137718
149313 21878 28912
21878 28912 149313
28912 21878 149313
127428 62368 92364
62368 92364 127428
92364 62368 127428
52981 86775 122800
86775 52981 122800
122800 52981 86775
43528 51977 113147
51977 43528 113147
113147 43528 51977
68478 117818 138334
138334 68478 117818
117818 68478 138334
111247 58455 98537
98537 58455 111247
58455 98537 111247
88050 14320 43430
43430 14320 88050
14320 43430 88050
30611 93674 138121
93674 30611 138121
138121 30611 93674
2271 18714 96217
18714 2271 96217
96217 2271 18714
67626 49446 147846
147846 49446 67626
49446 67626 147846
9195 29955 31095
31095 9195 29955
29955 9195 31095
61345 86683 108304
108304 61345 86683
86683 61345 108304
15516 112175 117255
112175 15516 117255
117255 15516 112175
132854 10072 45415
10072 45415 132854
45415 10072 132854
75840 112362 140152
140152 75840 112362
112362 75840 140152
91337 107419 147843
147843 91337 107419
107419 91337 147843
63745 77446 132100
132100 63745 77446
77446 63745 132100
90369 15766 46617
15766 46617 90369
46617 15766 90369
34077 9462 46794
46794 9462 34077
9462 34077 46794
12375 8574 137517
137517 8574 12375
8574 12375 137517
3499 44568 116315
44568 3499 116315
116315 3499 44568
19466 142032 142697
142697 19466 142032
142032 19466 142697
39249 31551 139186
31551 39249 139186
139186 31551 39249
104352 6498 102340
6498 102340 104352
102340 6498 104352
49186 12399 72125
72125 12399 49186
12399 49186 72125
99432 126636 130637
130637 99432 126636
126636 99432 130637
81809 95834 118682
95834 81809 118682
118682 81809 95834
145720 96985 147063
96985 145720 147063
147063 96985 145720
2555 79581 132630
132630 2555 79581
79581 2555 132630
84953 16909 59953
16909 59953 84953
59953 16909 84953
72841 14323 20907
20907 14323 72841
14323 20907 72841
83004 69817 149094
69817 83004 149094
149094 69817 83004
61099 62697 114781
114781 61099 62697
62697 61099 114781
138542 37726 70751
70751 37726 138542
37726 70751 138542
10944 88990 100072
88990 10944 100072
100072 10944 88990
98373 17757 35305
35305 17757 98373
17757 35305 98373
40238 22677 141948
22677 40238 141948
141948 22677 40238
141703 3883 137167
3883 137167 141703
137167 3883 141703
23504 66874 142711
66874 23504 142711
142711 23504 66874
128774 64832 107034
107034 64832 128774
64832 107034 128774
11361 57584 108853
57584 11361 108853
108853 11361 57584
122213 18315 79213
18315 79213 122213
79213 18315 122213
6762 123964 142439
142439 6762 123964
123964 6762 142439
12234 25859 35996
35996 12234 25859
25859 12234 35996
63406 42933 72648
42933 63406 72648
72648 42933 63406
74962 57369 112776
112776 57369 74962
57369 74962 112776
14407 26023 126681
26023 14407 126681
126681 14407 26023
102231 37996 91393
37996 91393 102231
91393 37996 102231
71173 70346 145624
70346 71173 145624
145624 70346 71173
15493 48615 134824
48615 15493 134824
134824 15493 48615
99311 6224 98078
98078 6224 99311
6224 98078 99311
60643 54196 73920
73920 54196 60643
54196 60643 73920
148494 73666 144542
144542 73666 148494
73666 144542 148494
148670 63104 133288
133288 63104 148670
63104 133288 148670
91062 15121 111499
15121 91062 111499
111499 15121 91062
75597 64700 137356
64700 75597 137356
137356 64700 75597
131907 42941 137659
42941 131907 137659
137659 42941 131907
25827 4276 120611
4276 25827 120611
120611 4276 25827
138008 113080 130606
113080 130606 138008
130606 113080 138008
22465 23757 31670
31670 22465 23757
23757 22465 31670
45109 24686 83316
24686 45109 83316
83316 24686 45109
68259 78622 127766
78622 68259 127766
127766 68259 78622
38492 29218 78213
78213 29218 38492
29218 38492 78213
74023 88399 102904
88399 74023 102904
102904 74023 88399
41939 38122 145023
145023 38122 41939
38122 41939 145023
145701 59981 73053
59981 73053 145701
73053 59981 145701
119786 43006 134962
43006 119786 134962
134962 43006 119786
38273 46540 120551
120551 38273 46540
46540 38273 120551
22798 126270 140498
140498 22798 126270
126270 22798 140498
22870 67181 145704
145704 22870 67181
67181 22870 145704
145557 76398 94609
76398 94609 145557
94609 76398 145557
46742 17793 96799
17793 46742 96799
96799 17793 46742
945 126886 136733
136733 945 126886
126886 945 136733
130901 75197 124485
124485 75197 130901
75197 124485 130901
79567 9420 81884
81884 9420 79567
9420 79567 81884
1811 85515 133596
85515 1811 133596
133596 1811 85515
135991 128502 130326
130326 128502 135991
128502 130326 135991
99894 73841 100290
73841 99894 100290
100290 73841 99894
17614 91151 114524
91151 17614 114524
114524 17614 91151
71812 83095 101540
101540 71812 83095
83095 71812 101540
87883 80006 148663
80006 87883 148663
148663 80006 87883
119618 45644 124192
124192 45644 119618
45644 119618 124192
137378 3744 107649
107649 3744 137378
3744 107649 137378
22547 56944 67909
56944 22547 67909
67909 22547 56944
105593 4767 17837
17837 4767 105593
4767 17837 105593
70541 95984 104836
95984 70541 104836
104836 70541 95984
10157 7676 100820
100820 7676 10157
7676 10157 100820
71414 52093 119088
119088 52093 71414
52093 71414 119088
120300 12328 43819
43819 12328 120300
12328 43819 120300
8943 70849 113626
70849 8943 113626
113626 8943 70849
138150 7954 96369
7954 96369 138150
96369 7954 138150
113907 22837 56879
22837 56879 113907
56879 22837 113907
97356 38207 133192
38207 97356 133192
133192 38207 97356
116597 38873 80383
80383 38873 116597
38873 80383 116597
12968 66701 118148
118148 12968 66701
66701 12968 118148
49721 10792 144352
10792 49721 144352
144352 10792 49721
61977 37163 116988
116988 37163 61977
37163 61977 116988
103819 30294 56282
56282 30294 103819
30294 56282 103819
88513 86823 102819
86823 88513 102819
102819 86823 88513
25949 72674 143750
143750 25949 72674
72674 25949 143750
139712 55506 59383
59383 55506 139712
55506 59383 139712
82336 76988 115093
76988 82336 115093
115093 76988 82336
67653 123924 124519
124519 67653 123924
123924 67653 124519
33373 56201 100395
100395 33373 56201
56201 33373 100395
45165 22293 40913
22293 40913 45165
40913 22293 45165
122687 36731 60988
36731 60988 122687
60988 36731 122687
54615 9020 41394
9020 41394 54615
41394 9020 54615
13162 425 117324
425 13162 117324
117324 425 13162
135070 44895 69346
44895 69346 135070
69346 44895 135070
22431 74068 105557
74068 22431 105557
105557 22431 74068
69859 33757 78739
78739 33757 69859
33757 69859 78739
11409 80160 113663
113663 11409 80160
80160 11409 113663
7749 81204 149787
81204 7749 149787
149787 7749 81204
87214 46395 79956
46395 79956 87214
79956 46395 87214
41997 70821 80411
70821 41997 80411
80411 41997 70821
49169 110114 110666
110666 49169 110114
110114 49169 110666
29264 58155 75409
58155 29264 75409
75409 29264 58155
136061 4738 62814
4738 62814 136061
62814 4738 136061
1733 67220 127191
127191 1733 67220
67220 1733 127191
38142 14805 67140
14805 38142 67140
67140 14805 38142
78708 66914 123796
123796 66914 78708
66914 78708 123796
56489 34516 44063
44063 34516 56489
34516 44063 56489
113939 47600 138499
138499 47600 113939
47600 113939 138499
116347 130053 148290
148290 116347 130053
130053 116347 148290
145117 57513 84473
57513 84473 145117
84473 57513 145117
30260 89906 100991
100991 30260 89906
89906 30260 100991
53616 12705 28625
12705 28625 53616
28625 12705 53616
83643 35133 39837
35133 39837 83643
39837 35133 83643
105517 49244 94168
49244 94168 105517
94168 49244 105517
104112 83952 141253
83952 104112 141253
141253 83952 104112
83169 22499 79089
22499 79089 83169
79089 22499 83169
19858 16434 92967
16434 19858 92967
92967 16434 19858
15444 2501 64241
64241 2501 15444
2501 15444 64241
103213 41917 123697
41917 103213 123697
123697 41917 103213
133880 31083 38897
31083 38897 133880
38897 31083 133880
78786 12406 16583
16583 12406 78786
12406 16583 78786
141417 11514 107278
11514 107278 141417
107278 11514 141417
16430 32556 101892
101892 16430 32556
32556 16430 101892
42450 22931 120321
120321 22931 42450
22931 42450 120321
32868 57427 72688
72688 32868 57427
57427 32868 72688
133869 69769 83266
83266 69769 133869
69769 83266 133869
128739 1155 116800
116800 1155 128739
1155 116800 128739
79022 22922 24151
22922 24151 79022
24151 22922 79022
9084 9547 132975
132975 9084 9547
9547 9084 132975
148519 76822 90861
76822 90861 148519
90861 76822 148519
113783 27617 58024
58024 27617 113783
27617 58024 113783
132078 23955 106253
106253 23955 132078
23955 106253 132078
42106 43403 71141
43403 42106 71141
71141 42106 43403
106742 8628 130830
8628 106742 130830
130830 8628 106742
24712 11109 115802
11109 24712 115802
115802 11109 24712
1528 34883 127331
127331 1528 34883
34883 1528 127331
12904 11557 85711
85711 11557 12904
11557 12904 85711
141040 30645 149691
30645 141040 149691
149691 30645 141040
124635 126568 135405
135405 124635 126568
126568 124635 135405
35881 96373 131094
131094 35881 96373
96373 35881 131094
5149 64510 147623
147623 5149 64510
64510 5149 147623
60645 113463 149696
113463 60645 149696
149696 60645 113463
85385 131181 143808
131181 85385 143808
143808 85385 131181
93040 108166 111292
111292 93040 108166
108166 93040 111292
111273 23904 71711
23904 71711 111273
71711 23904 111273
92284 57293 131345
131345 57293 92284
57293 92284 131345
95556 116366 139619
116366 95556 139619
139619 95556 116366
51309 60317 135412
60317 51309 135412
135412 51309 60317
55790 54850 102446
54850 55790 102446
102446 54850 55790
98047 60853 68568
60853 68568 98047
68568 60853 98047
149664 90994 133832
133832 90994 149664
90994 133832 149664
106732 97853 130148
97853 106732 130148
130148 97853 106732
59104 59204 69506
69506 59104 59204
59204 59104 69506
33865 54863 75664
54863 33865 75664
75664 33865 54863
29335 1606 10433
10433 1606 29335
1606 10433 29335
94512 80333 146779
80333 94512 146779
146779 80333 94512
148456 114326 129059
114326 129059 148456
129059 114326 148456
72284 14067 77051
77051 14067 72284
14067 72284 77051
131190 24223 117943
24223 117943 131190
117943 24223 131190
34909 124717 134433
134433 34909 124717
124717 34909 134433
117311 30275 44120
44120 30275 117311
30275 44120 117311
149923 95753 129558
129558 95753 149923
95753 129558 149923
88214 62458 89031
89031 62458 88214
62458 88214 89031
77905 34524 100521
100521 34524 77905
34524 77905 100521
84224 13841 36156
13841 36156 84224
36156 13841 84224
25244 60526 108673
60526 25244 108673
108673 25244 60526
99821 63473 105323
63473 99821 105323
105323 63473 99821
82317 32000 43672
32000 43672 82317
43672 32000 82317
16808 77010 101449
101449 16808 77010
77010 16808 101449
28315 80752 136864
136864 28315 80752
80752 28315 136864
86276 71030 137678
71030 86276 137678
137678 71030 86276
139379 34234 109767
34234 109767 139379
109767 34234 139379
88567 6837 131527
131527 6837 88567
6837 88567 131527
141973 127991 139350
127991 139350 141973
139350 127991 141973
126143 63711 73469
73469 63711 126143
63711 73469 126143
63589 15971 19172
15971 19172 63589
19172 15971 63589
119384 131296 139336
139336 119384 131296
131296 119384 139336
141853 8830 117235
8830 117235 141853
117235 8830 141853
118889 15674 131451
15674 118889 131451
131451 15674 118889
2603 4262 15421
15421 2603 4262
4262 2603 15421
108780 45354 114046
114046 45354 108780
45354 108780 114046
95579 39214 45552
45552 39214 95579
39214 45552 95579
20677 23991 115561
115561 20677 23991
23991 20677 115561
112054 19119 65730
65730 19119 112054
19119 65730 112054
80807 5377 45640
5377 45640 80807
45640 5377 80807
140406 9167 109827
109827 9167 140406
9167 109827 140406
84230 50176 115338
115338 50176 84230
50176 84230 115338
132468 124812 143096
143096 124812 132468
124812 132468 143096
128563 19598 32038
19598 32038 128563
32038 19598 128563
87906 27817 114497
27817 87906 114497
114497 27817 87906
13250 51273 137063
51273 13250 137063
137063 13250 51273
25393 45237 121807
121807 25393 45237
45237 25393 121807
107117 12415 79773
79773 12415 107117
12415 79773 107117
81608 14634 135393
135393 14634 81608
14634 81608 135393
1419 17314 126369
126369 1419 17314
17314 1419 126369
136811 84309 140802
84309 136811 140802
140802 84309 136811
12506 43066 145396
145396 12506 43066
43066 12506 145396
44782 87286 141817
141817 44782 87286
87286 44782 141817
132128 30663 111225
30663 111225 132128
111225 30663 132128
140470 3254 129991
3254 129991 140470
129991 3254 140470
47807 86426 88532
86426 47807 88532
88532 47807 86426
16552 29346 110858
29346 16552 110858
110858 16552 29346
61449 71577 95712
95712 61449 71577
71577 61449 95712
107018 4428 9933
9933 4428 107018
4428 9933 107018
4145 57027 139237
139237 4145 57027
57027 4145 139237
38281 22216 98901
98901 22216 38281
22216 38281 98901
31813 50262 139796
139796 31813 50262
50262 31813 139796
51690 30574 97328
97328 30574 51690
30574 51690 97328
137110 83269 136706
136706 83269 137110
83269 136706 137110
24312 68207 100665
68207 24312 100665
100665 24312 68207
41773 61928 89975
89975 41773 61928
61928 41773 89975
146031 86089 106363
86089 106363 146031
106363 86089 146031
140234 93681 130330
93681 130330 140234
130330 93681 140234
7713 47006 77714
47006 7713 77714
77714 7713 47006
63087 62287 68616
62287 63087 68616
68616 62287 63087
13056 62005 132717
62005 13056 132717
132717 13056 62005
55626 24387 107359
107359 24387 55626
24387 55626 107359
66192 31346 41419
41419 31346 66192
31346 41419 66192
93338 36247 45835
45835 36247 93338
36247 45835 93338
54554 102478 110140
110140 54554 102478
102478 54554 110140
121591 17250 21030
21030 17250 121591
17250 21030 121591
63328 74302 139902
139902 63328 74302
74302 63328 139902
71731 57925 66117
57925 66117 71731
66117 57925 71731
97762 60159 111979
111979 60159 97762
60159 97762 111979
54732 54136 148966
148966 54136 54732
54136 54732 148966
60496 41673 55137
55137 41673 60496
41673 55137 60496
12231 99399 125333
125333 12231 99399
99399 12231 125333
133327 63227 131310
131310 63227 133327
63227 131310 133327
99468 13205 52113
13205 52113 99468
52113 13205 99468
126210 7370 76862
76862 7370 126210
7370 76862 126210
98215 90109 90502
90502 90109 98215
90109 90502 98215
66340 5406 127634
5406 66340 127634
127634 5406 66340
147264 42683 67117
67117 42683 147264
42683 67117 147264
112292 6341 98466
6341 98466 112292
98466 6341 112292
41435 118923 134067
118923 41435 134067
134067 41435 118923
139135 51180 108223
51180 108223 139135
108223 51180 139135
16799 43702 84570
84570 16799 43702
43702 16799 84570
40705 70097 97358
