83008 23300 122451
23300 83008 122451
122451 23300 83008
5532 13524 57055
13524 5532 57055
57055 5532 13524
61509 79288 96794
96794 61509 79288
79288 61509 96794
33110 6366 36578
6366 33110 36578
36578 6366 33110
7940 44214 82128
44214 7940 82128
82128 7940 44214
147821 44072 125991
125991 44072 147821
44072 125991 147821
100545 32515 109054
32515 100545 109054
109054 32515 100545
28432 36265 124075
124075 28432 36265
36265 28432 124075
94776 19443 120454
120454 19443 94776
19443 94776 120454
79362 47650 123855
123855 47650 79362
47650 79362 123855
141007 128372 131456
128372 131456 141007
131456 128372 141007
103271 75561 110891
110891 75561 103271
75561 103271 110891
129031 2965 77216
2965 77216 129031
77216 2965 129031
44432 96761 102000
96761 44432 102000
102000 44432 96761
138501 74816 139239
139239 74816 138501
74816 138501 139239
148049 18909 138516
138516 18909 148049
18909 138516 148049
5611 70729 106059
106059 5611 70729
70729 5611 106059
85391 53937 75711
53937 75711 85391
75711 53937 85391
49212 61584 83684
83684 49212 61584
61584 49212 83684
89590 17307 95816
95816 17307 89590
17307 89590 95816
56078 51223 101916
101916 51223 56078
51223 56078 101916
61925 108538 117277
108538 61925 117277
117277 61925 108538
84627 68949 110804
68949 84627 110804
110804 68949 84627
97127 11285 102341
11285 97127 102341
102341 11285 97127
67442 67761 72692
72692 67442 67761
67761 67442 72692
110254 109926 133162
109926 110254 133162
133162 109926 110254
36705 10244 147703
147703 10244 36705
10244 36705 147703
28748 7966 18270
7966 18270 28748
18270 7966 28748
36640 76617 116579
76617 36640 116579
116579 36640 76617
103504 50777 133842
50777 103504 133842
133842 50777 103504
127109 24164 99611
24164 99611 127109
99611 24164 127109
86931 36802 135616
36802 86931 135616
135616 36802 86931
91150 111772 145621
111772 91150 145621
145621 91150 111772
24058 48532 59505
59505 24058 48532
48532 24058 59505
82867 60258 76315
60258 76315 82867
76315 60258 82867
142673 23045 44387
44387 23045 142673
23045 44387 142673
67842 110476 118023
118023 67842 110476
110476 67842 118023
66465 18421 147494
147494 18421 66465
18421 66465 147494
116962 113114 121482
121482 113114 116962
113114 116962 121482
140113 86369 129634
129634 86369 140113
86369 129634 140113
109540 28043 35451
28043 35451 109540
35451 28043 109540
92589 6920 49392
49392 6920 92589
6920 49392 92589
103359 95129 135793
95129 103359 135793
135793 95129 103359
120208 24850 149397
149397 24850 120208
24850 120208 149397
29927 67177 90628
90628 29927 67177
67177 29927 90628
53366 74340 81895
81895 53366 74340
74340 53366 81895
21474 70383 106713
106713 21474 70383
70383 21474 106713
22263 78363 130993
130993 22263 78363
78363 22263 130993
128982 81263 122551
122551 81263 128982
81263 122551 128982
15300 31583 91921
31583 15300 91921
91921 15300 31583
100815 32362 127087
32362 100815 127087
127087 32362 100815
136457 55863 96270
55863 96270 136457
96270 55863 136457
52679 64437 73222
73222 52679 64437
64437 52679 73222
143118 12908 128998
12908 128998 143118
128998 12908 143118
44309 112922 133879
133879 44309 112922
112922 44309 133879
95149 25322 97433
25322 95149 97433
97433 25322 95149
20563 53192 143216
143216 20563 53192
53192 20563 143216
126309 76519 122438
122438 76519 126309
76519 122438 126309
84996 20226 110678
110678 20226 84996
20226 84996 110678
19839 17569 20240
20240 17569 19839
17569 19839 20240
17908 22044 85529
22044 17908 85529
85529 17908 22044
98578 29334 30352
29334 30352 98578
30352 29334 98578
79543 16339 130086
130086 16339 79543
16339 79543 130086
33639 55009 105525
55009 33639 105525
105525 33639 55009
41274 26804 124490
124490 26804 41274
26804 41274 124490
132852 59220 106529
59220 106529 132852
106529 59220 132852
27916 7087 49201
49201 7087 27916
7087 27916 49201
53167 2119 17984
2119 17984 53167
17984 2119 53167
76864 31374 72650
31374 72650 76864
72650 31374 76864
141575 25658 144412
144412 25658 141575
25658 141575 144412
71914 48540 110628
110628 48540 71914
48540 71914 110628
33659 37350 46488
37350 33659 46488
46488 33659 37350
48458 71303 103361
103361 48458 71303
71303 48458 103361
45528 21871 122329
122329 21871 45528
21871 45528 122329
104911 57431 60979
57431 60979 104911
60979 57431 104911
85619 73668 77659
73668 77659 85619
77659 73668 85619
105813 84068 90527
90527 84068 105813
84068 90527 105813
11671 65953 129502
65953 11671 129502
129502 11671 65953
51367 65446 134164
65446 51367 134164
134164 51367 65446
64670 54360 146517
54360 64670 146517
146517 54360 64670
42685 108364 133347
133347 42685 108364
108364 42685 133347
90420 134579 148281
148281 90420 134579
134579 90420 148281
133852 24939 122167
122167 24939 133852
24939 122167 133852
3509 96764 118864
118864 3509 96764
96764 3509 118864
5950 7660 135503
135503 5950 7660
7660 5950 135503
130508 48634 117934
48634 117934 130508
117934 48634 130508
94479 48358 90232
90232 48358 94479
48358 90232 94479
126476 47032 87290
87290 47032 126476
47032 87290 126476
26610 17461 102224
102224 17461 26610
17461 26610 102224
128340 34350 78480
78480 34350 128340
34350 78480 128340
26904 74542 115909
74542 26904 115909
115909 26904 74542
20768 60243 102021
102021 20768 60243
60243 20768 102021
137141 70572 114328
114328 70572 137141
70572 114328 137141
57715 1261 98370
1261 57715 98370
98370 1261 57715
110322 41879 110890
110890 41879 110322
41879 110322 110890
86614 85084 101124
85084 86614 101124
101124 85084 86614
111386 63003 82636
82636 63003 111386
63003 82636 111386
74888 44411 92790
92790 44411 74888
44411 74888 92790
6624 6210 141981
141981 6210 6624
6210 6624 141981
93313 4882 137912
137912 4882 93313
4882 93313 137912
120245 37377 83678
37377 83678 120245
83678 37377 120245
129853 12250 121262
121262 12250 129853
12250 121262 129853
121142 23688 71911
23688 71911 121142
71911 23688 121142
77376 130438 148989
130438 77376 148989
148989 77376 130438
107913 8013 148421
8013 107913 148421
148421 8013 107913
137616 145539 148459
145539 137616 148459
148459 137616 145539
123409 331 144572
144572 331 123409
331 123409 144572
102071 15977 56995
56995 15977 102071
15977 56995 102071
128267 31834 135016
135016 31834 128267
31834 128267 135016
109130 101426 134269
134269 101426 109130
101426 109130 134269
137927 38009 119638
38009 119638 137927
119638 38009 137927
108411 10790 59589
10790 59589 108411
59589 10790 108411
84259 99234 136797
99234 84259 136797
136797 84259 99234
79657 80317 104788
104788 79657 80317
80317 79657 104788
38806 135137 148762
135137 38806 148762
148762 38806 135137
138369 47431 48783
48783 47431 138369
47431 48783 138369
83653 33473 96199
33473 83653 96199
96199 33473 83653
121327 69630 116567
116567 69630 121327
69630 116567 121327
113000 31323 31449
31323 31449 113000
31449 31323 113000
110974 142290 146385
142290 110974 146385
146385 110974 142290
89609 25489 124934
25489 89609 124934
124934 25489 89609
18772 34103 71529
34103 18772 71529
71529 18772 34103
146077 50059 106708
50059 106708 146077
106708 50059 146077
143403 82250 149800
82250 143403 149800
149800 82250 143403
10250 67797 92147
67797 10250 92147
92147 10250 67797
130497 32632 112134
32632 112134 130497
112134 32632 130497
95620 19338 52072
19338 52072 95620
52072 19338 95620
6420 36232 61492
61492 6420 36232
36232 6420 61492
114696 38711 138913
138913 38711 114696
38711 114696 138913
48843 2024 124727
124727 2024 48843
2024 48843 124727
31255 123364 136874
136874 31255 123364
123364 31255 136874
148647 49342 50133
50133 49342 148647
49342 50133 148647
119610 53898 129179
53898 119610 129179
129179 53898 119610
116475 50170 92965
50170 92965 116475
92965 50170 116475
70016 91024 92461
92461 70016 91024
91024 70016 92461
30469 7828 26967
7828 26967 30469
26967 7828 30469
149346 18288 143450
143450 18288 149346
18288 143450 149346
91634 9540 93145
9540 91634 93145
93145 9540 91634
149754 101713 148837
148837 101713 149754
101713 148837 149754
52527 39133 99274
39133 52527 99274
99274 39133 52527
134427 42577 68631
68631 42577 134427
42577 68631 134427
130714 15120 31756
31756 15120 130714
15120 31756 130714
62094 1232 94509
94509 1232 62094
1232 62094 94509
57413 84005 105447
84005 57413 105447
105447 57413 84005
59511 14716 40921
14716 40921 59511
40921 14716 59511
53959 1729 126126
126126 1729 53959
1729 53959 126126
87484 10322 56293
10322 56293 87484
56293 10322 87484
127968 49404 89311
89311 49404 127968
49404 89311 127968
148017 67699 97000
97000 67699 148017
67699 97000 148017
113821 56383 146944
146944 56383 113821
56383 113821 146944
101862 7938 104736
104736 7938 101862
7938 101862 104736
91887 11067 12993
12993 11067 91887
11067 12993 91887
91713 6464 66484
6464 66484 91713
66484 6464 91713
14679 27593 136089
27593 14679 136089
136089 14679 27593
107479 52758 74063
52758 74063 107479
74063 52758 107479
98998 91632 125470
125470 91632 98998
91632 98998 125470
1411 91298 105419
91298 1411 105419
105419 1411 91298
77557 5839 95515
95515 5839 77557
5839 77557 95515
69643 49635 105644
105644 49635 69643
49635 69643 105644
140172 31901 123623
123623 31901 140172
31901 123623 140172
103915 28438 34788
34788 28438 103915
28438 34788 103915
92713 102671 137194
137194 92713 102671
102671 92713 137194
51987 65286 89882
89882 51987 65286
65286 51987 89882
91357 119741 125938
119741 91357 125938
125938 91357 119741
37410 7718 8768
7718 8768 37410
8768 7718 37410
96434 41390 46913
46913 41390 96434
41390 46913 96434
34725 61231 83191
83191 34725 61231
61231 34725 83191
87991 8317 26705
8317 26705 87991
26705 8317 87991
71686 91098 135622
91098 71686 135622
135622 71686 91098
96168 67312 143117
143117 67312 96168
67312 96168 143117
70117 3557 145926
3557 70117 145926
145926 3557 70117
106877 5994 36643
5994 36643 106877
36643 5994 106877
102716 58142 94574
58142 94574 102716
94574 58142 102716
53906 41488 66821
41488 53906 66821
66821 41488 53906
1285 115000 119933
115000 1285 119933
119933 1285 115000
5753 51272 141379
141379 5753 51272
51272 5753 141379
47134 6085 134124
134124 6085 47134
6085 47134 134124
14542 34878 71863
34878 14542 71863
71863 14542 34878
131247 113154 124159
124159 113154 131247
113154 124159 131247
125870 32751 32953
32751 32953 125870
32953 32751 125870
146147 13602 96711
13602 96711 146147
96711 13602 146147
145489 63023 149444
63023 145489 149444
149444 63023 145489
96559 82880 128006
128006 82880 96559
82880 96559 128006
142930 23456 140244
140244 23456 142930
23456 140244 142930
136948 3531 85968
85968 3531 136948
3531 85968 136948
69407 30954 51396
30954 51396 69407
51396 30954 69407
24127 38579 124936
124936 24127 38579
38579 24127 124936
80774 102003 126313
102003 80774 126313
126313 80774 102003
41881 42643 121778
42643 41881 121778
121778 41881 42643
50760 22240 88256
88256 22240 50760
22240 50760 88256
139322 35895 147823
147823 35895 139322
35895 139322 147823
39020 19178 137714
137714 19178 39020
19178 39020 137714
105198 7494 85048
7494 85048 105198
85048 7494 105198
93789 24852 137070
137070 24852 93789
24852 93789 137070
145611 24654 101720
101720 24654 145611
24654 101720 145611
120279 45755 146173
45755 120279 146173
146173 45755 120279
41852 76232 82120
76232 41852 82120
82120 41852 76232
94376 101399 123863
101399 94376 123863
123863 94376 101399
118266 32506 85320
32506 85320 118266
85320 32506 118266
93131 41671 85452
41671 85452 93131
85452 41671 93131
127926 57352 98440
57352 98440 127926
98440 57352 127926
107372 37396 60481
60481 37396 107372
37396 60481 107372
60815 51259 134568
51259 60815 134568
134568 51259 60815
59435 133711 147106
133711 59435 147106
147106 59435 133711
74730 34023 40251
40251 34023 74730
34023 40251 74730
141872 16897 69976
69976 16897 141872
16897 69976 141872
22596 16373 91613
91613 16373 22596
16373 22596 91613
57016 37180 41846
37180 41846 57016
41846 37180 57016
52678 86855 90204
90204 52678 86855
86855 52678 90204
140560 19189 87490
19189 87490 140560
87490 19189 140560
63779 23637 135824
135824 23637 63779
23637 63779 135824
38087 40190 104359
104359 38087 40190
40190 38087 104359
48758 81879 133658
81879 48758 133658
133658 48758 81879
69786 32788 89591
89591 32788 69786
32788 69786 89591
127130 23858 33770
33770 23858 127130
23858 33770 127130
76900 46890 134933
46890 76900 134933
134933 46890 76900
145822 41455 137929
137929 41455 145822
41455 137929 145822
53119 73935 130547
73935 53119 130547
130547 53119 73935
128488 31495 75546
31495 75546 128488
75546 31495 128488
115381 12468 89367
12468 89367 115381
89367 12468 115381
147057 25676 132494
132494 25676 147057
25676 132494 147057
92393 25690 114622
25690 92393 114622
114622 25690 92393
20649 137207 139579
139579 20649 137207
137207 20649 139579
71846 9479 147104
147104 9479 71846
9479 71846 147104
90038 10587 37782
37782 10587 90038
10587 37782 90038
82224 10605 112046
112046 10605 82224
10605 82224 112046
17973 11498 96051
96051 11498 17973
11498 17973 96051
103622 112270 141219
141219 103622 112270
112270 103622 141219
57808 41721 96120
41721 57808 96120
96120 41721 57808
107787 31796 75748
31796 75748 107787
75748 31796 107787
31043 30892 122815
30892 31043 122815
122815 30892 31043
84824 27045 113854
27045 84824 113854
113854 27045 84824
67330 1190 75551
75551 1190 67330
1190 67330 75551
70114 46852 73437
73437 46852 70114
46852 70114 73437
49204 7825 39008
39008 7825 49204
7825 39008 49204
102706 71250 141862
71250 102706 141862
141862 71250 102706
81577 9291 106276
9291 81577 106276
106276 9291 81577
117875 33349 71316
33349 71316 117875
71316 33349 117875
50305 58481 118859
58481 50305 118859
118859 50305 58481
18511 85950 106714
106714 18511 85950
85950 18511 106714
9008 15561 147833
147833 9008 15561
15561 9008 147833
82997 80955 120649
80955 82997 120649
120649 80955 82997
65749 80557 134991
134991 65749 80557
80557 65749 134991
84103 6828 117542
6828 84103 117542
117542 6828 84103
79849 3643 146297
146297 3643 79849
3643 79849 146297
137011 17995 123640
17995 123640 137011
123640 17995 137011
76340 14426 126464
126464 14426 76340
14426 76340 126464
28900 96878 111218
111218 28900 96878
96878 28900 111218
34773 522 51150
51150 522 34773
522 34773 51150
26940 74073 84677
84677 26940 74073
74073 26940 84677
18068 30002 83460
83460 18068 30002
30002 18068 83460
68039 46962 62295
62295 46962 68039
46962 62295 68039
51777 95770 145937
145937 51777 95770
95770 51777 145937
48111 11008 55121
11008 48111 55121
55121 11008 48111
62123 5285 62946
62946 5285 62123
5285 62123 62946
112306 85143 112192
85143 112192 112306
112192 85143 112306
116194 24813 96066
96066 24813 116194
24813 96066 116194
11844 13874 61441
13874 11844 61441
61441 11844 13874
91292 98559 108238
108238 91292 98559
98559 91292 108238
62211 7019 126486
7019 62211 126486
126486 7019 62211
143515 23489 108163
23489 108163 143515
108163 23489 143515
53474 9094 21786
9094 21786 53474
21786 9094 53474
42555 1894 92599
1894 42555 92599
92599 1894 42555
119616 62244 135521
135521 62244 119616
62244 119616 135521
101659 18007 75133
18007 75133 101659
75133 18007 101659
81333 29168 135533
29168 81333 135533
135533 29168 81333
18660 28220 143933
143933 18660 28220
28220 18660 143933
113953 60397 81815
81815 60397 113953
60397 81815 113953
4729 51517 97553
97553 4729 51517
51517 4729 97553
104237 82647 131883
131883 82647 104237
82647 104237 131883
138304 39180 130879
130879 39180 138304
39180 130879 138304
122753 66300 124308
66300 122753 124308
124308 66300 122753
66126 36914 133007
36914 66126 133007
133007 36914 66126
120699 30837 64316
30837 64316 120699
64316 30837 120699
36635 82726 144319
144319 36635 82726
82726 36635 144319
106689 31666 40421
31666 40421 106689
40421 31666 106689
93598 36528 66453
36528 66453 93598
66453 36528 93598
64810 57340 122701
122701 57340 64810
57340 64810 122701
52163 5855 137387
5855 52163 137387
137387 5855 52163
37771 4788 10880
4788 10880 37771
10880 4788 37771
52325 43860 107108
107108 43860 52325
43860 52325 107108
143581 90055 132095
90055 132095 143581
132095 90055 143581
96966 83513 108863
83513 96966 108863
108863 83513 96966
39313 42496 138048
42496 39313 138048
138048 39313 42496
32540 55242 126603
126603 32540 55242
55242 32540 126603
109531 24919 100187
24919 100187 109531
100187 24919 109531
82812 84486 101176
84486 82812 101176
101176 82812 84486
126169 46432 102913
102913 46432 126169
46432 102913 126169
79840 8566 66161
8566 66161 79840
66161 8566 79840
78987 30694 111077
30694 78987 111077
111077 30694 78987
45794 15680 123331
123331 15680 45794
15680 45794 123331
63178 12232 15773
12232 15773 63178
15773 12232 63178
106981 6868 90144
6868 90144 106981
90144 6868 106981
95672 44906 115692
44906 95672 115692
115692 44906 95672
15859 19941 31307
19941 15859 31307
31307 15859 19941
125349 13146 35633
13146 35633 125349
35633 13146 125349
108609 76148 116745
76148 108609 116745
116745 76148 108609
79054 17322 123091
17322 79054 123091
123091 17322 79054
86148 38740 67464
67464 38740 86148
38740 67464 86148
53806 7711 95808
7711 53806 95808
95808 7711 53806
24312 92639 128416
128416 24312 92639
92639 24312 128416
126632 19412 49358
49358 19412 126632
19412 49358 126632
10102 118278 126612
118278 10102 126612
126612 10102 118278
122316 57990 63210
63210 57990 122316
57990 63210 122316
89671 80666 140588
80666 89671 140588
140588 80666 89671
93836 60464 134431
134431 60464 93836
60464 93836 134431
68999 453 9254
453 9254 68999
9254 453 68999
113180 64313 100917
100917 64313 113180
64313 100917 113180
76958 40126 42914
40126 42914 76958
42914 40126 76958
23186 55805 106522
106522 23186 55805
55805 23186 106522
26539 6309 26299
26299 6309 26539
6309 26299 26539
133195 111889 140479
140479 111889 133195
111889 133195 140479
50421 11236 116476
116476 11236 50421
11236 50421 116476
93574 17424 149690
149690 17424 93574
17424 93574 149690
125479 25449 77976
77976 25449 125479
25449 77976 125479
67746 147097 148337
148337 67746 147097
147097 67746 148337
72555 20653 47924
20653 47924 72555
47924 20653 72555
69779 7206 149797
7206 69779 149797
149797 7206 69779
37126 108810 138491
138491 37126 108810
108810 37126 138491
57045 32269 51035
32269 51035 57045
51035 32269 57045
13192 10919 107755
10919 13192 107755
107755 10919 13192
143240 94811 103853
94811 103853 143240
103853 94811 143240
12478 83423 125900
83423 12478 125900
125900 12478 83423
79571 73201 121978
73201 79571 121978
121978 73201 79571
108194 112209 127236
127236 108194 112209
112209 108194 127236
51249 44110 106780
106780 44110 51249
44110 51249 106780
14020 22678 95109
22678 14020 95109
95109 14020 22678
74006 29091 39157
39157 29091 74006
29091 39157 74006
84670 41179 44396
41179 44396 84670
44396 41179 84670
143063 46578 140648
46578 140648 143063
140648 46578 143063
78010 94522 124453
94522 78010 124453
124453 78010 94522
130377 41497 121100
121100 41497 130377
41497 121100 130377
141142 8241 29121
29121 8241 141142
8241 29121 141142
149068 25398 129875
25398 129875 149068
129875 25398 149068
112645 70897 96204
70897 96204 112645
96204 70897 112645
46022 60377 140190
140190 46022 60377
60377 46022 140190
141412 14067 86807
86807 14067 141412
14067 86807 141412
23743 50843 129069
129069 23743 50843
50843 23743 129069
34609 70195 138051
70195 34609 138051
138051 34609 70195
35821 37073 107474
107474 35821 37073
37073 35821 107474
52332 71257 73934
71257 52332 73934
73934 52332 71257
67738 85776 143757
143757 67738 85776
85776 67738 143757
43591 58402 59112
58402 43591 59112
59112 43591 58402
45440 5544 104766
5544 45440 104766
104766 5544 45440
48120 28931 140276
140276 28931 48120
28931 48120 140276
111622 35467 90876
90876 35467 111622
35467 90876 111622
119198 66361 108735
108735 66361 119198
66361 108735 119198
38322 38768 123352
38768 38322 123352
123352 38322 38768
60597 13885 116647
13885 60597 116647
116647 13885 60597
82348 91374 111112
111112 82348 91374
91374 82348 111112
88289 40788 72202
40788 72202 88289
72202 40788 88289
28649 22375 143892
143892 22375 28649
22375 28649 143892
65506 100984 139073
139073 65506 100984
100984 65506 139073
148327 44048 72318
44048 72318 148327
72318 44048 148327
42556 30932 40120
30932 40120 42556
40120 30932 42556
2797 42457 54117
54117 2797 42457
42457 2797 54117
22571 12559 99890
12559 22571 99890
99890 12559 22571
62075 57876 62636
57876 62075 62636
62636 57876 62075
83213 22820 31085
22820 31085 83213
31085 22820 83213
86925 35514 92547
92547 35514 86925
35514 86925 92547
76693 29939 114506
114506 29939 76693
29939 76693 114506
1372 42534 54728
42534 1372 54728
54728 1372 42534
58482 19355 94392
19355 58482 94392
94392 19355 58482
6965 9950 135420
135420 6965 9950
9950 6965 135420
9456 120941 137329
120941 9456 137329
137329 9456 120941
35737 87770 111617
111617 35737 87770
87770 35737 111617
142211 57248 139018
139018 57248 142211
57248 139018 142211
132910 4947 13671
13671 4947 132910
4947 13671 132910
27070 39017 58563
58563 27070 39017
39017 27070 58563
141901 94765 117541
94765 117541 141901
117541 94765 141901
59229 57476 110810
110810 57476 59229
57476 59229 110810
130195 21423 61527
21423 61527 130195
61527 21423 130195
123034 69487 139245
139245 69487 123034
69487 123034 139245
70031 89044 95725
89044 70031 95725
95725 70031 89044
14575 136001 139616
136001 14575 139616
139616 14575 136001
105578 5754 142038
142038 5754 105578
5754 105578 142038
131074 40828 108208
40828 108208 131074
108208 40828 131074
35923 9770 74406
9770 35923 74406
74406 9770 35923
89962 10717 23730
23730 10717 89962
10717 23730 89962
8063 105210 112984
105210 8063 112984
112984 8063 105210
122707 73988 107394
73988 107394 122707
107394 73988 122707
49453 85279 85678
85279 49453 85678
85678 49453 85279
50705 61572 66434
66434 50705 61572
61572 50705 66434
35560 369 46327
369 35560 46327
46327 369 35560
30446 77597 102181
102181 30446 77597
77597 30446 102181
41704 17247 145058
145058 17247 41704
17247 41704 145058
72490 66142 89817
89817 66142 72490
66142 72490 89817
22968 75513 96235
75513 22968 96235
96235 22968 75513
32310 25531 99610
99610 25531 32310
25531 32310 99610
114708 59873 118149
118149 59873 114708
59873 114708 118149
122011 44600 125718
125718 44600 122011
44600 122011 125718
89196 102201 103109
102201 89196 103109
103109 89196 102201
106811 26599 145825
26599 106811 145825
145825 26599 106811
116645 8092 103229
103229 8092 116645
8092 103229 116645
115462 103650 131280
103650 115462 131280
131280 103650 115462
11363 107550 146678
146678 11363 107550
107550 11363 146678
132652 18102 91119
18102 91119 132652
91119 18102 132652
726 59104 126998
59104 726 126998
126998 726 59104
132601 50916 107050
50916 107050 132601
107050 50916 132601
118821 20308 57746
57746 20308 118821
20308 57746 118821
107541 125682 148541
125682 107541 148541
148541 107541 125682
119293 53455 144022
53455 119293 144022
144022 53455 119293
129951 37626 84982
37626 84982 129951
84982 37626 129951
110680 49995 53401
49995 53401 110680
53401 49995 110680
46540 9303 32484
9303 32484 46540
32484 9303 46540
111146 103920 127958
127958 103920 111146
103920 111146 127958
84623 76282 118470
118470 76282 84623
76282 84623 118470
84120 3429 6927
6927 3429 84120
3429 6927 84120
86134 75709 137592
75709 86134 137592
137592 75709 86134
75521 5704 76783
76783 5704 75521
5704 75521 76783
48152 71147 141204
71147 48152 141204
141204 48152 71147
30265 57814 135933
57814 30265 135933
135933 30265 57814
94468 118166 133309
133309 94468 118166
118166 94468 133309
143428 71978 149248
149248 71978 143428
71978 143428 149248
136540 32056 103222
103222 32056 136540
32056 103222 136540
145471 100638 120215
100638 120215 145471
120215 100638 145471
66794 37656 102116
102116 37656 66794
37656 66794 102116
29344 91394 110140
91394 29344 110140
110140 29344 91394
142266 11139 85755
11139 85755 142266
85755 11139 142266
146542 74523 103162
74523 103162 146542
103162 74523 146542
65584 26280 66564
66564 26280 65584
26280 65584 66564
112646 57342 118597
57342 112646 118597
118597 57342 112646
65719 8935 135939
8935 65719 135939
135939 8935 65719
147872 7257 52648
7257 52648 147872
52648 7257 147872
40731 7253 82159
82159 7253 40731
7253 40731 82159
35396 11867 122025
11867 35396 122025
122025 11867 35396
20931 70811 90010
90010 20931 70811
70811 20931 90010
78624 59482 70580
59482 70580 78624
70580 59482 78624
1664 87468 143583
143583 1664 87468
87468 1664 143583
101201 13570 137996
137996 13570 101201
13570 101201 137996
108717 25420 120009
25420 108717 120009
120009 25420 108717
29924 3325 98983
3325 29924 98983
98983 3325 29924
44243 122530 133193
122530 44243 133193
133193 44243 122530
9282 56519 75550
56519 9282 75550
75550 9282 56519
94282 3759 35063
3759 35063 94282
35063 3759 94282
135551 75798 139458
139458 75798 135551
75798 135551 139458
132318 50795 66353
50795 66353 132318
66353 50795 132318
64937 28207 43308
43308 28207 64937
28207 43308 64937
115733 28723 142428
142428 28723 115733
28723 115733 142428
3676 526 87759
87759 526 3676
526 3676 87759
35652 60392 73596
60392 35652 73596
73596 35652 60392
112400 14526 112204
14526 112204 112400
112204 14526 112400
21349 22700 31767
31767 21349 22700
22700 21349 31767
90142 38878 46025
38878 46025 90142
46025 38878 90142
16312 30731 93218
93218 16312 30731
30731 16312 93218
24066 59621 105640
105640 24066 59621
59621 24066 105640
72071 35654 41548
41548 35654 72071
35654 41548 72071
39669 37574 143006
143006 37574 39669
37574 39669 143006
27988 21978 65793
21978 27988 65793
65793 21978 27988
23317 59203 118505
118505 23317 59203
59203 23317 118505
51242 28021 109284
109284 28021 51242
28021 51242 109284
94100 15223 64502
15223 64502 94100
64502 15223 94100
80197 53830 58929
53830 58929 80197
58929 53830 80197
66319 82375 99090
99090 66319 82375
82375 66319 99090
128220 60105 62039
60105 62039 128220
62039 60105 128220
88035 27785 65002
65002 27785 88035
27785 65002 88035
114977 19222 103212
19222 103212 114977
103212 19222 114977
89257 25318 101585
25318 89257 101585
101585 25318 89257
101029 82140 134401
82140 101029 134401
134401 82140 101029
89412 88137 114023
114023 88137 89412
88137 89412 114023
47034 64823 105382
64823 47034 105382
105382 47034 64823
99390 45258 62447
45258 62447 99390
62447 45258 99390
58871 24914 135572
24914 58871 135572
135572 24914 58871
121908 101180 120494
120494 101180 121908
101180 120494 121908
3079 125895 137333
125895 3079 137333
137333 3079 125895
134323 24348 105970
105970 24348 134323
24348 105970 134323
63148 46881 94315
94315 46881 63148
46881 63148 94315
146269 68251 78252
68251 78252 146269
78252 68251 146269
138745 68568 140678
140678 68568 138745
68568 138745 140678
14459 55163 145067
145067 14459 55163
55163 14459 145067
87080 63072 101829
101829 63072 87080
63072 87080 101829
116822 8426 100639
100639 8426 116822
8426 100639 116822
20493 39562 100176
100176 20493 39562
39562 20493 100176
111359 119780 133189
133189 111359 119780
119780 111359 133189
35590 120987 136318
136318 35590 120987
120987 35590 136318
89379 68925 96645
68925 89379 96645
96645 68925 89379
71699 1283 91756
1283 71699 91756
91756 1283 71699
6885 34463 59433
34463 6885 59433
59433 6885 34463
48006 117381 137853
137853 48006 117381
117381 48006 137853
40315 27134 133361
133361 27134 40315
27134 40315 133361
129050 97637 138148
138148 97637 129050
97637 129050 138148
18673 41964 145506
145506 18673 41964
41964 18673 145506
94829 66071 67011
66071 67011 94829
67011 66071 94829
117425 58613 63876
63876 58613 117425
58613 63876 117425
122587 125269 148697
148697 122587 125269
125269 122587 148697
14058 7573 62910
7573 14058 62910
62910 7573 14058
61245 56640 90076
90076 56640 61245
56640 61245 90076
141349 95111 111639
111639 95111 141349
95111 111639 141349
48882 10904 74120
74120 10904 48882
10904 48882 74120
4618 80075 120419
80075 4618 120419
120419 4618 80075
27550 56639 124632
124632 27550 56639
56639 27550 124632
100802 45281 110860
110860 45281 100802
45281 100802 110860
85772 50418 126564
50418 85772 126564
126564 50418 85772
42237 102371 131826
131826 42237 102371
102371 42237 131826
33713 48667 94028
48667 33713 94028
94028 33713 48667
109619 77714 142068
142068 77714 109619
77714 109619 142068
38481 68247 79470
68247 38481 79470
79470 38481 68247
80505 8342 36423
36423 8342 80505
8342 36423 80505
143151 12907 82126
12907 82126 143151
82126 12907 143151
78197 14780 27519
27519 14780 78197
14780 27519 78197
93416 39292 120903
120903 39292 93416
39292 93416 120903
67200 146325 147026
146325 67200 147026
147026 67200 146325
88537 60033 145773
60033 88537 145773
145773 60033 88537
49042 109737 130689
130689 49042 109737
109737 49042 130689
140252 47261 59578
59578 47261 140252
47261 59578 140252
103634 459 13905
13905 459 103634
459 13905 103634
118524 51748 114745
114745 51748 118524
51748 114745 118524
139526 73666 133655
73666 133655 139526
133655 73666 139526
41406 18486 44867
44867 18486 41406
18486 41406 44867
30771 34993 36725
34993 30771 36725
36725 30771 34993
37147 41983 149384
149384 37147 41983
41983 37147 149384
15050 55133 135430
55133 15050 135430
135430 15050 55133
112712 38463 41422
38463 41422 112712
41422 38463 112712
131667 9650 77977
77977 9650 131667
9650 77977 131667
5235 107927 138701
107927 5235 138701
138701 5235 107927
70204 59193 65585
65585 59193 70204
59193 65585 70204
37241 110258 144078
110258 37241 144078
144078 37241 110258
94210 10620 10857
10857 10620 94210
10620 10857 94210
21746 87145 137748
137748 21746 87145
87145 21746 137748
91696 64209 70356
70356 64209 91696
64209 70356 91696
315 71422 88108
71422 315 88108
88108 315 71422
119714 32441 34753
32441 34753 119714
34753 32441 119714
87461 31269 41614
41614 31269 87461
31269 41614 87461
34200 95523 140941
95523 34200 140941
140941 34200 95523
12536 85066 117810
117810 12536 85066
85066 12536 117810
36594 41562 146176
146176 36594 41562
41562 36594 146176
7879 41608 56505
56505 7879 41608
41608 7879 56505
46788 62558 76355
62558 46788 76355
76355 46788 62558
22701 18987 65918
18987 22701 65918
65918 18987 22701
101589 17861 94917
94917 17861 101589
17861 94917 101589
130049 7334 44044
44044 7334 130049
7334 44044 130049
79414 36951 72585
36951 72585 79414
72585 36951 79414
25407 93792 129122
93792 25407 129122
129122 25407 93792
112316 4198 9497
4198 9497 112316
9497 4198 112316
118664 5870 98110
5870 98110 118664
98110 5870 118664
31871 10768 80333
10768 31871 80333
80333 10768 31871
38544 16740 33677
16740 33677 38544
33677 16740 38544
97176 50216 55936
50216 55936 97176
55936 50216 97176
66085 15553 137720
15553 66085 137720
137720 15553 66085
112662 29829 116629
29829 112662 116629
116629 29829 112662
11351 63403 146782
63403 11351 146782
146782 11351 63403
96603 822 13944
13944 822 96603
822 13944 96603
100223 34377 102196
102196 34377 100223
34377 100223 102196
90559 66343 92444
66343 90559 92444
92444 66343 90559
71987 83901 92058
92058 71987 83901
83901 71987 92058
38437 38514 46292
46292 38437 38514
38514 38437 46292
101640 21962 42159
21962 42159 101640
42159 21962 101640
148591 10460 105675
105675 10460 148591
10460 105675 148591
101272 19977 146084
19977 101272 146084
146084 19977 101272
91501 7340 89788
7340 89788 91501
89788 7340 91501
23144 84777 128852
128852 23144 84777
84777 23144 128852
100378 24870 146450
24870 100378 146450
146450 24870 100378
106468 1555 87321
1555 87321 106468
87321 1555 106468
80969 4186 101299
4186 80969 101299
101299 4186 80969
37213 24072 54247
24072 37213 54247
54247 24072 37213
63620 76344 149643
149643 63620 76344
76344 63620 149643
51899 60321 139995
139995 51899 60321
60321 51899 139995
114507 3436 100199
3436 100199 114507
100199 3436 114507
143354 68686 88902
68686 88902 143354
88902 68686 143354
107702 12295 50302
50302 12295 107702
12295 50302 107702
47602 11742 109975
11742 47602 109975
109975 11742 47602
97180 28331 96161
96161 28331 97180
28331 96161 97180
88338 3872 106022
3872 88338 106022
106022 3872 88338
67014 16040 96428
96428 16040 67014
16040 67014 96428
16611 81572 137226
81572 16611 137226
137226 16611 81572
116523 2197 129072
2197 116523 129072
129072 2197 116523
27791 50601 126636
50601 27791 126636
126636 27791 50601
104216 12496 58642
12496 58642 104216
58642 12496 104216
81912 71265 107918
71265 81912 107918
107918 71265 81912
72129 29133 36571
36571 29133 72129
29133 36571 72129
71203 11713 126922
11713 71203 126922
126922 11713 71203
56358 24339 102076
102076 24339 56358
24339 56358 102076
107592 117117 124377
124377 107592 117117
117117 107592 124377
83026 52713 137505
137505 52713 83026
52713 83026 137505
70859 13270 106597
13270 70859 106597
106597 13270 70859
18042 10317 53839
10317 18042 53839
53839 10317 18042
133381 48193 147720
147720 48193 133381
48193 133381 147720
84004 34989 95388
34989 84004 95388
95388 34989 84004
31885 139732 143365
139732 31885 143365
143365 31885 139732
78540 71271 111695
71271 78540 111695
111695 71271 78540
79163 91676 99807
91676 79163 99807
99807 79163 91676
87057 98735 122136
98735 87057 122136
122136 87057 98735
73552 5311 60740
5311 60740 73552
60740 5311 73552
2630 74658 89185
74658 2630 89185
89185 2630 74658
90211 57032 101489
57032 90211 101489
101489 57032 90211
92942 36887 97487
36887 92942 97487
97487 36887 92942
111397 22791 93587
22791 93587 111397
93587 22791 111397
60325 23069 26739
26739 23069 60325
23069 26739 60325
73110 68139 76890
68139 73110 76890
76890 68139 73110
114067 64035 68035
64035 68035 114067
68035 64035 114067
81785 27683 47961
27683 47961 81785
47961 27683 81785
76732 104090 118922
104090 76732 118922
118922 76732 104090
90815 136545 142172
136545 90815 142172
142172 90815 136545
133254 26448 28738
28738 26448 133254
26448 28738 133254
43930 2153 129041
129041 2153 43930
2153 43930 129041
104951 88139 124258
124258 88139 104951
88139 104951 124258
14730 2719 38443
2719 14730 38443
38443 2719 14730
21696 17254 38411
38411 17254 21696
17254 21696 38411
143257 17352 128427
17352 128427 143257
128427 17352 143257
120890 54916 80550
80550 54916 120890
54916 80550 120890
132321 40270 53019
40270 53019 132321
53019 40270 132321
110374 69569 106451
106451 69569 110374
69569 106451 110374
134789 18586 132163
132163 18586 134789
18586 132163 134789
70856 60391 83917
83917 60391 70856
60391 70856 83917
59245 47331 125813
125813 47331 59245
47331 59245 125813
143874 26984 88033
26984 88033 143874
88033 26984 143874
119188 6932 103318
103318 6932 119188
6932 103318 119188
111972 57908 127247
127247 57908 111972
57908 111972 127247
109324 109707 140569
140569 109324 109707
109707 109324 140569
57922 17729 19789
17729 19789 57922
19789 17729 57922
34599 12616 19435
19435 12616 34599
12616 19435 34599
78419 122521 126819
126819 78419 122521
122521 78419 126819
81623 38341 85750
85750 38341 81623
38341 81623 85750
115866 108846 148318
148318 108846 115866
108846 115866 148318
115227 7831 46442
7831 46442 115227
46442 7831 115227
142918 77008 134098
134098 77008 142918
77008 134098 142918
40898 76654 130738
130738 40898 76654
76654 40898 130738
68892 66541 117020
66541 68892 117020
117020 66541 68892
140812 45623 123312
45623 123312 140812
123312 45623 140812
31341 6416 49847
49847 6416 31341
6416 31341 49847
51440 5473 57102
5473 51440 57102
57102 5473 51440
1157 54022 126719
54022 1157 126719
126719 1157 54022
145261 53687 122559
122559 53687 145261
53687 122559 145261
35455 30810 109303
30810 35455 109303
109303 30810 35455
761 47339 113010
47339 761 113010
113010 761 47339
140464 71369 145304
145304 71369 140464
71369 140464 145304
147661 44560 97849
44560 97849 147661
97849 44560 147661
13645 42993 130140
130140 13645 42993
42993 13645 130140
81806 48581 75953
75953 48581 81806
48581 75953 81806
130285 33119 91840
33119 91840 130285
91840 33119 130285
5653 3081 19876
19876 3081 5653
3081 5653 19876
141453 21743 31549
21743 31549 141453
31549 21743 141453
75756 59119 116242
116242 59119 75756
59119 75756 116242
88104 11430 30686
30686 11430 88104
11430 30686 88104
104682 67284 74035
67284 74035 104682
74035 67284 104682
95466 28955 131629
131629 28955 95466
28955 95466 131629
126323 51681 148185
51681 126323 148185
148185 51681 126323
702 74517 75726
75726 702 74517
74517 702 75726
126813 110167 138617
110167 126813 138617
138617 110167 126813
104000 104654 145527
104654 104000 145527
145527 104000 104654
181 39181 129155
39181 181 129155
129155 181 39181
128113 17863 35933
17863 35933 128113
35933 17863 128113
41493 47814 74678
74678 41493 47814
47814 41493 74678
118467 77151 128256
128256 77151 118467
77151 118467 128256
120450 8351 23240
8351 23240 120450
23240 8351 120450
29014 53367 119145
53367 29014 119145
119145 29014 53367
96992 9563 40832
9563 40832 96992
40832 9563 96992
41727 28835 58407
58407 28835 41727
28835 41727 58407
80509 95987 99863
95987 80509 99863
99863 80509 95987
36492 18358 139285
18358 36492 139285
139285 18358 36492
113984 33085 134902
134902 33085 113984
33085 113984 134902
89891 50896 83809
50896 83809 89891
83809 50896 89891
18304 31831 123785
123785 18304 31831
31831 18304 123785
94281 13054 111755
111755 13054 94281
13054 94281 111755
59262 109879 130087
130087 59262 109879
109879 59262 130087
79672 143917 148909
143917 79672 148909
148909 79672 143917
37104 26374 56975
56975 26374 37104
26374 37104 56975
143181 98332 135718
135718 98332 143181
98332 135718 143181
87384 31492 69421
69421 31492 87384
31492 69421 87384
90536 48981 116156
48981 90536 116156
116156 48981 90536
100498 11021 112912
11021 100498 112912
112912 11021 100498
46837 29299 58266
29299 46837 58266
58266 29299 46837
48409 78283 130949
130949 48409 78283
78283 48409 130949
135388 3306 10256
3306 10256 135388
10256 3306 135388
142545 43078 101410
43078 101410 142545
101410 43078 142545
37550 33805 45700
45700 33805 37550
33805 37550 45700
148603 46254 64391
46254 64391 148603
64391 46254 148603
29111 97225 133895
97225 29111 133895
133895 29111 97225
7501 47423 104372
104372 7501 47423
47423 7501 104372
68438 28039 124028
28039 68438 124028
124028 28039 68438
134426 80362 133203
133203 80362 134426
80362 133203 134426
10592 82665 100952
82665 10592 100952
100952 10592 82665
97609 47806 104634
104634 47806 97609
47806 97609 104634
44483 26597 123707
26597 44483 123707
123707 26597 44483
66840 10433 110199
10433 66840 110199
110199 10433 66840
115978 36561 145940
145940 36561 115978
36561 115978 145940
109632 37976 116758
37976 109632 116758
116758 37976 109632
49341 7040 88018
7040 49341 88018
88018 7040 49341
49994 55834 76626
55834 49994 76626
76626 49994 55834
24751 25990 96421
25990 24751 96421
96421 24751 25990
76857 51573 70707
70707 51573 76857
51573 70707 76857
61298 24570 148399
148399 24570 61298
24570 61298 148399
124894 73578 117110
73578 117110 124894
117110 73578 124894
38338 29697 73063
29697 38338 73063
73063 29697 38338
43319 15949 27851
15949 27851 43319
27851 15949 43319
51809 26438 37107
37107 26438 51809
26438 37107 51809
131447 24112 55296
55296 24112 131447
24112 55296 131447
1322 22888 86249
86249 1322 22888
22888 1322 86249
69596 72163 73714
72163 69596 73714
73714 69596 72163
50483 31370 95126
31370 50483 95126
95126 31370 50483
133435 33424 124954
33424 124954 133435
124954 33424 133435
1435 2870 146243
2870 1435 146243
146243 1435 2870
114401 24293 84919
84919 24293 114401
24293 84919 114401
61283 55101 134897
55101 61283 134897
134897 55101 61283
54430 23543 36622
36622 23543 54430
23543 36622 54430
109106 9174 86469
86469 9174 109106
9174 86469 109106
136847 23283 142856
142856 23283 136847
23283 136847 142856
143441 24367 104717
24367 104717 143441
104717 24367 143441
29745 20864 104677
104677 20864 29745
20864 29745 104677
102772 40738 146013
146013 40738 102772
40738 102772 146013
27161 51021 148212
51021 27161 148212
148212 27161 51021
69890 84863 125050
125050 69890 84863
84863 69890 125050
73419 26892 128582
128582 26892 73419
26892 73419 128582
122252 23698 29760
23698 29760 122252
29760 23698 122252
7203 2209 114755
2209 7203 114755
114755 2209 7203
139312 104760 114376
114376 104760 139312
104760 114376 139312
37639 26831 42216
42216 26831 37639
26831 37639 42216
76824 99345 118751
118751 76824 99345
99345 76824 118751
145505 6405 61437
61437 6405 145505
6405 61437 145505
25777 68030 96696
