166 120 1063
120 166 1063
1063 120 166
198 1160 1276
1160 198 1276
1276 198 1160
877 157 941
157 877 941
941 157 877
219 753 807
807 219 753
753 219 807
1332 776 1174
1174 776 1332
776 1174 1332
704 397 1314
1314 397 704
397 704 1314
679 977 1404
1404 679 977
977 679 1404
1478 217 820
217 820 1478
820 217 1478
1493 561 1362
561 1362 1493
1362 561 1493
1434 284 569
569 284 1434
284 569 1434
1400 1150 1489
1489 1150 1400
1150 1400 1489
413 363 1155
363 413 1155
1155 363 413
278 398 898
898 278 398
398 278 898
598 140 618
140 598 618
618 140 598
1336 203 225
203 225 1336
225 203 1336
1360 731 1226
1226 731 1360
731 1226 1360
902 326 536
536 326 902
326 536 902
434 550 1398
550 434 1398
1398 434 550
748 992 1366
992 748 1366
1366 748 992
511 110 1126
110 511 1126
1126 110 511
108 84 1083
84 108 1083
1083 84 108
974 386 1049
1049 386 974
386 974 1049
204 1208 1369
1208 204 1369
1369 204 1208
1301 224 1162
1162 224 1301
224 1162 1301
627 39 168
168 39 627
39 168 627
1115 280 400
280 400 1115
400 280 1115
399 850 1234
1234 399 850
850 399 1234
655 654 969
654 655 969
969 654 655
7 82 1451
82 7 1451
1451 7 82
693 548 1339
548 693 1339
1339 548 693
118 482 1422
482 118 1422
1422 118 482
1345 599 818
818 599 1345
599 818 1345
500 349 453
349 453 500
453 349 500
1399 330 1396
330 1396 1399
1396 330 1399
1284 685 980
685 980 1284
980 685 1284
1058 629 1386
1386 629 1058
629 1058 1386
341 830 1038
1038 341 830
830 341 1038
652 175 391
175 391 652
391 175 652
997 672 1089
672 997 1089
1089 672 997
1465 155 860
155 860 1465
860 155 1465
32 427 959
427 32 959
959 32 427
438 541 600
600 438 541
541 438 600
348 154 1010
154 348 1010
1010 154 348
1069 603 706
603 706 1069
706 603 1069
1012 632 1017
632 1012 1017
1017 632 1012
171 273 816
816 171 273
273 171 816
1440 269 822
269 822 1440
822 269 1440
801 262 1151
1151 262 801
262 801 1151
560 263 1307
1307 263 560
263 560 1307
695 961 1348
1348 695 961
961 695 1348
290 79 746
79 290 746
746 79 290
27 681 1182
1182 27 681
681 27 1182
64 1218 1405
1218 64 1405
1405 64 1218
553 582 947
947 553 582
582 553 947
530 122 332
122 332 530
332 122 530
1358 276 927
276 927 1358
927 276 1358
699 19 254
19 254 699
254 19 699
1212 378 1072
378 1072 1212
1072 378 1212
1102 215 1109
1109 215 1102
215 1102 1109
350 949 1171
1171 350 949
949 350 1171
740 188 508
188 508 740
508 188 740
518 736 1326
1326 518 736
736 518 1326
924 68 1389
68 924 1389
1389 68 924
1368 845 1199
845 1199 1368
1199 845 1368
777 307 1203
307 777 1203
1203 307 777
1229 661 982
982 661 1229
661 982 1229
1098 147 1485
1485 147 1098
147 1098 1485
517 581 1030
581 517 1030
1030 517 581
848 645 971
971 645 848
645 848 971
1316 298 920
298 920 1316
920 298 1316
853 113 1298
1298 113 853
113 853 1298
1144 664 1256
1256 664 1144
664 1144 1256
1053 187 595
595 187 1053
187 595 1053
1125 66 484
484 66 1125
66 484 1125
638 456 1011
1011 456 638
456 638 1011
726 229 1372
229 726 1372
1372 229 726
1065 61 178
61 178 1065
178 61 1065
367 223 1341
1341 223 367
223 367 1341
176 1239 1288
1288 176 1239
1239 176 1288
312 510 1375
510 312 1375
1375 312 510
1 1202 1241
1202 1 1241
1241 1 1202
375 624 880
880 375 624
624 375 880
622 123 525
525 123 622
123 525 622
354 358 1475
358 354 1475
1475 354 358
1201 228 842
842 228 1201
228 842 1201
414 226 467
467 226 414
226 414 467
1184 583 1228
1228 583 1184
583 1184 1228
612 719 1036
719 612 1036
1036 612 719
1439 287 528
287 528 1439
528 287 1439
1247 275 1124
275 1124 1247
1124 275 1247
360 345 663
345 360 663
663 345 360
1191 194 1411
194 1191 1411
1411 194 1191
1448 886 1123
886 1123 1448
1123 886 1448
1025 355 1497
355 1025 1497
1497 355 1025
134 389 492
492 134 389
389 134 492
148 835 1067
1067 148 835
835 148 1067
754 455 514
455 514 754
514 455 754
782 1060 1311
1060 782 1311
1311 782 1060
547 682 1299
1299 547 682
682 547 1299
1236 340 564
340 564 1236
564 340 1236
45 825 1146
825 45 1146
1146 45 825
221 232 1394
232 221 1394
1394 221 232
614 160 1196
160 614 1196
1196 160 614
421 503 890
503 421 890
890 421 503
623 12 243
12 243 623
243 12 623
542 760 917
760 542 917
917 542 760
1082 429 552
429 552 1082
552 429 1082
763 1062 1327
1327 763 1062
1062 763 1327
1140 302 1317
1317 302 1140
302 1140 1317
1173 231 891
231 891 1173
891 231 1173
1266 649 784
649 784 1266
784 649 1266
1195 181 1453
181 1195 1453
1453 181 1195
1438 1220 1357
1357 1220 1438
1220 1357 1438
184 257 824
257 184 824
824 184 257
249 544 1430
1430 249 544
544 249 1430
737 374 409
409 374 737
374 409 737
277 762 892
762 277 892
892 277 762
237 301 1046
1046 237 301
301 237 1046
293 589 1166
589 293 1166
1166 293 589
865 843 1263
1263 843 865
843 865 1263
1277 714 1227
714 1227 1277
1227 714 1277
1235 788 1048
788 1048 1235
1048 788 1235
14 69 634
634 14 69
69 14 634
819 1004 1454
1004 819 1454
1454 819 1004
939 80 314
80 314 939
314 80 939
369 15 1412
15 369 1412
1412 15 369
752 288 477
477 288 752
288 477 752
596 212 1033
212 596 1033
1033 212 596
630 516 1481
516 630 1481
1481 516 630
202 52 810
52 202 810
810 52 202
675 533 852
533 675 852
852 533 675
1476 499 795
499 795 1476
795 499 1476
1283 837 1086
837 1086 1283
1086 837 1283
571 351 698
698 351 571
351 571 698
115 840 1207
840 115 1207
1207 115 840
292 343 1054
1054 292 343
343 292 1054
836 126 519
519 126 836
126 519 836
613 37 1424
1424 37 613
37 613 1424
161 325 1285
325 161 1285
1285 161 325
851 17 1289
1289 17 851
17 851 1289
1287 1068 1335
1068 1287 1335
1335 1068 1287
309 4 739
739 4 309
4 309 739
240 1015 1384
1015 240 1384
1384 240 1015
239 1231 1324
1231 239 1324
1324 239 1231
1264 318 1192
1192 318 1264
318 1192 1264
441 703 985
703 441 985
985 441 703
786 335 1190
1190 335 786
335 786 1190
211 534 1013
1013 211 534
534 211 1013
1073 1019 1310
1310 1019 1073
1019 1073 1310
790 260 1233
260 790 1233
1233 260 790
808 22 1022
22 808 1022
1022 22 808
1352 610 1185
1185 610 1352
610 1185 1352
1338 700 1432
1432 700 1338
700 1338 1432
448 300 694
694 300 448
300 448 694
984 1077 1178
1077 984 1178
1178 984 1077
415 141 723
723 141 415
141 415 723
767 21 111
111 21 767
21 111 767
213 802 1492
802 213 1492
1492 213 802
609 255 537
255 537 609
537 255 609
882 271 814
271 814 882
814 271 882
266 436 1300
436 266 1300
1300 266 436
366 252 1374
1374 252 366
252 366 1374
502 133 272
133 272 502
272 133 502
116 465 480
465 116 480
480 116 465
13 74 420
420 13 74
74 13 420
901 509 513
513 509 901
509 513 901
1381 1344 1431
1344 1381 1431
1431 1344 1381
827 1113 1131
1131 827 1113
1113 827 1131
77 1148 1181
1148 77 1181
1181 77 1148
978 538 1105
538 978 1105
1105 538 978
883 1112 1351
1112 883 1351
1351 883 1112
1243 955 987
987 955 1243
955 987 1243
1337 1028 1333
1028 1333 1337
1333 1028 1337
1258 368 928
368 928 1258
928 368 1258
449 244 574
574 244 449
244 449 574
702 889 1095
889 702 1095
1095 702 889
1262 137 460
460 137 1262
137 460 1262
815 233 297
233 297 815
297 233 815
954 452 1216
1216 452 954
452 954 1216
163 473 1057
473 163 1057
1057 163 473
1265 6 701
701 6 1265
6 701 1265
235 497 1385
1385 235 497
497 235 1385
832 282 964
282 832 964
964 282 832
904 242 691
242 691 904
691 242 904
896 447 1088
1088 447 896
447 896 1088
594 403 1365
1365 403 594
403 594 1365
705 908 1270
908 705 1270
1270 705 908
529 365 1355
1355 365 529
365 529 1355
107 172 979
172 107 979
979 107 172
1461 472 981
981 472 1461
472 981 1461
725 504 923
923 504 725
504 725 923
665 689 861
689 665 861
861 665 689
34 444 459
444 34 459
459 34 444
742 261 526
261 526 742
526 261 742
1401 919 1132
1132 919 1401
919 1132 1401
1482 592 1032
1032 592 1482
592 1032 1482
683 185 1306
185 683 1306
1306 185 683
1156 130 912
912 130 1156
130 912 1156
146 515 616
515 146 616
616 146 515
869 76 305
76 305 869
305 76 869
1175 190 1197
190 1175 1197
1197 190 1175
1472 114 839
114 839 1472
839 114 1472
1008 339 857
339 857 1008
857 339 1008
716 383 1093
1093 383 716
383 716 1093
384 112 1104
112 384 1104
1104 112 384
1183 353 1188
1188 353 1183
353 1183 1188
973 236 1158
1158 236 973
236 973 1158
106 462 1179
1179 106 462
462 106 1179
192 868 1320
868 192 1320
1320 192 868
1000 328 1393
328 1000 1393
1393 328 1000
1092 929 1080
929 1080 1092
1080 929 1092
626 729 990
729 626 990
990 626 729
164 588 874
588 164 874
874 164 588
103 1194 1377
1377 103 1194
1194 103 1377
707 72 989
989 72 707
72 707 989
1122 780 1459
780 1122 1459
1459 780 1122
488 464 809
809 464 488
464 488 809
423 195 1272
195 423 1272
1272 195 423
944 673 1242
673 944 1242
1242 673 944
1135 230 1232
1232 230 1135
230 1135 1232
792 579 963
963 579 792
579 792 963
315 246 404
404 246 315
246 315 404
1356 408 1147
1147 408 1356
408 1147 1356
684 1037 1040
1037 684 1040
1040 684 1037
127 1350 1376
1376 127 1350
1350 127 1376
256 953 1107
1107 256 953
953 256 1107
99 991 1353
991 99 1353
1353 99 991
523 324 799
799 324 523
324 523 799
159 697 1410
697 159 1410
1410 159 697
1343 925 1442
925 1343 1442
1442 925 1343
149 47 520
47 149 520
520 47 149
209 768 1111
768 209 1111
1111 209 768
1315 41 647
647 41 1315
41 647 1315
1387 3 1261
1261 3 1387
3 1261 1387
1435 179 1198
1198 179 1435
179 1198 1435
75 490 1471
1471 75 490
490 75 1471
1488 94 1370
1370 94 1488
94 1370 1488
732 604 1163
1163 604 732
604 732 1163
789 696 1458
1458 696 789
696 789 1458
1214 370 1291
370 1214 1291
1291 370 1214
167 310 956
956 167 310
310 167 956
435 152 424
152 424 435
424 152 435
796 471 1414
471 796 1414
1414 471 796
849 1087 1415
1415 849 1087
1087 849 1415
454 35 1259
35 454 1259
1259 35 454
425 450 1170
1170 425 450
450 425 1170
1325 711 900
711 900 1325
900 711 1325
885 512 932
932 512 885
512 885 932
948 145 493
145 493 948
493 145 948
715 803 1282
803 715 1282
1282 715 803
344 937 1464
1464 344 937
937 344 1464
197 966 1273
1273 197 966
966 197 1273
781 524 1097
1097 524 781
524 781 1097
1041 169 1052
1052 169 1041
169 1041 1052
270 643 1024
643 270 1024
1024 270 643
1230 170 362
170 362 1230
362 170 1230
1423 18 976
18 976 1423
976 18 1423
741 1134 1296
1134 741 1296
1296 741 1134
1204 311 945
945 311 1204
311 945 1204
457 57 1449
1449 57 457
57 457 1449
206 686 769
686 206 769
769 206 686
855 771 1248
1248 771 855
771 855 1248
858 659 999
659 858 999
999 659 858
196 299 658
658 196 299
299 196 658
91 101 1130
1130 91 101
101 91 1130
847 1009 1240
1009 847 1240
1240 847 1009
841 806 936
936 806 841
806 841 936
258 55 317
55 258 317
317 55 258
656 28 1193
1193 28 656
28 656 1193
591 417 907
907 417 591
417 591 907
1441 1281 1406
1406 1281 1441
1281 1406 1441
962 422 1378
1378 422 962
422 962 1378
1141 119 1305
1305 119 1141
119 1141 1305
1319 333 376
376 333 1319
333 376 1319
1061 1002 1059
1002 1059 1061
1059 1002 1061
1079 640 1469
1469 640 1079
640 1079 1469
906 834 909
909 834 906
834 906 909
619 88 738
88 619 738
738 88 619
1253 218 611
611 218 1253
218 611 1253
1246 377 1074
377 1074 1246
1074 377 1246
1180 1363 1395
1395 1180 1363
1363 1180 1395
507 531 586
586 507 531
531 507 586
268 475 674
475 268 674
674 268 475
481 556 778
778 481 556
556 481 778
566 545 735
545 566 735
735 545 566
1309 9 352
9 352 1309
352 9 1309
234 138 1070
1070 138 234
138 234 1070
986 895 1436
1436 895 986
895 986 1436
189 1026 1127
1026 189 1127
1127 189 1026
439 870 1413
1413 439 870
870 439 1413
1452 476 903
903 476 1452
476 903 1452
1224 38 1034
1034 38 1224
38 1034 1224
1278 313 1138
1138 313 1278
313 1138 1278
1331 644 1294
644 1294 1331
1294 644 1331
585 878 1303
1303 585 878
878 585 1303
554 774 1330
1330 554 774
774 554 1330
1279 765 1129
765 1129 1279
1129 765 1279
44 136 1252
1252 44 136
136 44 1252
470 73 642
73 470 642
642 73 470
1165 124 1484
1484 124 1165
124 1165 1484
51 11 445
11 51 445
445 11 51
1168 888 1044
888 1044 1168
1044 888 1168
285 657 794
657 285 794
794 285 657
1035 844 1075
844 1035 1075
1075 844 1035
62 97 606
97 62 606
606 62 97
863 393 667
667 393 863
393 667 863
648 713 1177
1177 648 713
713 648 1177
20 174 1388
174 20 1388
1388 20 174
1354 241 1244
241 1244 1354
1244 241 1354
1328 479 1500
479 1328 1500
1500 479 1328
676 412 607
412 607 676
607 412 676
474 54 125
125 54 474
54 125 474
248 558 1210
558 248 1210
1210 248 558
58 565 1329
565 58 1329
1329 58 565
785 797 1223
1223 785 797
797 785 1223
1433 522 910
910 522 1433
522 910 1433
323 337 568
568 323 337
337 323 568
1426 1071 1490
1071 1426 1490
1490 1071 1426
251 605 1269
605 251 1269
1269 251 605
483 59 733
59 483 733
733 59 483
1487 220 1383
220 1383 1487
1383 220 1487
833 1042 1186
1186 833 1042
1042 833 1186
730 821 1444
821 730 1444
1444 730 821
940 286 357
357 286 940
286 357 940
758 577 1020
577 758 1020
1020 577 758
16 1047 1205
1047 16 1205
1205 16 1047
1001 92 1409
1409 92 1001
92 1001 1409
1245 380 899
380 899 1245
899 380 1245
745 625 712
712 625 745
625 712 745
744 718 1477
718 744 1477
1477 718 744
10 1446 1496
1446 10 1496
1496 10 1446
680 631 635
635 631 680
631 635 680
846 49 1094
1094 49 846
49 846 1094
905 587 1096
1096 587 905
587 905 1096
303 994 1114
1114 303 994
994 303 1114
1498 322 1018
322 1018 1498
1018 322 1498
1237 8 334
8 334 1237
334 8 1237
972 173 281
281 173 972
173 281 972
866 709 1437
709 866 1437
1437 709 866
856 25 747
25 747 856
747 25 856
1408 489 1373
1373 489 1408
489 1373 1408
1340 304 1342
304 1340 1342
1342 304 1340
864 539 1222
1222 539 864
539 864 1222
1064 71 327
71 327 1064
327 71 1064
1133 30 1416
1416 30 1133
30 1133 1416
165 873 1023
873 165 1023
1023 165 873
551 812 1007
812 551 1007
1007 551 812
150 666 749
666 150 749
749 150 666
1447 1100 1121
1121 1100 1447
1100 1121 1447
33 331 1359
331 33 1359
1359 33 331
26 791 1486
1486 26 791
791 26 1486
1076 316 755
316 755 1076
755 316 1076
1045 180 294
180 294 1045
294 180 1045
1466 387 1101
1101 387 1466
387 1101 1466
938 440 1031
1031 440 938
440 938 1031
615 401 1055
1055 401 615
401 615 1055
951 996 1450
996 951 1450
1450 951 996
660 390 549
390 549 660
549 390 660
63 199 914
199 63 914
914 63 199
602 817 1364
817 602 1364
1364 602 817
222 371 1103
371 222 1103
1103 222 371
1145 247 1292
1292 247 1145
247 1145 1292
721 521 1003
1003 521 721
521 721 1003
207 105 935
105 207 935
935 105 207
915 943 1085
1085 915 943
943 915 1085
787 364 573
573 364 787
364 573 787
1346 342 433
342 433 1346
433 342 1346
1014 86 662
662 86 1014
86 662 1014
772 854 1120
854 772 1120
1120 772 854
575 756 757
756 575 757
757 575 756
946 875 1455
1455 875 946
875 946 1455
563 43 104
104 43 563
43 104 563
361 466 1251
1251 361 466
466 361 1251
329 931 1392
931 329 1392
1392 329 931
975 23 505
23 505 975
505 23 975
1209 463 913
463 913 1209
913 463 1209
1318 320 491
320 491 1318
491 320 1318
1275 1118 1139
1139 1118 1275
1118 1139 1275
952 1164 1267
1267 952 1164
1164 952 1267
162 1321 1462
1462 162 1321
1321 162 1462
1005 633 671
633 671 1005
671 633 1005
46 31 584
31 46 584
584 31 46
359 478 838
478 359 838
838 359 478
495 156 1297
1297 156 495
156 495 1297
779 1090 1456
1456 779 1090
1090 779 1456
783 385 1081
1081 385 783
385 783 1081
356 29 653
653 29 356
29 356 653
761 306 1217
1217 306 761
306 761 1217
65 597 1382
1382 65 597
597 65 1382
897 428 1206
428 897 1206
1206 428 897
1050 132 988
132 988 1050
988 132 1050
639 1167 1463
1167 639 1463
1463 639 1167
151 1099 1421
1099 151 1421
1421 151 1099
546 93 205
205 93 546
93 205 546
1268 918 967
918 967 1268
967 918 1268
1445 238 506
238 506 1445
506 238 1445
1219 406 1117
406 1117 1219
1117 406 1219
1187 443 688
443 688 1187
688 443 1187
131 158 576
576 131 158
158 131 576
871 727 1420
1420 727 871
727 871 1420
1495 862 1084
862 1084 1495
1084 862 1495
395 650 1379
1379 395 650
650 395 1379
893 567 1302
567 893 1302
1302 567 893
201 793 933
933 201 793
793 201 933
139 40 770
40 139 770
770 40 139
930 527 1106
1106 527 930
527 930 1106
678 572 1304
1304 572 678
572 678 1304
1221 347 437
347 437 1221
437 347 1221
501 295 1347
1347 295 501
295 501 1347
1066 102 620
102 620 1066
620 102 1066
1108 764 1142
1142 764 1108
764 1108 1142
872 983 1200
1200 872 983
983 872 1200
24 259 1429
259 24 1429
1429 24 259
1238 78 1483
1483 78 1238
78 1238 1483
710 291 580
580 291 710
291 580 710
970 216 641
641 216 970
216 641 970
743 245 1391
245 743 1391
1391 245 743
36 265 669
265 36 669
669 36 265
826 153 191
191 153 826
153 191 826
1157 1043 1470
1043 1157 1470
1470 1043 1157
867 431 1403
1403 431 867
431 867 1403
751 570 1027
570 751 1027
1027 570 751
42 651 1225
651 42 1225
1225 42 651
1474 766 958
766 958 1474
958 766 1474
1051 183 1128
1128 183 1051
183 1051 1128
1110 750 1154
1154 750 1110
750 1110 1154
98 759 1467
759 98 1467
1467 98 759
1250 208 1334
1334 208 1250
208 1250 1334
56 1249 1494
1494 56 1249
1249 56 1494
382 50 487
487 50 382
50 382 487
677 60 690
60 677 690
690 60 677
129 559 722
722 129 559
559 129 722
804 379 1016
379 804 1016
1016 379 804
859 993 1390
1390 859 993
993 859 1390
144 894 957
957 144 894
894 144 957
442 1308 1419
1419 442 1308
1308 442 1419
942 81 458
81 458 942
458 81 942
336 805 1371
1371 336 805
805 336 1371
1039 372 922
372 922 1039
922 372 1039
419 319 1152
319 419 1152
1152 319 419
1056 884 1153
884 1056 1153
1153 884 1056
1468 734 1312
1312 734 1468
734 1312 1468
1159 85 601
85 601 1159
601 85 1159
1149 717 1176
717 1149 1176
1176 717 1149
628 1361 1417
1417 628 1361
1361 628 1417
70 887 1443
887 70 1443
1443 70 887
48 410 608
608 48 410
410 48 608
496 621 965
621 496 965
965 496 621
1407 186 1473
186 1407 1473
1473 186 1407
426 405 494
494 405 426
405 426 494
532 798 934
798 532 934
934 532 798
407 117 1280
1280 117 407
117 407 1280
498 394 829
829 394 498
394 498 829
1271 274 831
831 274 1271
274 831 1271
1460 388 396
396 388 1460
388 396 1460
1172 143 1006
1006 143 1172
143 1006 1172
813 279 1479
279 813 1479
1479 279 813
210 338 1169
338 210 1169
1169 210 338
811 646 926
646 811 926
926 646 811
687 451 1257
451 687 1257
1257 451 687
1286 402 950
402 950 1286
950 402 1286
2 879 1349
1349 2 879
879 2 1349
1213 264 1091
264 1091 1213
1091 264 1213
1211 485 1293
485 1211 1293
1293 485 1211
1143 135 321
321 135 1143
135 321 1143
1021 720 876
720 876 1021
876 720 1021
1367 636 1397
636 1367 1397
1397 636 1367
182 89 1255
1255 89 182
89 182 1255
1313 392 911
392 911 1313
911 392 1313
1119 461 724
461 724 1119
724 461 1119
593 283 692
283 593 692
692 283 593
1078 668 773
773 668 1078
668 773 1078
416 227 1322
227 416 1322
1322 227 416
95 708 968
968 95 708
708 95 968
87 432 1290
432 87 1290
1290 87 432
308 881 995
881 308 995
995 308 881
1189 5 1136
1136 5 1189
5 1136 1189
100 177 1116
177 100 1116
1116 100 177
1428 53 1425
1425 53 1428
53 1425 1428
578 128 1215
128 578 1215
1215 128 578
1402 346 1427
346 1402 1427
1427 346 1402
637 193 446
193 446 637
446 193 637
418 468 540
540 418 468
468 418 540
775 96 555
555 96 775
96 555 775
670 430 1029
430 670 1029
1029 430 670
590 289 1295
1295 289 590
289 590 1295
543 823 1254
1254 543 823
823 543 1254
469 267 1260
1260 267 469
267 469 1260
557 1418 1480
1418 557 1480
1480 557 1418
1380 373 1499
1499 373 1380
373 1380 1499
535 562 1323
562 535 1323
1323 535 562
83 200 921
200 83 921
921 83 200
1491 142 1161
142 1161 1491
1161 142 1491
916 121 1137
1137 121 916
121 916 1137
828 67 109
67 109 828
109 67 828
253 214 1457
1457 214 253
214 253 1457
296 90 800
800 90 296
90 296 800
1274 250 486
486 250 1274
250 486 1274
381 411 617
411 381 617
617 381 411
728 960 998
998 728 960
960 728 998
