14816 39763 133219
39763 14816 133219
133219 14816 39763
42683 30623 118342
118342 30623 42683
30623 42683 118342
115921 125096 138958
125096 115921 138958
138958 115921 125096
128363 51043 66037
51043 66037 128363
66037 51043 128363
29625 66951 124550
124550 29625 66951
66951 29625 124550
138764 72838 93055
93055 72838 138764
72838 93055 138764
54736 42251 72724
72724 42251 54736
42251 54736 72724
60890 17306 38706
17306 38706 60890
38706 17306 60890
70438 34118 59342
59342 34118 70438
34118 59342 70438
134344 56343 84422
56343 84422 134344
84422 56343 134344
116610 18699 110984
110984 18699 116610
18699 110984 116610
44625 49070 122927
49070 44625 122927
122927 44625 49070
5676 83075 116008
83075 5676 116008
116008 5676 83075
40366 39479 54393
39479 40366 54393
54393 39479 40366
95081 126656 140303
126656 95081 140303
140303 95081 126656
42108 25844 69201
25844 42108 69201
69201 25844 42108
131045 23909 73262
23909 73262 131045
73262 23909 131045
21182 9878 81882
9878 21182 81882
81882 9878 21182
75701 102989 127930
102989 75701 127930
127930 75701 102989
16639 83289 129057
83289 16639 129057
129057 16639 83289
12183 101434 147377
147377 12183 101434
101434 12183 147377
6926 63881 111511
111511 6926 63881
63881 6926 111511
120763 7022 60649
7022 60649 120763
60649 7022 120763
2903 80503 111574
111574 2903 80503
80503 2903 111574
92484 31465 146926
31465 92484 146926
146926 31465 92484
108069 118577 134031
134031 108069 118577
118577 108069 134031
4407 138713 139209
139209 4407 138713
138713 4407 139209
99381 43471 81812
81812 43471 99381
43471 81812 99381
105004 75781 119288
75781 105004 119288
119288 75781 105004
76157 100713 102862
102862 76157 100713
100713 76157 102862
66326 75870 129123
75870 66326 129123
129123 66326 75870
8979 48176 129700
129700 8979 48176
48176 8979 129700
49419 11979 80182
11979 49419 80182
80182 11979 49419
24483 62406 92840
92840 24483 62406
62406 24483 92840
148436 7342 56846
7342 56846 148436
56846 7342 148436
17832 49178 125770
125770 17832 49178
49178 17832 125770
135229 10145 51712
51712 10145 135229
10145 51712 135229
99568 15161 40812
15161 40812 99568
40812 15161 99568
25437 60365 61499
60365 25437 61499
61499 25437 60365
39951 58749 78934
58749 39951 78934
78934 39951 58749
38877 63727 143902
143902 38877 63727
63727 38877 143902
133287 93595 117782
117782 93595 133287
93595 117782 133287
100026 15268 60928
60928 15268 100026
15268 60928 100026
114837 78739 93845
93845 78739 114837
78739 93845 114837
131233 435 5321
435 5321 131233
5321 435 131233
77976 31471 41735
41735 31471 77976
31471 41735 77976
86912 36853 125357
125357 36853 86912
36853 86912 125357
8139 35578 79909
35578 8139 79909
79909 8139 35578
139987 3752 135956
135956 3752 139987
3752 135956 139987
2439 27811 140406
27811 2439 140406
140406 2439 27811
120783 54671 85420
85420 54671 120783
54671 85420 120783
97718 5920 10230
5920 10230 97718
10230 5920 97718
30208 66062 66726
66726 30208 66062
66062 30208 66726
28133 36746 52345
52345 28133 36746
36746 28133 52345
109292 52139 79619
79619 52139 109292
52139 79619 109292
59654 39677 125880
125880 39677 59654
39677 59654 125880
108797 54647 105413
105413 54647 108797
54647 105413 108797
69833 643 139313
643 69833 139313
139313 643 69833
149547 37245 113323
37245 113323 149547
113323 37245 149547
111628 50339 120890
50339 111628 120890
120890 50339 111628
16168 25017 95736
25017 16168 95736
95736 16168 25017
92656 25005 27793
27793 25005 92656
25005 27793 92656
7948 48714 131559
48714 7948 131559
131559 7948 48714
127102 12075 96385
12075 96385 127102
96385 12075 127102
118395 53059 93895
53059 93895 118395
93895 53059 118395
24817 34735 71215
34735 24817 71215
71215 24817 34735
9551 9586 139300
139300 9551 9586
9586 9551 139300
15132 13782 86652
86652 13782 15132
13782 15132 86652
129173 63808 87703
63808 87703 129173
87703 63808 129173
144408 6759 30308
6759 30308 144408
30308 6759 144408
37871 13228 112665
13228 37871 112665
112665 13228 37871
82432 20963 83537
83537 20963 82432
20963 82432 83537
54187 63231 118462
63231 54187 118462
118462 54187 63231
46307 14239 137290
137290 14239 46307
14239 46307 137290
56837 71976 101911
101911 56837 71976
71976 56837 101911
15357 1445 138364
1445 15357 138364
138364 1445 15357
69524 63184 86146
63184 69524 86146
86146 63184 69524
142423 22558 61250
22558 61250 142423
61250 22558 142423
38713 60524 77920
77920 38713 60524
60524 38713 77920
124445 40626 118153
118153 40626 124445
40626 118153 124445
14761 68800 124836
68800 14761 124836
124836 14761 68800
108601 118472 128824
128824 108601 118472
118472 108601 128824
48731 37461 94993
37461 48731 94993
94993 37461 48731
18870 14426 73673
73673 14426 18870
14426 18870 73673
121047 47749 145327
145327 47749 121047
47749 121047 145327
91648 589 142266
589 91648 142266
142266 589 91648
5838 41887 101698
41887 5838 101698
101698 5838 41887
28036 95030 114638
114638 28036 95030
95030 28036 114638
88696 65757 82541
65757 82541 88696
82541 65757 88696
96479 25983 124237
25983 96479 124237
124237 25983 96479
8435 49774 126398
126398 8435 49774
49774 8435 126398
18688 96420 141630
141630 18688 96420
96420 18688 141630
104262 7484 79057
79057 7484 104262
7484 79057 104262
98416 13581 15405
15405 13581 98416
13581 15405 98416
144696 50100 110015
110015 50100 144696
50100 110015 144696
11101 40149 47592
47592 11101 40149
40149 11101 47592
68013 24944 125164
24944 68013 125164
125164 24944 68013
21958 58014 145892
58014 21958 145892
145892 21958 58014
103630 32650 135228
135228 32650 103630
32650 103630 135228
48760 55424 65864
65864 48760 55424
55424 48760 65864
82725 41874 110998
41874 82725 110998
110998 41874 82725
73626 95320 119844
95320 73626 119844
119844 73626 95320
13380 132806 144417
144417 13380 132806
132806 13380 144417
126201 26652 61239
61239 26652 126201
26652 61239 126201
15568 41620 76789
41620 15568 76789
76789 15568 41620
15780 11910 86440
11910 15780 86440
86440 11910 15780
122987 19291 77332
19291 77332 122987
77332 19291 122987
127311 8954 65460
8954 65460 127311
65460 8954 127311
104828 72396 142142
142142 72396 104828
72396 104828 142142
57322 25659 93430
25659 57322 93430
93430 25659 57322
80235 35949 50018
35949 50018 80235
50018 35949 80235
103549 47719 92821
47719 92821 103549
92821 47719 103549
43676 22607 50652
22607 43676 50652
50652 22607 43676
148428 102835 136798
102835 136798 148428
136798 102835 148428
64155 57692 70155
57692 64155 70155
70155 57692 64155
13597 61174 132855
132855 13597 61174
61174 13597 132855
39432 22050 54650
22050 39432 54650
54650 22050 39432
140434 148218 149449
149449 140434 148218
148218 140434 149449
12356 33446 36059
33446 12356 36059
36059 12356 33446
110262 87424 135223
135223 87424 110262
87424 110262 135223
130239 11607 120417
11607 120417 130239
120417 11607 130239
62376 44840 64599
44840 62376 64599
64599 44840 62376
78940 29469 94996
29469 78940 94996
94996 29469 78940
39639 24177 33333
33333 24177 39639
24177 33333 39639
3174 125501 126211
125501 3174 126211
126211 3174 125501
113440 64199 66744
66744 64199 113440
64199 66744 113440
14347 120532 137338
120532 14347 137338
137338 14347 120532
102689 104459 117006
104459 102689 117006
117006 102689 104459
83226 27534 146710
146710 27534 83226
27534 83226 146710
93346 37781 90928
90928 37781 93346
37781 90928 93346
42846 81887 111003
111003 42846 81887
81887 42846 111003
103137 13634 110517
13634 103137 110517
110517 13634 103137
110307 79656 89431
89431 79656 110307
79656 89431 110307
103913 120446 145233
120446 103913 145233
145233 103913 120446
2890 89296 124611
124611 2890 89296
89296 2890 124611
125083 55004 90898
55004 90898 125083
90898 55004 125083
25790 32902 57491
57491 25790 32902
32902 25790 57491
98372 75129 145725
145725 75129 98372
75129 98372 145725
93738 25778 27285
25778 27285 93738
27285 25778 93738
69467 28386 104375
28386 69467 104375
104375 28386 69467
52094 23438 136137
23438 52094 136137
136137 23438 52094
140213 14155 116393
14155 116393 140213
116393 14155 140213
48159 30399 31245
31245 30399 48159
30399 31245 48159
67155 64682 131082
64682 67155 131082
131082 64682 67155
5166 50694 139187
50694 5166 139187
139187 5166 50694
43512 105390 125277
105390 43512 125277
125277 43512 105390
32248 11121 67847
67847 11121 32248
11121 32248 67847
20523 42854 149986
149986 20523 42854
42854 20523 149986
52146 72336 119177
119177 52146 72336
72336 52146 119177
79248 27373 41667
27373 41667 79248
41667 27373 79248
70712 51561 113939
51561 70712 113939
113939 51561 70712
67753 33835 100738
33835 67753 100738
100738 33835 67753
81048 56145 62237
62237 56145 81048
56145 62237 81048
141883 12453 67323
67323 12453 141883
12453 67323 141883
116319 86341 90374
90374 86341 116319
86341 90374 116319
24141 63461 118760
118760 24141 63461
63461 24141 118760
140952 44168 93263
93263 44168 140952
44168 93263 140952
129333 71005 129126
71005 129126 129333
129126 71005 129333
71873 71906 121575
121575 71873 71906
71906 71873 121575
30744 75511 119480
119480 30744 75511
75511 30744 119480
126772 65004 92359
65004 92359 126772
92359 65004 126772
143104 27556 126686
27556 126686 143104
126686 27556 143104
98950 2570 10917
10917 2570 98950
2570 10917 98950
113132 36764 110600
36764 110600 113132
110600 36764 113132
4342 46261 55582
46261 4342 55582
55582 4342 46261
91358 12244 83362
83362 12244 91358
12244 83362 91358
65539 72790 143450
72790 65539 143450
143450 65539 72790
131756 4115 20793
20793 4115 131756
4115 20793 131756
27579 79005 117836
117836 27579 79005
79005 27579 117836
77819 114900 147697
114900 77819 147697
147697 77819 114900
144306 66657 115186
115186 66657 144306
66657 115186 144306
55144 44043 137603
44043 55144 137603
137603 44043 55144
98447 19455 132872
132872 19455 98447
19455 98447 132872
133742 12639 107992
12639 107992 133742
107992 12639 133742
9463 100505 101802
101802 9463 100505
100505 9463 101802
4858 25969 47652
25969 4858 47652
47652 4858 25969
23972 11419 21604
11419 21604 23972
21604 11419 23972
148805 28089 149835
28089 148805 149835
149835 28089 148805
107948 46378 114691
46378 107948 114691
114691 46378 107948
26188 15859 79352
15859 26188 79352
79352 15859 26188
136825 92954 149248
92954 136825 149248
149248 92954 136825
100256 3814 16709
3814 16709 100256
16709 3814 100256
73564 70376 72907
70376 72907 73564
72907 70376 73564
101850 50745 73653
50745 73653 101850
73653 50745 101850
62713 58029 110853
110853 58029 62713
58029 62713 110853
46388 59900 140083
59900 46388 140083
140083 46388 59900
135156 98404 147003
147003 98404 135156
98404 135156 147003
43861 33167 84224
84224 33167 43861
33167 43861 84224
127105 3620 78404
78404 3620 127105
3620 78404 127105
125492 3153 31531
3153 31531 125492
31531 3153 125492
142970 14295 102711
14295 102711 142970
102711 14295 142970
9513 15861 59349
59349 9513 15861
15861 9513 59349
144138 48579 123904
48579 123904 144138
123904 48579 144138
77735 1974 34831
34831 1974 77735
1974 34831 77735
16376 33476 52974
33476 16376 52974
52974 16376 33476
49047 76371 136246
136246 49047 76371
76371 49047 136246
134188 5594 111820
111820 5594 134188
5594 111820 134188
74201 25753 118854
118854 25753 74201
25753 74201 118854
71968 10117 61310
61310 10117 71968
10117 61310 71968
131795 29876 85693
29876 85693 131795
85693 29876 131795
40826 37933 135384
135384 37933 40826
37933 40826 135384
50641 98530 99543
98530 50641 99543
99543 50641 98530
145139 110411 149774
110411 145139 149774
149774 110411 145139
11747 112114 139119
139119 11747 112114
112114 11747 139119
102435 6439 102914
102914 6439 102435
6439 102435 102914
77627 15922 18478
18478 15922 77627
15922 18478 77627
49726 48872 88768
88768 48872 49726
48872 49726 88768
138213 74351 120590
74351 120590 138213
120590 74351 138213
117622 19725 147016
147016 19725 117622
19725 117622 147016
144968 57804 144950
57804 144950 144968
144950 57804 144968
95094 21774 137661
137661 21774 95094
21774 95094 137661
115311 23212 130989
23212 115311 130989
130989 23212 115311
60643 30101 65311
30101 60643 65311
65311 30101 60643
72422 17660 143509
17660 72422 143509
143509 17660 72422
13531 45070 142542
45070 13531 142542
142542 13531 45070
121694 1557 138132
1557 121694 138132
138132 1557 121694
106199 4148 108346
108346 4148 106199
4148 106199 108346
130990 58279 111691
58279 111691 130990
111691 58279 130990
74232 48454 89888
89888 48454 74232
48454 74232 89888
7958 19506 137084
137084 7958 19506
19506 7958 137084
64255 86326 114141
86326 64255 114141
114141 64255 86326
132823 120704 129415
120704 129415 132823
129415 120704 132823
59634 48888 63293
48888 59634 63293
63293 48888 59634
109651 15951 42888
42888 15951 109651
15951 42888 109651
56795 83454 145459
83454 56795 145459
145459 56795 83454
102016 18200 67635
18200 67635 102016
67635 18200 102016
52212 49850 105066
105066 49850 52212
49850 52212 105066
70851 72673 98583
98583 70851 72673
72673 70851 98583
15618 87550 122905
87550 15618 122905
122905 15618 87550
48942 4875 145982
145982 4875 48942
4875 48942 145982
143741 122162 143930
143930 122162 143741
122162 143741 143930
82231 50588 60434
50588 60434 82231
60434 50588 82231
99194 43121 87051
87051 43121 99194
43121 87051 99194
140386 124097 139676
124097 139676 140386
139676 124097 140386
124703 60479 95330
60479 95330 124703
95330 60479 124703
73472 142295 149320
149320 73472 142295
142295 73472 149320
107678 40290 72008
40290 72008 107678
72008 40290 107678
52545 72247 132653
132653 52545 72247
72247 52545 132653
84332 115952 143939
115952 84332 143939
143939 84332 115952
25840 75577 82116
82116 25840 75577
75577 25840 82116
9421 130982 135508
130982 9421 135508
135508 9421 130982
97194 63076 97068
97068 63076 97194
63076 97068 97194
81115 67587 105493
67587 81115 105493
105493 67587 81115
109537 65201 99140
99140 65201 109537
65201 99140 109537
75811 42167 59521
42167 59521 75811
59521 42167 75811
83801 95520 98816
95520 83801 98816
98816 83801 95520
103218 41379 65522
41379 65522 103218
65522 41379 103218
84347 48669 116168
116168 48669 84347
48669 84347 116168
24895 44701 57120
57120 24895 44701
44701 24895 57120
99732 25762 72934
72934 25762 99732
25762 72934 99732
90475 2575 53519
53519 2575 90475
2575 53519 90475
17208 46793 89739
89739 17208 46793
46793 17208 89739
1342 90299 131856
131856 1342 90299
90299 1342 131856
146765 20402 114164
20402 114164 146765
114164 20402 146765
120953 36663 64347
36663 64347 120953
64347 36663 120953
144276 105167 116724
105167 116724 144276
116724 105167 144276
43196 11338 43744
43744 11338 43196
11338 43196 43744
129411 34959 144372
34959 129411 144372
144372 34959 129411
44441 15642 123415
15642 44441 123415
123415 15642 44441
28464 36299 87047
36299 28464 87047
87047 28464 36299
24714 42352 78913
78913 24714 42352
42352 24714 78913
58882 25568 31234
31234 25568 58882
25568 31234 58882
11152 65097 140018
65097 11152 140018
140018 11152 65097
122090 64724 71077
71077 64724 122090
64724 71077 122090
118527 106110 106795
106110 106795 118527
106795 106110 118527
68262 1718 83377
83377 1718 68262
1718 68262 83377
130178 111801 140853
140853 111801 130178
111801 130178 140853
107353 54618 147567
147567 54618 107353
54618 107353 147567
36108 1738 137969
137969 1738 36108
1738 36108 137969
57198 30553 92280
30553 57198 92280
92280 30553 57198
120874 37322 149719
149719 37322 120874
37322 120874 149719
23539 28195 127611
127611 23539 28195
28195 23539 127611
77496 5293 79497
79497 5293 77496
5293 77496 79497
40027 4405 111388
111388 4405 40027
4405 40027 111388
80950 4598 123080
123080 4598 80950
4598 80950 123080
492 136722 136791
136791 492 136722
136722 492 136791
110443 31025 40586
40586 31025 110443
31025 40586 110443
61938 15438 87878
87878 15438 61938
15438 61938 87878
142712 94174 100557
94174 100557 142712
100557 94174 142712
45744 52091 122147
122147 45744 52091
52091 45744 122147
126677 11318 13660
13660 11318 126677
11318 13660 126677
7899 85829 99084
85829 7899 99084
99084 7899 85829
89539 86034 143539
143539 86034 89539
86034 89539 143539
14664 29686 118674
118674 14664 29686
29686 14664 118674
43561 86327 143635
143635 43561 86327
86327 43561 143635
106430 1773 119065
1773 106430 119065
119065 1773 106430
130940 40480 92388
40480 92388 130940
92388 40480 130940
5161 26534 41035
26534 5161 41035
41035 5161 26534
14095 76177 136218
76177 14095 136218
136218 14095 76177
96304 50413 124322
124322 50413 96304
50413 96304 124322
120638 5502 88512
88512 5502 120638
5502 88512 120638
64947 77246 128031
128031 64947 77246
77246 64947 128031
20041 23316 113647
23316 20041 113647
113647 20041 23316
81693 73772 131677
131677 73772 81693
73772 81693 131677
82119 44879 60941
44879 60941 82119
60941 44879 82119
85701 9063 121392
9063 85701 121392
121392 9063 85701
72827 45216 60702
60702 45216 72827
45216 60702 72827
121227 55284 114532
55284 114532 121227
114532 55284 121227
7039 22346 74180
74180 7039 22346
22346 7039 74180
114853 68962 90522
90522 68962 114853
68962 90522 114853
107238 39981 45566
45566 39981 107238
39981 45566 107238
67830 31846 135541
31846 67830 135541
135541 31846 67830
55202 58981 78324
78324 55202 58981
58981 55202 78324
87507 36872 143351
143351 36872 87507
36872 87507 143351
72096 55158 90463
90463 55158 72096
55158 72096 90463
130830 24139 143707
143707 24139 130830
24139 130830 143707
34741 48118 77874
77874 34741 48118
48118 34741 77874
145426 101813 130953
101813 130953 145426
130953 101813 145426
130028 1253 115206
1253 115206 130028
115206 1253 130028
88219 101826 124058
101826 88219 124058
124058 88219 101826
5937 13369 135856
13369 5937 135856
135856 5937 13369
119756 3495 58695
58695 3495 119756
3495 58695 119756
34117 57899 63304
57899 34117 63304
63304 34117 57899
140748 90303 138906
138906 90303 140748
90303 138906 140748
58057 43925 132700
43925 58057 132700
132700 43925 58057
114547 29263 117032
117032 29263 114547
29263 114547 117032
16955 90968 109189
90968 16955 109189
109189 16955 90968
55001 108390 144973
144973 55001 108390
108390 55001 144973
74127 71248 116649
71248 74127 116649
116649 71248 74127
105802 16425 42579
42579 16425 105802
16425 42579 105802
8773 58088 117524
117524 8773 58088
58088 8773 117524
67658 11124 25223
25223 11124 67658
11124 25223 67658
2396 38481 65911
38481 2396 65911
65911 2396 38481
30415 67353 103906
103906 30415 67353
67353 30415 103906
14292 97711 134737
97711 14292 134737
134737 14292 97711
10092 79857 100255
100255 10092 79857
79857 10092 100255
99668 73833 133002
133002 73833 99668
73833 99668 133002
65629 54437 96936
54437 65629 96936
96936 54437 65629
9095 72013 123476
123476 9095 72013
72013 9095 123476
129975 9962 149081
149081 9962 129975
9962 129975 149081
4596 123375 124201
124201 4596 123375
123375 4596 124201
111952 37039 38025
38025 37039 111952
37039 38025 111952
145629 44187 134133
44187 134133 145629
134133 44187 145629
24116 36099 108768
108768 24116 36099
36099 24116 108768
30597 28928 119545
119545 28928 30597
28928 30597 119545
87207 28581 106600
28581 87207 106600
106600 28581 87207
146641 3977 68002
3977 68002 146641
68002 3977 146641
132752 31999 40005
31999 40005 132752
40005 31999 132752
39705 86672 148182
148182 39705 86672
86672 39705 148182
103702 32038 74353
74353 32038 103702
32038 74353 103702
132464 123892 126988
123892 126988 132464
126988 123892 132464
65465 23053 91684
23053 65465 91684
91684 23053 65465
63834 34727 35311
34727 35311 63834
35311 34727 63834
116745 74495 125910
125910 74495 116745
74495 116745 125910
6051 35553 131657
35553 6051 131657
131657 6051 35553
21245 48771 53505
48771 21245 53505
53505 21245 48771
38519 27456 78315
27456 38519 78315
78315 27456 38519
5611 97321 104792
97321 5611 104792
104792 5611 97321
77258 36767 86124
86124 36767 77258
36767 77258 86124
85488 127963 145082
127963 85488 145082
145082 85488 127963
47100 45364 130676
45364 47100 130676
130676 45364 47100
45443 103131 138133
103131 45443 138133
138133 45443 103131
144278 47970 140136
140136 47970 144278
47970 140136 144278
37434 38467 104109
104109 37434 38467
38467 37434 104109
76821 15895 110149
15895 76821 110149
110149 15895 76821
62353 20680 49801
49801 20680 62353
20680 49801 62353
93854 53029 75031
53029 75031 93854
75031 53029 93854
58703 62841 84876
84876 58703 62841
62841 58703 84876
132044 23897 86231
23897 86231 132044
86231 23897 132044
57162 65241 84761
65241 57162 84761
84761 57162 65241
53366 2313 116479
2313 53366 116479
116479 2313 53366
139255 75301 87159
75301 87159 139255
87159 75301 139255
36590 25907 119807
25907 36590 119807
119807 25907 36590
100881 90455 101246
101246 90455 100881
90455 100881 101246
78421 5170 47153
5170 47153 78421
47153 5170 78421
42232 85051 86123
85051 42232 86123
86123 42232 85051
103792 58676 121705
58676 103792 121705
121705 58676 103792
21957 94901 124616
124616 21957 94901
94901 21957 124616
89369 22004 132134
22004 89369 132134
132134 22004 89369
118644 62853 83690
62853 83690 118644
83690 62853 118644
60484 26445 73540
73540 26445 60484
26445 60484 73540
85358 19173 96547
19173 85358 96547
96547 19173 85358
91712 28866 133866
28866 91712 133866
133866 28866 91712
112964 27428 148793
148793 27428 112964
27428 112964 148793
49299 87400 88289
87400 49299 88289
88289 49299 87400
130073 69255 76174
69255 76174 130073
76174 69255 130073
23054 6842 126027
126027 6842 23054
6842 23054 126027
81786 7779 134166
134166 7779 81786
7779 81786 134166
76935 73110 105998
73110 76935 105998
105998 73110 76935
57338 20891 89954
89954 20891 57338
20891 57338 89954
63891 100991 124783
124783 63891 100991
100991 63891 124783
42642 58956 65723
65723 42642 58956
58956 42642 65723
123046 19468 101376
19468 101376 123046
101376 19468 123046
39884 8364 55805
8364 39884 55805
55805 8364 39884
75164 58569 93988
93988 58569 75164
58569 75164 93988
32675 59427 121343
121343 32675 59427
59427 32675 121343
64755 25485 65676
65676 25485 64755
25485 64755 65676
72892 89979 125334
89979 72892 125334
125334 72892 89979
16439 22840 108153
22840 16439 108153
108153 16439 22840
66138 9124 53891
9124 53891 66138
53891 9124 66138
87331 76447 86165
76447 86165 87331
86165 76447 87331
108436 19323 58251
58251 19323 108436
19323 58251 108436
144518 12275 32048
12275 32048 144518
32048 12275 144518
123123 77187 125761
125761 77187 123123
77187 123123 125761
1863 86206 115354
115354 1863 86206
86206 1863 115354
44257 92873 133711
92873 44257 133711
133711 44257 92873
23628 32682 104791
32682 23628 104791
104791 23628 32682
3185 46348 95546
95546 3185 46348
46348 3185 95546
107434 91583 121621
121621 91583 107434
91583 107434 121621
47372 7494 109318
109318 7494 47372
7494 47372 109318
148721 29739 64557
64557 29739 148721
29739 64557 148721
20097 61465 91302
91302 20097 61465
61465 20097 91302
115572 8691 136506
8691 115572 136506
136506 8691 115572
93775 83703 100962
83703 93775 100962
100962 83703 93775
7556 11539 91042
91042 7556 11539
11539 7556 91042
116862 51613 66732
66732 51613 116862
51613 66732 116862
85441 43844 68434
68434 43844 85441
43844 68434 85441
10520 47963 68133
47963 10520 68133
68133 10520 47963
25787 9251 63216
63216 9251 25787
9251 25787 63216
96859 38987 129211
38987 96859 129211
129211 38987 96859
132093 65977 100599
65977 100599 132093
100599 65977 132093
97633 93647 143008
93647 97633 143008
143008 93647 97633
24257 24386 130271
130271 24257 24386
24386 24257 130271
12063 25429 40932
25429 12063 40932
40932 12063 25429
97461 62411 68783
62411 68783 97461
68783 62411 97461
61133 14123 128484
128484 14123 61133
14123 61133 128484
69957 73489 137480
137480 69957 73489
73489 69957 137480
10199 58508 72603
72603 10199 58508
58508 10199 72603
122476 55855 59446
59446 55855 122476
55855 59446 122476
61773 113092 121984
113092 61773 121984
121984 61773 113092
11181 8328 15640
8328 11181 15640
15640 8328 11181
134563 91687 123949
123949 91687 134563
91687 123949 134563
135915 15592 44668
44668 15592 135915
15592 44668 135915
108472 1750 113377
113377 1750 108472
1750 108472 113377
136628 110244 122563
110244 122563 136628
122563 110244 136628
134854 25700 87426
25700 87426 134854
87426 25700 134854
61713 49616 77122
49616 61713 77122
77122 49616 61713
47564 46810 82218
46810 47564 82218
82218 46810 47564
135048 15183 76050
76050 15183 135048
15183 76050 135048
10511 45403 46028
45403 10511 46028
46028 10511 45403
71550 8606 89127
8606 71550 89127
89127 8606 71550
32942 22119 88814
88814 22119 32942
22119 32942 88814
20671 65100 68404
68404 20671 65100
65100 20671 68404
26836 116134 131007
116134 26836 131007
131007 26836 116134
109082 1827 106174
106174 1827 109082
1827 106174 109082
105632 8072 138480
8072 105632 138480
138480 8072 105632
14668 85547 133078
85547 14668 133078
133078 14668 85547
96368 34533 47192
34533 47192 96368
47192 34533 96368
41970 19375 71493
71493 19375 41970
19375 41970 71493
100227 5090 72809
5090 72809 100227
72809 5090 100227
146569 40240 58940
40240 58940 146569
58940 40240 146569
107196 107758 131815
107758 107196 131815
131815 107196 107758
146993 131069 139044
139044 131069 146993
131069 139044 146993
123775 1129 8156
8156 1129 123775
1129 8156 123775
56085 87786 138591
138591 56085 87786
87786 56085 138591
75903 26759 135818
26759 75903 135818
135818 26759 75903
69883 122994 135324
135324 69883 122994
122994 69883 135324
94903 60324 121774
121774 60324 94903
60324 94903 121774
17280 55878 94966
94966 17280 55878
55878 17280 94966
20388 49189 50500
50500 20388 49189
49189 20388 50500
101341 64243 139978
139978 64243 101341
64243 101341 139978
68676 1454 90144
1454 68676 90144
90144 1454 68676
5406 26597 33321
33321 5406 26597
26597 5406 33321
23222 33722 64974
64974 23222 33722
33722 23222 64974
19999 55244 86001
86001 19999 55244
55244 19999 86001
36118 138253 141405
138253 36118 141405
141405 36118 138253
90013 118277 147089
147089 90013 118277
118277 90013 147089
82681 41030 121778
41030 82681 121778
121778 41030 82681
81949 11006 96284
11006 81949 96284
96284 11006 81949
34845 49778 119255
49778 34845 119255
119255 34845 49778
84727 10948 80750
10948 80750 84727
80750 10948 84727
21762 64860 95259
64860 21762 95259
95259 21762 64860
86815 68987 93478
93478 68987 86815
68987 86815 93478
96342 141 31146
141 31146 96342
31146 141 96342
53325 87096 116629
116629 53325 87096
87096 53325 116629
115353 15451 83934
83934 15451 115353
15451 83934 115353
40664 7894 149062
7894 40664 149062
149062 7894 40664
94863 82823 123549
123549 82823 94863
82823 94863 123549
50111 119733 142783
119733 50111 142783
142783 50111 119733
59367 136250 142714
142714 59367 136250
136250 59367 142714
110663 13366 125124
13366 110663 125124
125124 13366 110663
52546 41366 71620
71620 41366 52546
41366 52546 71620
149515 20836 61674
20836 61674 149515
61674 20836 149515
114035 83451 132661
83451 114035 132661
132661 83451 114035
105631 3722 114380
3722 105631 114380
114380 3722 105631
3175 132774 144761
132774 3175 144761
144761 3175 132774
130777 34713 80841
34713 80841 130777
80841 34713 130777
73112 21149 101787
101787 21149 73112
21149 73112 101787
140264 12798 61900
61900 12798 140264
12798 61900 140264
5285 35613 137921
35613 5285 137921
137921 5285 35613
19270 63386 124341
124341 19270 63386
63386 19270 124341
97448 7753 53389
53389 7753 97448
7753 53389 97448
61505 36061 93550
93550 36061 61505
36061 61505 93550
113282 20553 105268
20553 105268 113282
105268 20553 113282
136505 2273 71742
2273 71742 136505
71742 2273 136505
87650 31296 89256
31296 87650 89256
89256 31296 87650
67017 67370 104083
67370 67017 104083
104083 67017 67370
136590 7004 107617
107617 7004 136590
7004 107617 136590
37359 7526 8998
8998 7526 37359
7526 8998 37359
29466 53680 71494
53680 29466 71494
71494 29466 53680
85160 20983 121806
20983 85160 121806
121806 20983 85160
1674 49695 142293
49695 1674 142293
142293 1674 49695
143792 83400 144728
83400 143792 144728
144728 83400 143792
102221 18621 110797
110797 18621 102221
18621 102221 110797
112921 20970 122744
20970 112921 122744
122744 20970 112921
68445 104818 127754
104818 68445 127754
127754 68445 104818
139335 15817 57061
57061 15817 139335
15817 57061 139335
17137 20770 129351
20770 17137 129351
129351 17137 20770
79257 100516 144917
100516 79257 144917
144917 79257 100516
20903 46105 74581
46105 20903 74581
74581 20903 46105
48048 30976 116473
30976 48048 116473
116473 30976 48048
131946 24390 131519
24390 131519 131946
131519 24390 131946
112608 30628 103665
30628 103665 112608
103665 30628 112608
91960 24099 53307
53307 24099 91960
24099 53307 91960
79629 5491 19563
19563 5491 79629
5491 19563 79629
51992 10430 63164
10430 51992 63164
63164 10430 51992
15655 21670 67925
21670 15655 67925
67925 15655 21670
141604 71989 139735
139735 71989 141604
71989 139735 141604
22722 62728 147701
147701 22722 62728
62728 22722 147701
10852 13770 115489
115489 10852 13770
13770 10852 115489
30283 22020 96220
96220 22020 30283
22020 30283 96220
125196 50502 85404
85404 50502 125196
50502 85404 125196
144718 78573 147018
147018 78573 144718
78573 144718 147018
14149 107290 139879
107290 14149 139879
139879 14149 107290
92533 83021 94561
94561 83021 92533
83021 92533 94561
83282 23570 37436
23570 37436 83282
37436 23570 83282
106759 22248 130815
130815 22248 106759
22248 106759 130815
136154 6208 20249
6208 20249 136154
20249 6208 136154
61323 112924 149998
149998 61323 112924
112924 61323 149998
20999 31139 132900
132900 20999 31139
31139 20999 132900
21396 28600 122092
28600 21396 122092
122092 21396 28600
113945 56429 95996
95996 56429 113945
56429 95996 113945
89720 93411 94120
93411 89720 94120
94120 89720 93411
13905 56275 137743
137743 13905 56275
56275 13905 137743
24983 24946 117860
117860 24946 24983
24946 24983 117860
72365 10507 68425
68425 10507 72365
10507 68425 72365
97122 140380 148957
140380 97122 148957
148957 97122 140380
103591 59341 98037
98037 59341 103591
59341 98037 103591
83641 20682 118699
20682 83641 118699
118699 20682 83641
127309 61694 67183
67183 61694 127309
61694 67183 127309
67749 81726 142325
81726 67749 142325
142325 67749 81726
126922 82448 97611
97611 82448 126922
82448 97611 126922
74901 73290 125718
73290 74901 125718
125718 73290 74901
46142 126273 131266
126273 46142 131266
131266 46142 126273
129259 43544 99618
43544 99618 129259
99618 43544 129259
109311 33982 87667
87667 33982 109311
33982 87667 109311
20294 106028 144246
106028 20294 144246
144246 20294 106028
50607 47594 135563
135563 47594 50607
47594 50607 135563
85727 60309 87430
87430 60309 85727
60309 85727 87430
3297 90929 128215
128215 3297 90929
90929 3297 128215
114701 26524 136597
26524 114701 136597
136597 26524 114701
116950 48762 131155
131155 48762 116950
48762 116950 131155
105949 88945 125146
88945 105949 125146
125146 88945 105949
74539 15179 112154
112154 15179 74539
15179 74539 112154
125920 75405 118363
75405 118363 125920
118363 75405 125920
23041 88626 126214
126214 23041 88626
88626 23041 126214
125183 2021 82236
2021 82236 125183
82236 2021 125183
56826 105232 126008
105232 56826 126008
126008 56826 105232
88961 85359 86856
86856 85359 88961
85359 86856 88961
77216 47607 118362
47607 77216 118362
118362 47607 77216
117733 16115 79665
79665 16115 117733
16115 79665 117733
66587 30756 139989
139989 30756 66587
30756 66587 139989
40408 80089 110513
80089 40408 110513
110513 40408 80089
137060 122332 144895
144895 122332 137060
122332 137060 144895
76290 47504 51550
47504 51550 76290
51550 47504 76290
141007 78693 111582
78693 111582 141007
111582 78693 141007
126242 34960 99876
99876 34960 126242
34960 99876 126242
35225 115068 117828
117828 35225 115068
115068 35225 117828
136287 132220 132767
132220 132767 136287
132767 132220 136287
79115 60121 67701
67701 60121 79115
60121 67701 79115
9440 37418 140357
37418 9440 140357
140357 9440 37418
47962 35481 86898
86898 35481 47962
35481 47962 86898
24075 29912 136502
29912 24075 136502
136502 24075 29912
81341 36784 57703
36784 57703 81341
57703 36784 81341
54450 91506 118667
118667 54450 91506
91506 54450 118667
86612 867 114462
867 86612 114462
114462 867 86612
40973 101773 148274
101773 40973 148274
148274 40973 101773
6521 33582 36612
36612 6521 33582
33582 6521 36612
78430 66077 146324
146324 66077 78430
66077 78430 146324
139619 29161 37860
29161 37860 139619
37860 29161 139619
118389 19224 78396
78396 19224 118389
19224 78396 118389
3775 36209 121219
36209 3775 121219
121219 3775 36209
93245 67559 90874
67559 90874 93245
90874 67559 93245
50340 52816 78409
78409 50340 52816
52816 50340 78409
29146 5701 123147
5701 29146 123147
123147 5701 29146
16512 127750 135751
135751 16512 127750
127750 16512 135751
94902 126589 131930
126589 94902 131930
131930 94902 126589
140101 119613 131555
131555 119613 140101
119613 131555 140101
51890 42274 123134
42274 51890 123134
123134 42274 51890
124761 67184 69934
69934 67184 124761
67184 69934 124761
5463 15174 109575
15174 5463 109575
109575 5463 15174
61780 1214 15724
1214 15724 61780
15724 1214 61780
5219 74573 87196
74573 5219 87196
87196 5219 74573
138103 88582 116960
116960 88582 138103
88582 116960 138103
102470 85035 116863
85035 102470 116863
116863 85035 102470
133168 68773 113925
68773 113925 133168
113925 68773 133168
96340 62210 82785
82785 62210 96340
62210 82785 96340
14948 42883 78533
42883 14948 78533
78533 14948 42883
12342 5897 16509
16509 5897 12342
5897 12342 16509
56471 63201 124853
124853 56471 63201
63201 56471 124853
54418 84217 120572
120572 54418 84217
84217 54418 120572
146784 35581 127005
127005 35581 146784
35581 127005 146784
147818 28471 63821
28471 63821 147818
63821 28471 147818
13626 135089 135670
135089 13626 135670
135670 13626 135089
24367 22381 84672
84672 22381 24367
22381 24367 84672
13087 25116 102355
25116 13087 102355
102355 13087 25116
90902 90661 145166
90661 90902 145166
145166 90661 90902
23132 58773 133515
58773 23132 133515
133515 23132 58773
17517 45131 79893
79893 17517 45131
45131 17517 79893
34028 29949 129011
29949 34028 129011
129011 29949 34028
118994 103642 125160
103642 118994 125160
125160 103642 118994
3346 77047 98071
77047 3346 98071
98071 3346 77047
11301 32516 75819
32516 11301 75819
75819 11301 32516
61665 91181 121746
91181 61665 121746
121746 61665 91181
109411 72226 129693
72226 109411 129693
129693 72226 109411
84201 2999 122349
122349 2999 84201
2999 84201 122349
114605 56064 92024
92024 56064 114605
56064 92024 114605
11240 7659 121826
121826 7659 11240
7659 11240 121826
101385 126574 147169
147169 101385 126574
126574 101385 147169
108112 36258 140478
140478 36258 108112
36258 108112 140478
10501 24617 45175
45175 10501 24617
24617 10501 45175
67662 4135 35742
4135 35742 67662
35742 4135 67662
74306 15819 101453
101453 15819 74306
15819 74306 101453
36264 28707 113789
113789 28707 36264
28707 36264 113789
139280 60426 121058
60426 121058 139280
121058 60426 139280
28144 57277 59060
57277 28144 59060
59060 28144 57277
147564 24474 61084
24474 61084 147564
61084 24474 147564
97690 56805 82345
56805 82345 97690
82345 56805 97690
125722 35405 45415
45415 35405 125722
35405 45415 125722
52646 1291 21892
1291 21892 52646
21892 1291 52646
51283 10586 103567
103567 10586 51283
10586 51283 103567
24240 93277 97596
93277 24240 97596
97596 24240 93277
15643 28861 93865
28861 15643 93865
93865 15643 28861
138268 102510 111877
111877 102510 138268
102510 111877 138268
24338 43272 98557
98557 24338 43272
43272 24338 98557
68352 24092 54758
54758 24092 68352
24092 54758 68352
62159 60927 83869
83869 60927 62159
60927 62159 83869
53158 11924 88651
88651 11924 53158
11924 53158 88651
18369 20202 54934
54934 18369 20202
20202 18369 54934
8643 24004 94315
24004 8643 94315
94315 8643 24004
79933 14122 96147
14122 79933 96147
96147 14122 79933
61857 38200 50461
50461 38200 61857
38200 50461 61857
91242 52112 65895
52112 65895 91242
65895 52112 91242
80893 16668 112249
112249 16668 80893
16668 80893 112249
86356 34203 124198
34203 86356 124198
124198 34203 86356
61397 23028 116655
23028 61397 116655
116655 23028 61397
143678 43076 148966
43076 143678 148966
148966 43076 143678
70677 52324 108427
108427 52324 70677
52324 70677 108427
2060 92147 149169
149169 2060 92147
92147 2060 149169
133437 40305 59491
59491 40305 133437
40305 59491 133437
99191 43610 114844
114844 43610 99191
43610 99191 114844
40946 138795 140593
140593 40946 138795
138795 40946 140593
139182 66095 143423
66095 139182 143423
143423 66095 139182
3257 46907 88972
46907 3257 88972
88972 3257 46907
115227 117547 126815
126815 115227 117547
117547 115227 126815
32979 20028 120540
120540 20028 32979
20028 32979 120540
103424 39714 98628
98628 39714 103424
39714 98628 103424
124206 53948 139068
53948 124206 139068
139068 53948 124206
126485 4268 144404
144404 4268 126485
4268 126485 144404
143432 78174 115864
115864 78174 143432
78174 115864 143432
137548 108549 126301
108549 126301 137548
126301 108549 137548
38943 37045 61859
37045 38943 61859
61859 37045 38943
94939 77456 133714
133714 77456 94939
77456 94939 133714
9304 9864 105416
105416 9304 9864
9864 9304 105416
132215 54866 72598
54866 72598 132215
72598 54866 132215
67703 107298 136727
107298 67703 136727
136727 67703 107298
44514 56541 66339
66339 44514 56541
56541 44514 66339
4348 26658 54144
26658 4348 54144
54144 4348 26658
112910 104106 112890
112890 104106 112910
104106 112890 112910
46232 31520 42677
42677 31520 46232
31520 42677 46232
90269 62295 98819
62295 90269 98819
98819 62295 90269
121414 2198 14911
2198 14911 121414
14911 2198 121414
38238 69502 86394
86394 38238 69502
69502 38238 86394
33928 59071 117897
59071 33928 117897
117897 33928 59071
36089 17552 74387
17552 36089 74387
74387 17552 36089
56725 66751 68975
68975 56725 66751
66751 56725 68975
6523 5376 41547
5376 6523 41547
41547 5376 6523
73578 21062 24280
21062 24280 73578
24280 21062 73578
144581 21457 134582
21457 134582 144581
134582 21457 144581
36221 56074 121551
121551 36221 56074
56074 36221 121551
125116 44344 139655
139655 44344 125116
44344 125116 139655
123148 35310 134431
134431 35310 123148
35310 123148 134431
64153 28543 35178
28543 35178 64153
35178 28543 64153
49075 106234 109868
106234 49075 109868
109868 49075 106234
72953 45085 63742
45085 63742 72953
63742 45085 72953
33747 14209 49311
14209 33747 49311
49311 14209 33747
39646 50066 138696
138696 39646 50066
50066 39646 138696
101295 19902 70163
19902 70163 101295
70163 19902 101295
98630 34921 124910
124910 34921 98630
34921 98630 124910
48395 6170 36229
6170 36229 48395
36229 6170 48395
38393 81532 133304
81532 38393 133304
133304 38393 81532
56996 119889 144964
119889 56996 144964
144964 56996 119889
90982 57976 146509
146509 57976 90982
57976 90982 146509
42225 50355 78895
78895 42225 50355
50355 42225 78895
132904 49386 90950
90950 49386 132904
49386 90950 132904
132974 41431 119924
41431 119924 132974
119924 41431 132974
146977 76105 128508
76105 128508 146977
128508 76105 146977
71751 33781 79363
79363 33781 71751
33781 71751 79363
39613 60738 101969
60738 39613 101969
101969 39613 60738
19944 46670 57037
46670 19944 57037
57037 19944 46670
29657 71735 123394
123394 29657 71735
71735 29657 123394
19929 63474 80340
63474 19929 80340
80340 19929 63474
10150 48684 99863
99863 10150 48684
48684 10150 99863
27275 49517 94003
94003 27275 49517
49517 27275 94003
41530 13732 117752
13732 41530 117752
117752 13732 41530
85061 114535 142670
114535 85061 142670
142670 85061 114535
10388 19446 25042
25042 10388 19446
19446 10388 25042
39165 18476 74631
18476 39165 74631
74631 18476 39165
40307 29040 45948
45948 29040 40307
29040 40307 45948
132394 31853 93069
93069 31853 132394
31853 93069 132394
104095 63809 68621
63809 68621 104095
68621 63809 104095
131576 33457 143803
143803 33457 131576
33457 131576 143803
15227 30375 30994
30375 15227 30994
30994 15227 30375
1194 65300 93349
93349 1194 65300
65300 1194 93349
142983 46188 121708
46188 121708 142983
121708 46188 142983
32739 19249 50714
19249 32739 50714
50714 19249 32739
25873 29454 120736
120736 25873 29454
29454 25873 120736
71621 83275 97757
97757 71621 83275
83275 71621 97757
149527 73105 116077
73105 116077 149527
116077 73105 149527
121913 82529 134364
134364 82529 121913
82529 121913 134364
