1135 587 912
912 587 1135
587 912 1135
314 530 905
905 314 530
530 314 905
855 379 610
610 379 855
379 610 855
722 207 1322
207 722 1322
1322 207 722
1163 833 1236
833 1163 1236
1236 833 1163
1191 304 1384
1384 304 1191
304 1191 1384
1202 275 1160
275 1160 1202
1160 275 1202
1338 1048 1462
1462 1048 1338
1048 1338 1462
512 705 990
990 512 705
705 512 990
156 202 205
205 156 202
202 156 205
1478 332 928
332 928 1478
928 332 1478
1003 1270 1330
1330 1003 1270
1270 1003 1330
1248 154 483
483 154 1248
154 483 1248
172 1360 1387
1387 172 1360
1360 172 1387
739 367 1061
367 739 1061
1061 367 739
1085 1031 1379
1031 1085 1379
1379 1031 1085
441 181 445
445 181 441
181 441 445
1216 1069 1498
1498 1069 1216
1069 1216 1498
776 1226 1350
1226 776 1350
1350 776 1226
16 611 1362
611 16 1362
1362 16 611
273 49 1189
1189 49 273
49 273 1189
693 1409 1499
1409 693 1499
1499 693 1409
155 1026 1385
1385 155 1026
1026 155 1385
15 72 1137
1137 15 72
72 15 1137
546 247 968
968 247 546
247 546 968
69 223 550
550 69 223
223 69 550
178 456 864
864 178 456
456 178 864
821 358 432
432 358 821
358 432 821
822 664 710
710 664 822
664 710 822
485 214 1298
214 485 1298
1298 214 485
995 272 1190
272 995 1190
1190 272 995
772 370 1199
370 772 1199
1199 370 772
128 266 1447
1447 128 266
266 128 1447
1313 364 423
423 364 1313
364 423 1313
1321 123 1066
1066 123 1321
123 1066 1321
3 149 606
149 3 606
606 3 149
962 328 697
328 697 962
697 328 962
1065 893 1456
893 1065 1456
1456 893 1065
442 402 836
402 442 836
836 402 442
1174 909 1206
1206 909 1174
909 1174 1206
561 1355 1410
1410 561 1355
1355 561 1410
869 54 1464
54 869 1464
1464 54 869
25 624 799
799 25 624
624 25 799
783 235 567
235 567 783
567 235 783
682 415 494
415 494 682
494 415 682
1276 111 1067
1067 111 1276
111 1067 1276
1225 52 360
360 52 1225
52 360 1225
5 177 453
453 5 177
177 5 453
194 196 1113
1113 194 196
196 194 1113
163 183 898
898 163 183
183 163 898
51 157 1271
157 51 1271
1271 51 157
171 169 232
169 171 232
232 169 171
1110 753 954
753 954 1110
954 753 1110
1020 45 491
45 491 1020
491 45 1020
1310 299 333
333 299 1310
299 333 1310
1239 874 946
946 874 1239
874 946 1239
737 251 369
369 251 737
251 369 737
1424 87 1449
87 1424 1449
1449 87 1424
210 887 1195
1195 210 887
887 210 1195
910 956 1219
1219 910 956
956 910 1219
534 892 975
892 534 975
975 534 892
1405 110 1388
1388 110 1405
110 1388 1405
955 589 820
820 589 955
589 820 955
187 568 1490
1490 187 568
568 187 1490
631 200 1078
1078 200 631
200 631 1078
19 575 805
575 19 805
805 19 575
522 818 1437
818 522 1437
1437 522 818
474 672 1463
672 474 1463
1463 474 672
583 676 1426
1426 583 676
676 583 1426
316 47 1062
47 316 1062
1062 47 316
421 471 1211
471 421 1211
1211 421 471
1074 258 721
258 721 1074
721 258 1074
731 218 785
218 731 785
785 218 731
775 7 388
388 7 775
7 388 775
655 125 269
269 125 655
125 269 655
612 982 1497
1497 612 982
982 612 1497
176 189 779
189 176 779
779 176 189
233 580 1154
1154 233 580
580 233 1154
425 56 767
56 425 767
767 56 425
412 68 1147
68 412 1147
1147 68 412
1087 1025 1382
1382 1025 1087
1025 1087 1382
1467 450 578
578 450 1467
450 578 1467
1178 930 1280
1280 930 1178
930 1178 1280
1418 4 1474
4 1418 1474
1474 4 1418
659 709 1201
709 659 1201
1201 659 709
1012 265 725
265 725 1012
725 265 1012
918 680 1299
1299 680 918
680 918 1299
1263 261 515
515 261 1263
261 515 1263
642 867 932
932 642 867
867 642 932
622 315 1294
315 622 1294
1294 315 622
666 1177 1356
1177 666 1356
1356 666 1177
558 526 935
935 526 558
526 558 935
23 322 560
560 23 322
322 23 560
391 978 1486
978 391 1486
1486 391 978
562 535 1307
535 562 1307
1307 535 562
1237 959 1309
959 1237 1309
1309 959 1237
900 291 766
291 766 900
766 291 900
1300 288 1181
288 1181 1300
1181 288 1300
1268 331 540
331 540 1268
540 331 1268
1099 50 1279
1279 50 1099
50 1099 1279
645 206 713
206 645 713
713 206 645
862 482 648
482 648 862
648 482 862
53 947 1402
1402 53 947
947 53 1402
164 823 953
823 164 953
953 164 823
1312 309 1179
1179 309 1312
309 1179 1312
1259 289 657
289 657 1259
657 289 1259
431 590 1317
590 431 1317
1317 431 590
1411 1115 1292
1292 1115 1411
1115 1292 1411
1359 1040 1143
1040 1143 1359
1143 1040 1359
1290 1038 1344
1344 1038 1290
1038 1290 1344
967 91 1306
1306 91 967
91 967 1306
1088 305 1063
305 1063 1088
1063 305 1088
438 404 527
404 438 527
527 404 438
793 571 720
571 720 793
720 571 793
732 375 661
661 375 732
375 661 732
1439 6 1366
6 1366 1439
1366 6 1439
1186 351 525
525 351 1186
351 525 1186
344 126 411
411 126 344
126 344 411
1358 675 826
675 826 1358
826 675 1358
34 1071 1398
1398 34 1071
1071 34 1398
700 338 500
338 500 700
500 338 700
180 389 528
389 180 528
528 180 389
276 400 1302
400 276 1302
1302 276 400
1124 754 1370
1370 754 1124
754 1124 1370
1033 107 1175
107 1033 1175
1175 107 1033
464 873 1164
1164 464 873
873 464 1164
458 307 523
523 307 458
307 458 523
1333 37 297
297 37 1333
37 297 1333
1482 213 1221
1221 213 1482
213 1221 1482
1182 215 1157
1157 215 1182
215 1157 1182
621 326 1132
1132 326 621
326 621 1132
82 809 1308
1308 82 809
809 82 1308
907 246 348
246 348 907
348 246 907
588 57 727
57 588 727
727 57 588
1093 1332 1419
1419 1093 1332
1332 1093 1419
306 131 199
131 199 306
199 131 306
1041 593 702
593 702 1041
702 593 1041
448 417 1301
417 448 1301
1301 417 448
715 286 734
286 715 734
734 286 715
991 85 777
85 777 991
777 85 991
345 996 1064
1064 345 996
996 345 1064
365 1094 1303
1094 365 1303
1303 365 1094
566 66 1488
1488 66 566
66 566 1488
1487 502 1376
1376 502 1487
502 1376 1487
1446 636 1223
1223 636 1446
636 1223 1446
1266 692 863
863 692 1266
692 863 1266
105 74 1165
1165 74 105
74 105 1165
524 264 353
264 353 524
353 264 524
1287 784 881
784 881 1287
881 784 1287
73 184 380
184 73 380
380 73 184
774 120 770
120 770 774
770 120 774
689 26 35
26 35 689
35 26 689
518 385 1203
1203 385 518
385 518 1203
424 639 1291
1291 424 639
639 424 1291
1304 875 1112
1112 875 1304
875 1112 1304
1205 268 1009
268 1009 1205
1009 268 1205
439 843 1318
843 439 1318
1318 439 843
1167 1431 1460
1460 1167 1431
1431 1167 1460
1200 837 1050
837 1050 1200
1050 837 1200
373 486 1381
486 373 1381
1381 373 486
829 658 819
658 819 829
819 658 829
1080 455 706
455 706 1080
706 455 1080
186 781 1415
781 186 1415
1415 186 781
310 150 1342
1342 150 310
150 310 1342
420 419 609
419 420 609
609 419 420
121 312 1144
312 121 1144
1144 121 312
723 12 136
136 12 723
12 136 723
790 1140 1194
1194 790 1140
1140 790 1194
55 8 665
665 8 55
8 55 665
1046 83 1083
1083 83 1046
83 1046 1083
1231 699 974
699 974 1231
974 699 1231
162 745 1241
745 162 1241
1241 162 745
817 101 144
101 144 817
144 101 817
603 284 750
284 603 750
750 284 603
584 104 444
104 444 584
444 104 584
814 964 1004
1004 814 964
964 814 1004
937 349 633
633 349 937
349 633 937
1086 65 93
65 93 1086
93 65 1086
1453 1146 1320
1146 1320 1453
1320 1146 1453
973 327 506
327 506 973
506 327 973
460 31 628
628 31 460
31 460 628
1391 311 1296
1296 311 1391
311 1296 1391
813 473 756
756 473 813
473 756 813
118 308 728
308 118 728
728 118 308
1185 1017 1139
1139 1017 1185
1017 1139 1185
1149 221 1297
1297 221 1149
221 1149 1297
1021 377 1247
377 1021 1247
1247 377 1021
613 847 1422
847 613 1422
1422 613 847
858 212 891
212 858 891
891 212 858
1148 229 1371
229 1148 1371
1371 229 1148
936 173 267
267 173 936
173 267 936
1092 71 1265
1265 71 1092
71 1092 1265
760 811 1397
811 760 1397
1397 760 811
1475 339 800
800 339 1475
339 800 1475
966 427 1476
1476 427 966
427 966 1476
1072 238 752
238 752 1072
752 238 1072
911 830 986
986 830 911
830 911 986
336 949 1281
1281 336 949
949 336 1281
1016 599 614
614 599 1016
599 614 1016
302 511 582
582 302 511
511 302 582
1180 487 679
487 679 1180
679 487 1180
361 182 1150
1150 182 361
182 361 1150
601 127 1273
127 601 1273
1273 127 601
983 1257 1466
1257 983 1466
1466 983 1257
392 1324 1348
1324 392 1348
1348 392 1324
1408 337 1013
337 1013 1408
1013 337 1408
792 759 1058
759 792 1058
1058 759 792
1024 330 1421
330 1024 1421
1421 330 1024
641 197 278
278 197 641
197 278 641
1210 685 1364
685 1210 1364
1364 685 1210
33 1173 1282
1282 33 1173
1173 33 1282
1325 408 1208
1208 408 1325
408 1208 1325
646 703 1081
703 646 1081
1081 646 703
569 635 1043
635 569 1043
1043 569 635
1295 890 1141
890 1141 1295
1141 890 1295
124 22 917
917 22 124
22 124 917
28 44 141
141 28 44
44 28 141
1454 97 808
97 808 1454
808 97 1454
363 1109 1477
1477 363 1109
1109 363 1477
517 248 554
554 248 517
248 517 554
1496 1000 1375
1375 1000 1496
1000 1375 1496
938 147 463
463 147 938
147 463 938
1285 950 1412
1412 950 1285
950 1285 1412
342 230 872
230 342 872
872 230 342
684 256 716
716 256 684
256 684 716
1483 436 1229
436 1229 1483
1229 436 1483
927 842 1111
1111 842 927
842 927 1111
984 301 663
301 663 984
663 301 984
409 746 854
746 409 854
854 409 746
1253 916 1365
916 1253 1365
1365 916 1253
270 674 921
674 270 921
921 270 674
480 211 362
362 211 480
211 362 480
1450 1070 1193
1070 1193 1450
1193 1070 1450
882 234 1102
1102 234 882
234 882 1102
449 802 1341
802 449 1341
1341 449 802
1212 226 662
662 226 1212
226 662 1212
852 116 387
387 116 852
116 387 852
148 188 1470
1470 148 188
188 148 1470
1010 1089 1429
1089 1010 1429
1429 1010 1089
452 1406 1473
1473 452 1406
1406 452 1473
9 856 1425
1425 9 856
856 9 1425
329 795 926
795 329 926
926 329 795
529 498 761
761 498 529
498 529 761
1035 41 98
41 98 1035
98 41 1035
40 1133 1351
1351 40 1133
1133 40 1351
193 846 931
846 193 931
931 193 846
1357 191 707
707 191 1357
191 707 1357
1340 451 1008
451 1008 1340
1008 451 1340
615 113 488
113 488 615
488 113 615
769 354 1209
354 769 1209
1209 354 769
1493 1192 1500
1500 1192 1493
1192 1493 1500
1172 670 1218
1218 670 1172
670 1172 1218
493 433 484
433 484 493
484 433 493
201 924 1423
924 201 1423
1423 201 924
970 296 804
804 296 970
296 804 970
735 510 948
510 735 948
948 510 735
1169 933 1349
933 1169 1349
1349 933 1169
390 597 1394
1394 390 597
597 390 1394
1224 58 1234
58 1224 1234
1234 58 1224
472 789 1393
789 472 1393
1393 472 789
416 1034 1153
1153 416 1034
1034 416 1153
142 838 919
838 142 919
919 142 838
1315 1036 1261
1036 1261 1315
1261 1036 1315
1076 1138 1183
1183 1076 1138
1138 1076 1183
553 812 1448
812 553 1448
1448 553 812
656 166 903
903 166 656
166 656 903
971 13 650
13 650 971
650 13 971
939 531 726
531 726 939
726 531 939
763 667 810
810 667 763
667 763 810
1399 742 1120
1120 742 1399
742 1120 1399
878 556 904
556 878 904
904 556 878
36 203 240
240 36 203
203 36 240
1051 877 901
901 877 1051
877 901 1051
559 859 1106
1106 559 859
859 559 1106
46 532 1027
532 46 1027
1027 46 532
1374 1044 1335
1044 1335 1374
1335 1044 1374
132 282 396
396 132 282
282 132 396
787 88 1220
88 787 1220
1220 88 787
1435 100 1461
100 1435 1461
1461 100 1435
1242 60 1084
1084 60 1242
60 1084 1242
216 319 1414
1414 216 319
319 216 1414
407 262 414
414 262 407
262 407 414
1314 1090 1347
1347 1090 1314
1090 1314 1347
1235 386 868
868 386 1235
386 868 1235
1245 62 896
62 896 1245
896 62 1245
134 1 740
740 1 134
1 134 740
889 122 944
122 889 944
944 122 889
1334 1030 1159
1159 1030 1334
1030 1159 1334
295 683 1458
683 295 1458
1458 295 683
109 673 1468
673 109 1468
1468 109 673
249 576 1227
1227 249 576
576 249 1227
1277 108 748
748 108 1277
108 748 1277
70 428 807
428 70 807
807 70 428
747 290 1438
1438 290 747
290 747 1438
1433 981 1001
981 1001 1433
1001 981 1433
96 677 1184
1184 96 677
677 96 1184
762 618 744
618 744 762
744 618 762
1339 619 834
619 834 1339
834 619 1339
1249 1018 1170
1018 1170 1249
1170 1018 1249
257 815 997
815 257 997
997 257 815
293 1305 1427
1305 293 1427
1427 293 1305
195 435 521
435 195 521
521 195 435
607 112 579
579 112 607
112 579 607
1075 758 1107
1107 758 1075
758 1075 1107
884 80 592
592 80 884
80 592 884
1011 242 630
242 630 1011
630 242 1011
714 430 652
430 652 714
652 430 714
228 768 929
768 228 929
929 228 768
835 323 470
470 323 835
323 470 835
1284 492 1436
492 1284 1436
1436 492 1284
1400 146 208
208 146 1400
146 208 1400
586 29 595
595 29 586
29 586 595
899 397 798
397 798 899
798 397 899
979 669 977
669 977 979
977 669 979
902 253 1188
1188 253 902
253 902 1188
537 79 114
114 79 537
79 114 537
620 895 965
965 620 895
895 620 965
462 865 913
865 462 913
913 462 865
343 1098 1171
1171 343 1098
1098 343 1171
627 972 1142
972 627 1142
1142 627 972
383 159 1207
1207 159 383
159 383 1207
866 803 1214
1214 803 866
803 866 1214
135 509 831
831 135 509
509 135 831
1380 168 1097
168 1097 1380
1097 168 1380
1215 399 503
503 399 1215
399 503 1215
1042 794 951
794 951 1042
951 794 1042
1440 152 1368
152 1368 1440
1368 152 1440
545 712 1079
1079 545 712
712 545 1079
653 224 243
243 224 653
224 243 653
479 1240 1311
1311 479 1240
1240 479 1311
115 733 943
943 115 733
733 115 943
1187 771 942
771 942 1187
942 771 1187
543 359 1096
1096 359 543
359 543 1096
513 418 1494
418 513 1494
1494 418 513
741 227 1213
227 741 1213
1213 227 741
1272 281 1416
1416 281 1272
281 1272 1416
851 678 1204
1204 678 851
678 851 1204
466 585 987
585 466 987
987 466 585
1222 671 934
671 934 1222
934 671 1222
791 220 637
220 637 791
637 220 791
1377 382 1039
1039 382 1377
382 1039 1377
751 174 552
174 552 751
552 174 751
1122 541 1336
1336 541 1122
541 1122 1336
499 324 861
861 324 499
324 499 861
239 1049 1395
1395 239 1049
1049 239 1395
244 39 961
39 244 961
961 39 244
1353 668 922
668 922 1353
922 668 1353
749 643 1158
643 749 1158
1158 643 749
1073 694 976
694 976 1073
976 694 1073
1145 876 1472
1472 876 1145
876 1145 1472
992 395 496
496 395 992
395 496 992
103 413 688
688 103 413
413 103 688
1047 698 827
698 827 1047
827 698 1047
564 849 1101
849 564 1101
1101 564 849
313 21 1288
1288 21 313
21 313 1288
287 999 1256
1256 287 999
999 287 1256
848 170 940
940 170 848
170 848 940
925 461 632
461 632 925
632 461 925
701 255 988
988 255 701
255 701 988
260 1005 1469
1469 260 1005
1005 260 1469
577 490 1131
1131 490 577
490 577 1131
17 204 1489
204 17 1489
1489 17 204
557 279 1056
279 557 1056
1056 279 557
1060 372 1345
372 1060 1345
1345 372 1060
602 782 1198
1198 602 782
782 602 1198
850 347 1126
1126 347 850
347 850 1126
1455 555 860
860 555 1455
555 860 1455
885 145 548
145 548 885
548 145 885
547 1105 1267
1267 547 1105
1105 547 1267
42 161 796
796 42 161
161 42 796
447 334 605
334 447 605
605 334 447
1316 704 1230
704 1230 1316
1230 704 1316
140 681 1068
681 140 1068
1068 140 681
1442 225 1116
1116 225 1442
225 1116 1442
773 594 845
594 773 845
845 594 773
1367 565 1492
565 1367 1492
1492 565 1367
1491 600 1480
600 1480 1491
1480 600 1491
1346 1162 1396
1162 1346 1396
1396 1162 1346
844 99 179
99 179 844
179 99 844
158 241 1032
241 158 1032
1032 158 241
1286 504 711
504 711 1286
711 504 1286
1372 24 1152
1152 24 1372
24 1152 1372
708 190 1444
190 708 1444
1444 190 708
1452 43 1254
43 1254 1452
1254 43 1452
422 691 1319
1319 422 691
691 422 1319
897 106 640
640 106 897
106 640 897
384 357 1006
357 384 1006
1006 357 384
1244 816 1151
1151 816 1244
816 1151 1244
724 94 1197
94 724 1197
1197 94 724
825 654 883
654 825 883
883 654 825
536 381 696
696 381 536
381 536 696
61 459 832
459 61 832
832 61 459
231 443 1014
1014 231 443
443 231 1014
894 294 786
786 294 894
294 786 894
1361 325 1134
1134 325 1361
325 1134 1361
90 649 757
757 90 649
649 90 757
64 915 963
963 64 915
915 64 963
1104 371 574
574 371 1104
371 574 1104
1059 11 596
596 11 1059
11 596 1059
437 84 1054
1054 84 437
84 437 1054
489 477 1264
477 489 1264
1264 477 489
175 393 1293
1293 175 393
393 175 1293
857 27 507
507 27 857
27 507 857
1255 138 730
138 730 1255
730 138 1255
165 76 217
76 165 217
217 76 165
1352 958 1217
1217 958 1352
958 1217 1352
1114 1119 1123
1123 1114 1119
1119 1114 1123
410 10 853
10 410 853
853 10 410
591 539 1401
539 591 1401
1401 539 591
119 292 1443
1443 119 292
292 119 1443
481 495 1445
1445 481 495
495 481 1445
1275 501 1390
1390 501 1275
501 1275 1390
1407 440 1127
440 1127 1407
1127 440 1407
1108 516 1117
1117 516 1108
516 1108 1117
198 298 563
298 198 563
563 198 298
828 690 1007
1007 690 828
690 828 1007
1077 277 719
277 719 1077
719 277 1077
617 469 1485
1485 469 617
469 617 1485
764 185 608
185 608 764
608 185 764
1457 765 1057
1057 765 1457
765 1057 1457
780 77 219
219 77 780
77 219 780
167 350 394
394 167 350
350 167 394
1103 604 985
604 985 1103
985 604 1103
429 465 914
465 429 914
914 429 465
801 250 1432
250 801 1432
1432 250 801
1243 259 505
505 259 1243
259 505 1243
634 660 1002
1002 634 660
660 634 1002
475 468 520
520 468 475
468 475 520
1118 38 626
38 626 1118
626 38 1118
960 48 1161
1161 48 960
48 960 1161
651 1052 1378
1052 651 1378
1378 651 1052
957 335 647
647 335 957
335 647 957
30 14 151
151 14 30
14 30 151
888 117 941
941 117 888
117 888 941
78 398 457
398 78 457
457 78 398
1471 59 356
356 59 1471
59 356 1471
1481 89 1327
89 1327 1481
1327 89 1481
695 1232 1459
1232 695 1459
1459 695 1232
952 1100 1258
1258 952 1100
1100 952 1258
20 478 1037
1037 20 478
478 20 1037
508 476 1228
1228 476 508
476 508 1228
824 778 1386
778 824 1386
1386 778 824
1451 573 1128
1128 573 1451
573 1128 1451
1252 263 1091
1091 263 1252
263 1091 1252
160 130 570
130 160 570
570 130 160
434 1155 1392
1155 434 1392
1392 434 1155
222 376 1238
1238 222 376
376 222 1238
1156 245 623
245 623 1156
623 245 1156
1053 2 1484
1484 2 1053
2 1053 1484
980 839 1404
1404 839 980
839 980 1404
840 95 1019
95 840 1019
1019 95 840
644 192 625
192 625 644
625 192 644
736 133 629
133 629 736
629 133 736
581 271 1343
1343 271 581
271 581 1343
743 1130 1428
1130 743 1428
1428 743 1130
549 318 1274
1274 318 549
318 549 1274
920 1354 1434
1434 920 1354
1354 920 1434
1331 352 1246
352 1246 1331
1246 352 1331
544 378 1176
378 544 1176
1176 378 544
67 1251 1465
1465 67 1251
1251 67 1465
871 497 886
886 497 871
497 871 886
908 300 542
542 300 908
300 542 908
18 638 1323
1323 18 638
638 18 1323
519 1289 1420
1289 519 1420
1420 519 1289
1121 86 285
285 86 1121
86 285 1121
1328 320 1029
1029 320 1328
320 1029 1328
1417 717 729
729 717 1417
717 729 1417
317 551 1369
551 317 1369
1369 317 551
1125 209 686
209 686 1125
686 209 1125
1015 406 446
406 446 1015
446 406 1015
1441 870 1055
1055 870 1441
870 1055 1441
880 355 687
687 355 880
355 687 880
303 616 906
616 303 906
906 303 616
1166 81 368
368 81 1166
81 368 1166
718 102 341
102 341 718
341 102 718
1283 538 572
538 572 1283
572 538 1283
1495 401 1136
1136 401 1495
401 1136 1495
1389 989 1269
989 1269 1389
1269 989 1389
403 274 1233
1233 274 403
274 403 1233
139 280 923
923 139 280
280 139 923
137 340 1023
340 137 1023
1023 137 340
236 366 1196
366 236 1196
1196 236 366
1479 788 1095
788 1095 1479
1095 788 1479
969 467 1250
467 969 1250
1250 467 969
129 32 533
533 32 129
32 129 533
454 254 879
254 454 879
879 254 454
75 92 1278
1278 75 92
92 75 1278
806 153 1383
1383 153 806
153 806 1383
1373 1260 1430
1430 1260 1373
1260 1373 1430
1403 797 1363
1363 797 1403
797 1363 1403
738 1329 1337
1337 738 1329
1329 738 1337
426 63 514
63 426 514
514 63 426
1028 1168 1413
1168 1028 1413
1413 1028 1168
346 993 998
993 346 998
998 346 993
321 143 1129
1129 143 321
143 321 1129
252 283 1045
283 252 1045
1045 252 283
994 755 1082
1082 755 994
755 994 1082
841 945 1022
1022 841 945
945 841 1022
1326 374 598
598 374 1326
374 598 1326
237 405 1262
1262 237 405
405 237 1262
